83,71,16
78,33,74
69,55,71
56,55,61
89,94,42
12,48,88
20,48,46
16,56,18
21,66,13
34,90,68
11,60,27
54,42,69
82,11,85
13,96,73
79,56,78
68,85,74
30,88,20
4,40,30
12,72,44
94,55,84
63,45,69
10,6,14
38,61,23
65,93,70
45,48,23
73,94,29
26,10,67
38,19,91
14,7,12
7,25,93
66,79,68
18,46,78
68,22,52
66,13,13
33,82,26
44,19,37
6,89,87
59,12,97
74,56,66
21,34,60
29,22,55
85,82,54
33,73,19
74,92,90
81,5,56
24,82,49
86,7,14
29,64,81
79,22,92
49,1,56
44,9,3
26,93,1
90,37,12
80,89,77
45,19,30
41,7,81
50,90,3
94,55,45
74,17,2
5,85,77
15,72,27
66,59,8
72,6,89
91,73,98
80,45,72
67,93,11
84,90,42
16,83,94
93,92,37
27,95,94
32,63,81
13,93,8
66,97,84
45,18,18
87,92,22
13,67,16
55,12,4
31,95,20
24,54,1
47,79,49
12,82,5
19,71,6
62,71,39
23,19,55
74,86,55
46,21,28
72,42,24
54,45,16
60,17,10
29,25,52
14,29,59
73,1,78
56,41,98
13,82,55
27,22,59
87,91,16
3,8,91
93,62,52
13,59,11
80,64,3
94,78,5
9,89,6
47,63,74
44,29,5
94,36,38
90,23,10
75,43,22
56,2,19
20,89,71
5,91,89
39,55,89
76,83,18
62,82,7
36,94,23
9,23,35
30,91,54
95,61,34
67,19,45
33,64,18
14,31,28
32,65,18
90,23,80
62,67,1
1,14,42
61,14,57
35,90,13
81,7,33
64,49,33
17,44,97
70,74,22
92,10,63
51,33,76
47,78,65
36,78,96
36,34,94
87,67,25
95,88,92
64,74,36
34,83,90
70,64,13
69,85,46
8,34,79
12,46,88
47,44,61
67,24,7
70,98,77
57,74,53
87,50,96
80,60,95
13,39,5
81,37,53
44,67,44
32,12,20
9,13,24
45,24,55
54,82,85
14,96,43
2,78,45
53,1,10
84,5,70
18,78,91
54,93,63
32,36,39
18,96,7
81,97,69
77,92,1
32,96,55
48,18,43
66,17,43
85,30,31
78,54,66
43,32,81
6,58,46
76,25,22
94,87,21
55,31,19
91,8,76
1,39,25
85,62,79
35,62,49
49,7,14
49,13,92
73,12,27
27,69,47
78,50,46
76,44,54
75,44,59
42,50,13
35,53,54
89,11,76
81,26,92
66,78,65
26,88,74
79,46,11
27,46,72
54,79,44
25,51,51
35,14,81
86,89,95
13,14,52
92,81,46
43,12,7
81,80,93
72,20,55
27,54,13
10,77,81
80,62,32
28,58,68
62,24,49
4,70,79
71,96,38
29,34,23
20,32,17
91,10,64
36,15,53
50,47,73
23,75,95
5,98,18
12,93,85
52,44,28
1,37,87
73,9,15
54,20,67
76,98,21
81,65,48
84,25,5
10,24,86
23,75,70
61,10,27
51,7,89
4,22,83
57,93,43
41,44,8
97,6,74
33,8,22
10,88,62
16,49,58
66,45,67
19,23,38
58,16,90
82,42,73
59,30,27
43,25,19
25,65,45
60,23,30
26,67,10
5,55,29
15,33,85
76,53,7
18,41,64
20,34,20
35,7,57
3,52,50
29,53,94
49,60,96
46,47,15
14,36,2
85,10,14
46,21,66
96,21,51
95,9,3
59,95,34
61,17,71
58,1,43
38,4,72
89,97,15
89,67,95
49,29,45
7,62,2
5,1,32
10,89,91
87,33,49
97,9,25
40,1,7
19,42,14
64,74,45
62,29,67
9,47,27
3,35,17
90,33,13
15,92,77
90,82,10
66,21,11
48,80,43
90,17,47
50,38,86
89,30,61
4,71,37
80,47,74
82,3,29
79,31,5
76,40,80
1,38,75
50,64,52
53,40,75
68,40,37
28,87,83
79,27,70
9,51,51
86,39,64
98,19,13
1,9,25
78,42,37
43,49,28
78,17,96
17,75,39
68,90,93
49,63,5
16,37,8
56,98,49
45,58,64
51,43,77
43,68,35
5,75,55
8,15,34
26,92,21
63,62,13
12,18,76
10,78,27
22,34,78
43,51,48
55,56,32
40,50,49
41,34,72
24,22,4
97,80,54
53,9,26
1,25,8
25,65,37
81,46,45
68,97,95
58,52,29
47,96,40
72,32,21
24,60,57
81,56,16
91,90,16
48,37,32
46,1,5
49,18,37
66,71,70
34,76,51
10,79,98
41,79,65
19,63,83
97,83,24
75,95,37
87,52,49
11,69,6
74,81,38
31,14,56
9,78,60
93,25,79
28,73,37
50,8,14
40,11,38
37,9,27
11,1,3
29,72,69
42,91,12
75,28,31
9,89,16
35,90,79
75,7,21
36,6,89
12,91,53
91,78,1
49,38,53
79,77,95
82,56,35
66,84,83
47,62,41
1,57,74
40,88,52
51,80,88
55,47,67
70,67,4
67,36,91
46,95,81
10,37,56
60,21,95
4,84,94
47,20,22
60,87,93
26,46,4
16,30,16
19,62,87
5,42,77
10,5,56
61,27,87
38,36,96
30,30,42
29,66,39
55,23,26
44,52,39
52,36,58
57,53,34
94,7,47
26,97,34
10,11,65
91,27,98
87,34,76
6,20,36
59,90,77
67,15,72
69,9,51
25,84,74
88,37,90
73,98,22
57,18,36
65,12,1
59,74,30
11,70,77
96,41,39
81,23,72
77,1,9
10,88,86
89,62,28
55,12,21
59,65,15
93,3,26
91,73,1
56,79,29
16,91,45
16,34,66
46,98,78
91,25,24
40,26,44
36,37,84
74,68,94
30,41,21
44,43,83
39,54,53
9,51,73
27,23,64
49,68,46
62,25,35
28,93,95
45,41,10
86,42,40
19,44,69
92,16,53
18,40,69
35,64,11
38,91,74
50,97,41
11,85,73
50,88,58
19,6,16
45,48,86
15,9,48
15,69,39
43,88,47
48,51,80
23,25,43
16,11,75
8,54,70
90,48,95
56,59,41
46,55,15
63,14,75
9,96,33
66,73,52
17,71,19
38,7,11
50,95,88
85,14,13
70,44,22
75,80,19
33,21,36
33,73,45
79,82,26
41,74,68
98,57,38
45,61,70
47,92,13
75,62,32
52,29,26
25,20,29
79,60,77
52,11,59
18,13,19
8,9,23
40,31,59
30,7,57
25,88,18
4,14,68
98,62,89
58,76,2
80,2,35
76,40,40
14,23,69
41,69,64
84,52,90
95,37,11
32,1,2
92,25,66
22,55,79
51,5,48
19,15,89
31,36,14
57,92,82
11,32,24
25,60,57
16,58,68
79,77,70
22,75,77
93,15,88
57,33,61
63,37,80
72,82,28
90,11,26
24,69,6
92,14,25
10,38,79
25,37,15
48,65,83
8,41,50
30,64,11
16,21,43
71,81,58
1,60,95
76,8,96
10,25,20
10,63,33
66,91,78
95,1,6
39,90,27
25,5,9
89,14,73
39,63,82
19,58,49
82,47,35
74,35,32
12,63,15
56,38,70
22,16,29
73,2,34
21,44,6
82,4,16
2,82,55
95,10,45
31,71,41
96,28,70
9,85,94
8,28,18
29,31,4
80,69,15
71,59,9
6,28,53
16,4,66
63,74,91
91,80,41
64,44,42
19,30,61
68,83,63
4,57,86
79,65,58
15,48,92
76,58,84
53,20,8
84,94,82
33,24,85
23,58,86
84,44,92
32,93,95
28,54,76
3,79,41
35,51,27
91,89,59
62,97,45
95,47,92
65,71,78
25,18,29
91,30,60
6,35,30
29,4,2
96,1,6
43,86,64
64,72,84
49,4,28
83,44,81
41,8,43
22,9,87
80,65,73
71,1,28
24,35,35
63,29,46
58,1,61
2,54,4
79,74,19
71,49,16
12,80,18
29,81,59
21,70,8
59,63,23
46,13,16
27,31,34
24,57,4
98,53,11
69,42,35
21,64,15
65,64,41
49,23,74
70,65,12
44,62,14
3,65,30
8,75,85
92,42,15
47,90,76
77,12,78
44,7,92
76,69,64
22,6,69
18,66,15
38,74,7
97,63,53
28,70,83
61,91,78
89,6,47
85,26,66
22,53,17
11,72,27
17,82,64
74,45,86
52,28,18
46,87,13
46,94,28
4,47,25
59,50,46
87,52,73
97,18,98
21,87,17
76,98,72
74,4,79
22,50,90
87,46,87
20,27,88
13,66,21
10,50,28
80,6,34
76,61,46
15,81,27
64,31,49
12,41,59
29,98,74
54,84,71
13,81,70
77,73,44
3,79,47
64,60,54
36,47,58
51,85,91
70,69,72
42,63,76
94,39,63
4,88,63
71,75,23
44,42,63
83,33,81
83,16,49
3,55,45
3,59,74
27,76,42
52,97,67
64,55,86
44,48,63
53,7,9
81,17,7
60,5,43
19,21,87
38,95,59
13,85,45
50,18,68
88,65,37
80,91,83
54,74,63
5,58,8
25,14,61
73,26,76
42,52,63
42,20,32
7,45,5
77,7,91
30,10,65
9,34,93
90,29,84
36,87,70
95,10,88
58,8,37
94,61,93
56,39,96
9,26,12
27,76,24
47,69,45
95,69,81
47,85,42
25,35,6
8,15,28
31,76,42
61,38,32
35,70,7
76,54,17
82,48,23
40,85,21
69,66,95
74,89,34
95,56,60
91,58,68
5,27,12
41,1,39
50,33,24
3,83,17
37,42,89
55,62,20
43,39,39
62,65,52
64,7,13
23,42,3
88,31,26
46,2,96
92,78,32
72,47,41
23,72,43
4,24,68
66,47,2
11,88,62
5,57,48
42,38,56
88,51,3
12,34,59
34,26,43
85,59,86
74,3,52
75,53,60
71,19,63
3,51,62
6,23,33
96,9,81
83,51,39
54,91,94
19,74,41
57,1,64
74,22,93
93,18,15
48,59,41
32,96,18
5,27,96
62,1,19
74,7,73
12,27,68
82,77,21
33,97,54
13,38,56
37,5,37
3,87,45
97,31,83
27,40,45
72,29,98
48,44,61
59,71,80
51,88,32
93,37,38
17,59,29
65,67,64
90,17,71
95,56,74
47,16,2
95,72,3
59,94,96
22,14,75
20,8,40
72,74,93
42,77,86
27,14,20
72,91,84
32,55,72
38,33,82
61,22,54
29,96,20
67,5,22
91,36,77
30,78,71
86,73,48
46,49,59
37,94,95
49,4,56
34,27,82
29,74,51
73,88,21
59,21,6
67,54,92
70,48,14
4,92,45
55,91,45
53,93,28
60,94,90
16,84,30
36,98,65
74,82,81
47,88,24
50,44,46
92,2,50
76,15,89
54,18,71
31,64,43
82,62,45
25,88,40
48,49,47
57,9,79
90,24,78
6,94,33
83,30,53
18,74,82
34,89,70
74,97,29
86,94,42
30,68,1
92,50,9
32,89,38
98,90,81
27,86,55
23,41,26
9,53,82
89,53,78
27,61,74
79,77,35
80,71,88
40,38,47
97,81,71
33,87,26
25,52,30
27,6,8
31,84,34
6,68,19
17,69,12
54,44,23
43,4,38
8,67,94
49,21,85
38,51,65
29,54,9
36,71,12
11,62,65
14,39,5
74,46,19
59,48,62
43,63,44
43,35,24
32,43,3
82,40,2
17,50,31
10,24,97
35,95,51
97,52,44
66,25,34
64,69,33
26,50,15
25,90,71
73,94,18
36,85,39
49,93,35
20,51,35
40,12,72
24,87,72
45,41,46
56,3,15
41,98,69
72,84,77
59,68,27
14,9,4
38,24,6
91,8,57
4,52,89
21,64,73
52,83,82
59,65,58
61,5,77
18,95,42
4,75,41
92,76,82
34,1,16
77,47,30
55,95,33
42,25,54
70,78,7
3,4,95
90,2,72
78,36,71
85,69,26
74,5,47
51,31,66
6,24,61
13,20,91
4,7,22
95,16,60
87,95,87
26,34,92
72,43,72
14,29,30
63,4,14
39,6,65
96,27,51
22,49,58
55,53,82
96,55,35
59,88,71
70,41,89
29,93,37
38,41,34
42,10,32
3,93,95
74,1,30
44,1,52
97,98,5
58,97,27
80,49,44
53,93,25
39,64,79
29,33,62
33,82,86
84,28,86
60,4,62
48,27,31
48,73,67
48,10,21
79,55,34
59,45,71
24,93,92
25,71,45
30,81,19
88,60,47
88,82,6
44,97,64
17,95,43
83,6,96
79,48,86
18,82,79
66,46,11
8,57,96
44,27,63
23,89,8
7,76,44
50,53,19
13,76,29
9,50,87
52,24,18
52,41,68
81,64,45
11,84,5
90,34,2
67,24,13
58,71,17
96,98,82
55,92,92
61,67,76
93,20,15
46,22,96
8,30,50
12,86,50
37,84,4
72,22,81
22,82,6
63,82,69
75,45,16
90,6,28
60,7,57
68,42,33
91,22,28
14,5,1
18,47,58
23,3,13
28,23,84
83,8,11
96,39,68
45,39,28
54,66,1
46,11,29
30,58,68
81,18,92
3,53,6
23,35,53
42,82,31
95,60,35
72,92,65
85,60,42
71,36,87
41,58,18
72,8,85
92,53,57
48,72,40
16,85,20
55,5,42
1,7,19
36,3,89
59,11,10
86,9,76
35,61,74
80,85,11
7,57,21
