75,64,23
75,58,36
53,88,32
73,59,53
51,67,82
27,59,63
62,91,23
52,8,19
10,43,40
14,84,1
68,97,5
75,51,29
84,93,95
71,81,21
71,97,44
11,67,32
95,20,17
60,65,95
1,98,27
79,12,85
59,53,11
91,24,5
5,22,5
82,28,27
10,80,13
81,27,26
7,29,22
80,37,47
26,10,40
92,89,87
54,38,19
41,71,9
54,30,53
1,24,75
86,38,71
55,14,96
5,22,42
12,60,6
93,60,41
15,31,83
86,6,77
16,70,41
26,33,25
1,38,39
54,60,92
22,23,37
92,7,9
58,27,64
72,27,69
94,42,39
58,11,70
90,57,6
19,38,96
81,52,46
68,28,72
6,9,65
8,1,86
25,2,37
2,57,6
96,41,12
34,77,81
52,92,56
5,82,2
12,89,51
69,30,77
31,57,1
47,89,27
9,20,22
40,49,67
29,59,39
34,68,96
17,74,1
31,51,40
52,15,27
50,51,73
20,13,77
88,16,34
29,70,92
94,39,42
69,17,79
17,49,9
65,61,64
55,2,75
8,30,23
75,23,91
16,50,33
12,76,23
75,23,81
67,58,16
57,24,28
96,57,97
23,24,26
78,96,70
23,9,28
2,76,76
68,90,66
81,10,66
45,51,74
69,9,2
15,72,30
95,68,66
65,3,28
52,11,68
29,64,97
26,77,32
60,26,43
36,11,36
77,94,37
28,71,48
96,9,71
62,69,65
92,42,82
8,51,71
79,18,11
19,32,16
66,6,88
35,22,44
14,84,23
23,72,3
39,92,52
21,73,77
39,33,55
57,92,7
84,95,9
55,31,1
24,86,36
68,68,25
31,78,49
48,75,50
27,24,94
85,56,28
63,60,51
29,81,61
1,66,52
60,43,36
73,95,43
38,6,2
75,5,86
88,51,56
65,77,21
26,83,30
10,15,36
79,41,88
82,32,4
25,47,55
6,50,97
93,44,52
81,56,70
79,51,90
56,22,70
66,6,96
84,46,30
39,88,74
46,44,90
35,75,52
37,83,85
28,75,51
40,59,83
19,65,33
84,63,20
6,60,8
5,53,95
55,64,54
37,79,77
60,31,15
4,3,42
73,97,42
89,13,63
97,29,84
86,60,95
82,33,86
62,33,59
49,11,83
96,96,90
98,4,1
94,50,51
26,70,96
30,79,68
17,50,73
58,21,38
45,21,73
55,50,96
64,57,60
68,45,11
73,97,43
97,48,19
82,41,53
36,90,58
91,76,13
50,87,35
58,77,63
6,4,57
60,20,84
75,89,24
56,2,43
91,3,45
28,42,68
67,18,22
28,60,45
39,4,36
9,39,49
47,68,24
16,3,5
57,21,93
23,21,50
17,68,12
63,90,82
49,66,92
95,89,38
38,83,77
74,47,27
58,64,42
7,54,30
2,70,17
64,97,42
3,97,56
74,57,19
66,93,19
2,8,79
50,69,94
78,78,9
78,1,53
61,20,91
32,24,22
53,73,73
60,98,18
81,27,87
43,89,93
50,72,3
22,7,51
82,12,64
70,15,76
13,23,63
45,65,7
22,83,95
65,81,24
98,50,33
6,49,50
73,17,84
1,28,91
79,95,67
34,79,20
19,75,28
67,44,37
35,95,18
36,50,60
76,85,87
54,60,80
62,67,25
70,49,33
95,81,16
96,11,56
28,68,38
89,64,74
31,46,29
52,23,81
21,63,42
38,82,64
90,55,62
67,95,21
88,79,66
34,46,91
50,40,86
22,36,22
76,39,53
24,14,96
48,86,42
80,49,4
43,24,87
22,44,45
86,3,23
98,53,86
13,90,86
24,58,62
2,74,64
35,60,5
57,16,13
81,74,8
56,40,45
80,60,29
74,64,80
2,9,56
67,71,17
59,59,16
39,4,30
24,22,52
87,91,1
34,4,15
87,94,89
93,18,74
97,22,9
5,70,97
68,72,15
88,91,65
47,86,54
23,86,33
39,45,85
69,81,95
68,44,79
79,88,85
59,59,68
54,23,78
19,4,51
8,37,90
33,50,6
30,78,93
67,59,29
89,44,13
59,89,63
98,54,38
37,8,40
25,86,86
97,78,81
2,44,70
69,63,54
94,73,42
65,34,47
78,49,66
14,57,29
10,27,14
94,23,55
53,66,88
72,31,69
72,15,48
81,38,24
44,66,92
11,82,67
92,45,4
62,13,70
48,74,11
81,74,7
49,59,29
42,66,2
28,79,33
5,32,31
51,13,74
3,59,83
30,35,75
18,85,86
81,57,33
83,24,72
57,5,90
52,15,53
71,26,96
17,22,66
49,67,7
28,48,7
87,93,83
46,95,44
88,47,91
73,10,63
31,24,9
22,44,46
14,58,98
29,96,17
13,27,52
42,86,77
34,61,74
13,19,71
51,53,91
77,36,16
16,66,28
75,12,66
65,95,20
58,45,55
65,27,7
65,84,33
46,80,4
83,20,59
38,62,53
3,30,22
7,7,52
83,47,54
18,21,19
32,38,78
24,69,92
97,63,17
10,95,67
74,92,60
56,22,51
50,75,81
60,26,91
29,61,86
38,98,75
17,45,66
23,25,65
68,69,31
54,29,18
25,36,48
31,30,95
31,87,38
75,15,63
75,70,20
46,73,79
67,34,58
93,88,71
56,76,68
66,33,51
41,14,29
72,96,17
15,63,83
22,33,79
93,63,15
95,45,7
15,29,23
69,29,48
72,29,92
88,93,75
59,17,69
21,25,35
48,50,77
76,55,95
97,26,7
37,92,89
41,42,74
86,95,9
14,61,82
28,18,11
75,87,31
4,6,50
36,74,31
97,11,31
50,85,62
72,75,27
57,71,42
82,14,34
75,16,22
55,7,34
64,77,69
49,71,29
82,94,91
26,8,84
89,44,59
83,13,13
5,49,65
12,11,20
54,67,73
80,64,79
23,8,79
20,23,4
33,41,48
42,49,89
47,37,92
91,45,8
73,93,46
8,52,98
30,81,27
51,24,72
20,83,13
59,77,40
53,94,66
27,29,90
20,14,58
39,85,2
38,62,69
50,58,64
39,40,71
18,10,79
44,58,3
50,74,15
59,55,71
69,38,82
63,23,23
30,69,42
24,44,39
81,40,65
35,17,16
35,38,77
84,97,21
74,52,49
50,71,5
10,21,97
94,60,18
53,85,83
73,52,61
63,31,32
76,72,36
60,66,64
81,83,91
77,23,48
25,96,58
94,72,67
95,11,61
16,5,43
91,1,7
4,64,44
96,51,19
31,35,47
1,28,92
49,87,21
94,12,60
72,76,16
31,78,24
47,89,53
61,52,79
80,91,10
65,44,26
50,14,16
72,20,82
13,82,11
57,2,34
59,49,55
23,60,19
71,58,59
65,74,4
60,40,66
89,26,46
82,70,71
20,17,7
26,19,42
88,52,49
46,22,12
10,2,18
9,83,78
87,78,62
40,19,14
66,58,81
98,5,4
77,51,88
33,56,27
22,88,34
7,67,96
22,25,45
41,35,1
54,20,34
20,42,75
35,67,8
42,30,53
12,75,50
89,74,84
33,69,39
68,82,64
16,81,10
72,4,54
92,3,65
71,65,95
75,24,78
12,31,52
17,38,95
77,41,76
17,88,31
54,84,11
22,27,98
8,75,55
94,56,92
90,7,55
28,42,95
82,64,7
63,2,70
52,3,54
12,96,89
19,44,47
51,79,88
53,40,56
63,82,12
71,18,85
17,28,80
41,90,38
2,43,52
69,86,3
53,92,76
38,97,19
24,96,14
71,42,40
26,53,80
22,52,88
62,37,74
88,48,72
58,13,29
27,23,19
83,92,81
81,86,13
23,82,36
19,33,30
97,34,46
60,56,54
71,69,75
56,75,82
96,12,35
37,49,35
76,69,11
90,6,66
98,61,42
28,10,57
30,97,93
61,13,39
91,61,20
81,80,36
57,80,72
25,86,27
15,24,71
6,1,77
55,63,60
31,39,20
32,64,13
43,65,51
5,72,71
13,35,83
65,68,75
89,47,29
82,37,55
1,51,7
81,57,98
49,3,88
85,4,11
86,9,42
60,83,8
59,77,64
85,61,64
55,23,10
30,98,19
1,87,19
80,95,24
20,60,1
32,76,25
24,66,16
70,97,82
91,9,5
59,40,8
34,14,46
60,54,67
93,16,65
55,98,79
28,42,20
27,68,53
76,14,77
5,12,27
58,40,25
65,62,83
50,20,45
86,37,82
73,54,90
51,13,12
84,70,55
33,10,17
63,21,15
57,69,48
98,66,79
85,74,32
19,89,5
59,39,12
49,98,14
42,43,41
36,3,45
12,34,85
71,14,14
73,89,27
97,44,13
98,30,77
65,34,31
50,6,53
83,29,21
30,65,27
33,28,20
57,19,31
41,58,1
30,34,83
51,59,32
20,33,77
61,42,10
24,15,87
45,32,37
69,5,73
33,1,2
5,90,77
43,16,63
21,37,41
16,52,66
61,59,68
40,86,61
65,86,30
4,98,26
80,38,50
44,92,21
57,89,52
65,9,82
60,70,87
76,65,83
38,36,70
45,98,64
90,28,35
18,42,20
78,85,29
82,42,13
26,73,38
72,39,51
56,34,8
31,33,77
64,78,83
84,10,16
75,78,69
89,36,37
89,50,11
48,61,47
73,79,20
54,20,45
8,27,10
86,85,53
19,30,62
11,37,67
20,88,85
24,27,65
2,31,45
28,77,16
62,27,29
86,73,75
65,48,81
47,2,58
8,52,64
33,87,15
76,67,52
12,56,10
98,87,72
69,97,92
73,60,26
2,6,23
36,42,86
11,34,37
17,35,60
4,60,44
49,31,82
77,49,7
43,17,58
6,83,84
53,7,51
92,59,65
54,55,44
15,13,67
3,12,91
84,50,90
93,80,36
98,26,4
57,54,1
87,1,56
31,72,18
39,18,42
27,74,77
50,12,30
12,66,52
65,19,4
69,96,72
55,71,49
43,81,47
57,82,11
79,76,57
18,14,37
87,78,29
6,24,11
17,87,30
33,21,50
29,62,52
32,90,7
86,28,57
43,69,33
20,21,43
23,2,59
12,4,1
34,15,50
73,53,4
33,4,48
74,26,49
18,30,74
95,3,62
16,34,40
84,76,29
63,88,53
88,65,15
86,23,67
86,43,27
80,79,8
24,25,61
38,69,48
21,30,61
47,54,16
96,80,7
38,88,81
14,17,16
11,10,57
42,31,47
92,33,75
29,94,58
31,27,27
61,49,28
26,23,47
92,75,61
62,61,51
64,29,24
65,92,36
6,44,76
8,20,3
81,21,40
53,51,24
84,62,43
87,19,64
45,40,39
64,49,49
77,7,97
52,60,32
58,64,22
21,35,21
4,69,31
34,93,16
33,90,87
80,54,46
27,65,6
46,86,60
49,24,16
80,21,57
97,60,66
52,79,60
37,8,16
23,68,53
60,7,67
85,34,29
93,96,68
67,46,31
53,39,47
52,69,49
21,66,15
65,66,79
24,41,28
65,86,29
97,31,10
36,5,76
66,6,26
24,25,70
21,64,46
88,22,51
63,50,66
36,33,28
28,68,4
2,88,49
4,84,16
80,88,71
25,33,63
42,45,79
81,1,78
39,33,60
27,78,23
45,94,90
29,87,1
39,69,71
45,59,54
88,62,69
47,60,30
96,45,24
48,88,55
97,83,90
38,7,16
93,31,83
31,97,1
37,26,15
56,23,30
78,88,44
46,47,38
23,77,20
38,79,65
97,2,16
41,51,89
57,2,1
94,76,19
25,41,76
41,33,37
36,75,34
18,98,8
76,18,72
12,37,97
89,70,79
1,17,79
47,60,11
23,7,54
41,61,84
5,58,32
87,79,38
2,2,70
86,30,41
20,64,91
29,25,11
90,95,93
94,39,85
91,35,58
23,94,48
2,6,33
6,61,20
48,23,30
10,25,53
87,1,69
89,91,68
2,55,78
13,93,87
51,50,62
92,84,64
52,84,74
80,79,44
4,43,87
89,51,17
20,15,66
13,98,95
34,77,20
73,86,86
4,29,15
64,74,53
63,19,61
50,33,10
65,11,67
96,44,35
81,93,23
89,97,51
30,29,30
69,86,55
26,49,35
28,10,40
46,17,11
19,36,16
98,72,45
3,87,42
2,17,75
84,59,39
23,10,30
91,42,46
5,43,76
80,5,10
68,79,40
17,85,58
56,61,3
95,23,35
42,50,29
43,72,15
61,18,31
75,67,44
47,74,73
94,6,94
57,75,81
17,41,13
72,63,9
56,24,59
55,52,51
8,48,61
97,16,15
11,59,92
62,19,37
33,17,66
84,42,48
27,47,96
87,70,56
7,35,77
67,3,69
34,89,27
56,23,27
83,94,66
73,30,47
4,24,27
6,22,17
10,72,47
66,74,70
43,56,44
29,12,2
55,48,28
74,38,12
59,70,84
82,62,82
96,83,63
41,67,70
37,59,39
62,2,88
21,87,84
84,7,32
42,77,30
54,45,37
5,25,36
52,6,11
28,77,20
80,63,39
91,92,37
65,42,98
68,38,94
16,24,89
49,94,32
50,97,26
16,57,45
58,76,57
89,25,57
16,13,52
70,37,21
36,81,96
17,68,96
6,58,44
19,62,16
69,42,23
29,16,74
82,75,26
23,77,25
12,84,72
16,50,58
88,80,1
92,48,73
51,18,2
15,97,51
95,21,4
41,42,90
