44,65,86
78,46,73
45,30,55
27,51,37
91,83,87
2,94,64
19,92,37
38,42,90
77,83,32
96,20,83
37,94,69
85,72,94
16,6,9
87,92,43
28,55,85
69,76,30
19,4,57
59,97,32
77,37,66
69,51,74
35,81,47
66,17,20
23,17,25
47,26,40
96,7,12
98,12,16
56,46,23
51,36,44
50,97,42
26,31,18
10,25,47
35,91,33
83,34,1
15,19,12
80,81,9
24,74,30
22,83,48
46,85,93
52,84,98
86,82,68
89,72,1
35,9,52
69,64,98
37,35,45
16,70,86
23,78,95
56,39,90
39,52,20
2,59,5
97,29,58
37,84,31
39,2,70
54,90,10
17,66,80
34,72,14
90,94,5
33,76,68
31,66,49
84,41,59
35,96,65
1,20,84
20,69,32
6,3,14
10,86,28
50,53,22
34,25,87
21,18,40
2,73,53
26,38,96
36,39,42
65,43,76
32,56,2
2,25,27
98,71,5
31,16,66
12,75,47
35,64,86
12,6,52
26,18,82
12,68,8
79,58,13
77,68,73
38,60,62
91,7,91
39,11,74
14,59,69
6,29,27
16,57,48
36,72,87
82,72,40
36,9,92
65,88,80
29,94,1
25,18,1
17,27,66
35,98,49
1,44,26
28,73,12
29,85,2
8,26,9
70,55,50
58,25,14
16,62,53
56,8,9
78,44,24
66,6,89
31,40,27
90,7,3
76,76,45
63,10,44
4,11,22
95,8,26
21,51,72
89,63,88
62,74,9
9,66,91
11,12,88
87,50,23
69,7,36
47,85,33
61,92,67
42,98,79
16,1,11
98,50,21
9,26,39
13,40,84
37,14,95
14,44,44
77,65,43
28,1,22
39,19,47
15,13,81
68,93,77
80,96,33
55,62,52
53,73,1
14,8,95
21,62,45
19,66,32
42,57,75
28,9,30
94,4,55
33,64,81
64,55,78
86,88,86
89,48,48
32,59,4
87,25,30
9,28,29
48,75,70
59,69,19
5,18,21
37,48,89
13,41,76
95,60,16
43,31,89
12,90,18
16,59,33
76,43,59
39,19,93
89,96,54
73,87,6
98,43,88
80,3,93
57,83,20
80,18,83
70,60,10
98,61,96
72,91,28
69,68,86
22,26,75
37,33,51
53,16,75
53,42,46
1,18,5
24,2,52
77,54,79
16,70,43
82,49,56
39,43,79
37,66,97
85,25,53
82,35,71
46,17,39
61,38,77
23,62,71
97,69,91
45,11,49
26,80,32
20,38,50
62,47,32
72,46,41
75,24,75
23,89,15
31,12,42
58,77,32
46,67,6
10,97,73
71,67,34
17,77,88
47,69,36
86,25,44
77,78,38
34,48,10
75,71,81
50,15,26
28,89,96
64,52,36
32,85,85
31,44,61
53,50,78
38,91,19
52,98,83
5,39,6
28,58,95
16,44,24
65,34,80
38,47,50
69,70,83
67,69,19
52,87,21
49,53,3
27,29,2
52,25,51
51,64,74
19,81,18
13,19,23
4,87,87
51,26,38
18,37,40
30,2,92
17,28,11
81,11,40
88,55,47
47,90,92
7,22,82
79,10,84
65,30,72
84,35,84
72,12,19
77,26,82
88,92,6
19,19,38
48,53,82
86,66,29
32,57,69
94,7,79
53,55,67
51,67,65
15,42,71
33,48,54
41,19,3
92,43,70
2,93,78
59,53,41
13,88,1
2,86,49
46,11,9
37,16,71
79,74,61
33,25,53
15,23,69
36,94,2
35,53,42
60,79,4
80,88,58
17,97,96
45,50,50
94,10,65
59,19,12
23,26,11
79,97,21
49,15,34
69,53,57
29,50,82
17,94,55
36,98,1
8,65,95
12,93,21
66,51,48
80,41,8
97,92,64
24,45,23
45,39,32
70,2,77
52,91,30
78,82,19
79,6,98
78,98,32
31,86,34
28,81,55
98,29,73
56,64,4
15,66,56
77,45,85
73,17,47
73,93,82
92,50,48
38,67,12
27,69,53
30,23,11
10,6,42
58,20,83
12,60,10
31,84,31
78,29,28
45,36,35
98,24,81
59,82,36
37,92,14
31,7,59
73,30,10
66,78,39
36,30,81
76,13,69
23,33,44
96,36,42
69,60,43
45,37,18
13,61,62
51,8,47
25,95,10
89,23,49
18,10,22
54,20,94
6,34,94
38,62,78
26,25,34
31,14,48
81,63,20
65,62,52
53,53,21
23,41,91
43,24,80
75,82,75
50,10,76
45,47,51
16,34,34
12,29,85
45,59,81
3,92,25
41,96,6
59,48,43
30,91,9
71,9,76
86,90,19
34,26,59
85,41,52
66,13,98
80,29,45
98,17,78
40,74,76
98,80,83
56,72,48
15,89,11
29,94,66
97,4,68
83,61,59
23,82,63
45,64,63
80,70,8
56,23,25
76,49,87
19,60,59
6,70,49
9,73,68
67,16,32
21,2,5
5,76,86
74,41,21
78,25,4
4,24,70
89,94,59
70,44,25
75,2,61
52,40,57
74,42,33
11,64,68
40,60,52
17,81,9
64,65,47
54,43,7
76,19,2
94,4,94
36,51,26
13,25,63
37,24,56
17,77,78
17,66,70
10,60,26
93,3,32
59,27,44
90,93,82
72,19,63
32,68,43
91,52,84
54,52,35
69,97,55
6,19,42
40,51,12
82,60,47
22,69,14
66,2,78
68,33,49
61,10,35
28,12,68
77,80,54
86,12,13
30,2,46
44,9,16
65,14,3
87,69,91
13,8,34
11,14,15
63,66,80
92,17,63
93,65,61
83,5,38
16,66,8
7,67,63
56,89,43
30,78,57
50,28,75
98,91,85
70,40,78
75,52,73
23,66,39
47,63,53
3,85,95
71,40,28
60,22,25
94,10,75
2,64,81
34,61,68
97,65,7
85,65,22
57,2,68
44,68,25
95,47,39
8,37,84
17,29,9
34,12,76
96,88,16
40,63,59
66,48,39
24,28,55
41,69,39
53,78,38
89,29,72
87,1,91
88,4,37
17,22,8
3,50,81
20,85,44
86,77,84
97,96,81
32,57,8
52,40,64
24,92,80
8,61,7
98,87,35
70,96,14
8,8,57
1,84,80
1,32,94
58,41,49
88,54,33
91,72,84
16,79,35
10,53,68
24,47,32
91,62,50
89,97,4
79,16,61
16,10,41
2,41,6
72,33,91
34,91,78
97,82,74
82,55,83
9,1,57
30,88,9
48,64,9
50,68,76
35,73,94
96,7,86
83,12,35
7,90,44
95,16,58
97,49,52
62,36,13
73,30,50
98,56,26
42,89,17
34,26,86
96,80,47
22,76,59
27,83,60
92,18,88
23,66,94
67,13,33
62,10,88
16,95,97
98,20,8
35,58,17
47,71,73
12,66,50
19,37,95
87,51,90
45,41,67
23,22,61
52,93,90
45,69,69
90,56,41
82,50,88
36,17,85
55,95,13
14,36,15
86,86,37
68,86,50
87,85,67
80,77,78
43,18,13
14,17,61
17,78,71
60,46,47
33,90,60
40,4,84
92,86,40
80,58,68
72,10,38
85,97,27
37,64,67
61,9,33
42,51,50
74,62,7
7,38,1
11,19,73
23,4,53
26,71,69
9,72,51
39,2,35
54,60,32
19,43,36
13,32,94
66,9,27
85,58,62
79,85,18
25,93,86
15,81,81
58,74,92
47,94,13
34,47,86
11,48,51
48,81,17
70,79,66
42,1,15
95,7,72
28,67,36
33,13,30
35,24,59
51,95,14
25,15,63
65,53,78
40,23,11
51,60,29
46,53,95
96,67,71
88,48,41
37,59,96
40,93,50
73,45,37
17,84,29
36,54,78
29,90,62
16,50,20
16,66,25
73,72,51
5,22,86
49,12,82
35,40,19
39,75,8
89,74,23
10,80,59
49,62,1
17,88,61
49,33,88
4,34,25
19,17,23
59,46,15
19,78,78
62,85,7
27,49,17
90,51,82
12,65,47
75,90,20
76,11,33
87,24,55
24,22,86
76,38,87
27,70,73
62,36,63
49,3,73
88,75,8
41,43,3
50,12,47
38,1,42
27,73,24
45,11,77
60,14,86
81,36,86
24,78,88
57,96,71
80,84,13
53,27,73
54,51,27
9,26,35
74,72,85
86,68,35
27,87,57
2,81,94
21,87,29
55,70,53
28,29,83
69,42,66
58,18,81
28,59,38
86,12,81
94,72,4
39,45,3
54,57,60
42,76,13
46,55,98
77,61,13
56,70,1
6,30,38
84,91,8
52,24,78
55,32,34
85,9,55
88,39,34
84,91,26
4,71,42
87,1,17
24,2,13
72,12,39
52,60,76
88,11,75
20,96,50
52,61,88
54,38,25
19,1,33
37,19,48
32,47,49
43,66,34
11,87,10
93,51,45
83,16,80
87,7,57
56,21,18
31,85,24
25,38,47
61,78,71
35,20,40
27,67,62
60,80,58
20,68,34
57,12,22
47,67,83
94,70,34
96,74,47
95,19,50
53,67,63
50,1,3
85,45,25
27,1,98
69,23,22
23,84,15
40,10,19
73,87,69
4,16,15
14,47,68
14,81,50
84,4,13
40,95,14
86,65,41
35,78,43
96,90,98
1,75,8
46,36,49
50,39,6
79,94,18
44,97,74
17,13,40
27,95,46
78,85,16
20,12,88
8,39,50
89,9,40
33,18,55
24,3,61
92,57,13
21,14,68
69,37,45
51,11,81
40,1,19
23,98,39
38,20,93
71,75,37
59,96,39
18,54,59
66,74,39
72,94,88
71,20,74
85,73,43
58,85,78
25,42,5
57,81,43
85,1,63
86,11,33
56,89,19
68,73,71
83,3,73
40,39,15
63,87,83
56,46,82
57,52,50
80,41,87
8,31,36
68,91,58
81,77,94
3,62,11
16,7,37
40,81,57
36,67,13
28,70,73
63,49,82
49,38,18
23,53,54
96,61,53
3,53,15
6,18,22
79,41,82
75,57,25
60,85,48
9,35,59
28,73,43
8,38,87
31,91,52
2,54,51
25,42,12
60,77,75
55,30,58
47,19,21
5,19,1
45,75,3
26,39,23
38,44,71
19,72,9
16,95,12
59,72,19
37,60,23
77,27,42
7,83,23
81,2,12
33,40,79
85,8,54
45,2,12
55,70,2
20,66,52
76,17,78
89,10,65
62,48,91
31,78,63
1,68,30
87,17,55
4,37,25
40,37,11
90,95,55
9,59,93
17,58,91
92,66,74
13,68,1
74,87,53
64,12,91
10,10,17
52,40,39
79,26,59
82,20,91
82,39,83
87,82,58
96,73,37
97,81,45
14,89,86
5,11,72
51,13,47
26,69,67
7,40,59
64,57,54
83,34,83
75,28,10
95,34,57
7,58,81
95,28,50
73,26,45
24,42,58
77,45,26
93,91,46
75,38,65
96,59,81
56,37,62
52,38,81
67,86,55
67,39,98
98,2,49
15,68,73
43,83,80
16,91,88
49,64,81
50,1,77
25,95,31
50,78,5
5,78,88
39,90,86
78,48,96
70,51,34
32,21,58
76,58,71
23,98,57
48,15,75
13,23,64
38,73,35
92,41,87
92,91,49
77,85,53
35,73,7
55,92,40
77,20,57
3,73,85
85,12,34
32,1,10
84,1,86
61,19,55
73,43,18
49,36,68
68,16,41
7,71,82
10,87,47
9,63,23
16,85,11
13,83,51
18,80,80
38,62,68
12,36,19
6,20,89
22,54,37
34,26,64
50,36,61
21,38,38
18,46,20
83,12,56
84,17,89
97,31,64
71,7,33
38,27,41
12,69,62
53,38,69
77,22,58
12,43,60
27,12,60
50,67,15
37,31,17
17,84,36
81,47,68
84,35,69
61,49,48
55,19,89
27,21,40
96,67,50
91,83,72
34,17,63
73,28,2
37,47,88
79,14,33
52,98,21
81,23,13
64,55,63
63,94,82
83,63,25
24,91,98
11,29,50
17,32,77
91,34,97
19,35,68
25,38,47
19,57,81
29,41,14
27,89,82
34,90,57
98,79,22
83,81,20
9,24,75
26,13,70
68,93,38
94,55,97
55,70,14
43,78,61
95,90,72
55,18,75
37,11,29
34,77,98
63,17,32
3,15,88
84,11,18
95,30,22
31,84,60
67,8,83
71,39,98
46,45,53
86,72,77
56,83,91
23,76,42
71,4,28
1,87,72
41,17,98
45,31,36
37,31,82
94,63,64
68,96,78
76,49,35
6,81,41
48,37,80
65,1,32
9,28,51
8,1,59
44,69,50
90,22,83
84,57,95
90,30,28
67,66,61
37,43,31
34,15,98
86,16,3
98,66,1
94,61,95
68,69,10
25,87,23
53,54,40
24,71,1
50,52,90
95,84,46
94,67,30
69,13,2
16,32,5
50,52,45
83,36,40
10,8,78
38,47,93
36,66,79
89,75,80
15,27,10
90,57,58
44,96,67
15,83,57
68,4,15
60,40,34
14,6,11
19,40,79
29,50,98
57,90,9
80,5,94
7,15,98
62,68,30
39,52,89
30,88,21
13,71,71
3,94,6
43,84,52
64,64,80
94,45,21
31,79,24
6,93,36
65,96,54
19,43,86
10,71,10
93,17,27
77,75,54
27,86,30
32,3,21
97,92,4
81,20,30
3,68,15
94,40,72
30,21,87
12,20,98
64,55,64
24,20,87
16,12,57
20,96,75
27,26,56
