43,80,49
87,82,52
12,58,14
52,35,19
10,28,44
40,32,51
6,20,26
2,96,77
47,24,43
1,57,50
15,89,35
11,9,63
44,87,36
74,30,41
3,34,91
15,15,65
62,46,90
62,23,22
19,6,74
33,82,30
45,31,58
73,42,93
54,26,27
19,11,7
57,10,56
70,25,4
40,55,28
2,9,43
92,81,81
39,93,8
63,36,15
4,3,85
1,88,37
83,80,78
66,8,58
21,20,87
55,62,37
85,31,40
95,7,80
43,76,13
90,79,45
25,24,17
27,10,85
18,73,58
41,94,42
22,49,6
49,19,23
98,17,65
87,9,86
88,31,26
10,90,17
20,57,77
72,41,50
43,59,42
26,24,27
92,83,64
83,17,94
43,60,49
53,72,11
61,72,89
89,30,77
13,24,91
11,83,16
46,48,72
88,82,28
5,54,30
68,60,4
53,38,92
96,46,23
59,1,85
44,44,82
96,87,43
1,74,27
96,66,73
98,40,91
53,83,73
40,35,1
33,81,72
34,23,46
62,65,56
52,7,82
5,10,4
32,93,51
2,74,9
79,93,77
36,81,39
67,51,71
82,30,46
56,50,9
24,34,5
8,80,46
75,24,98
85,31,41
31,74,17
81,28,13
76,20,82
21,64,37
73,65,27
82,59,32
5,36,20
40,86,19
82,62,1
9,64,39
58,19,95
2,21,82
37,65,67
73,95,54
53,77,13
2,19,98
19,10,43
15,34,89
84,94,87
51,72,30
34,32,16
45,45,64
68,75,8
30,82,26
74,98,82
49,45,96
47,89,49
7,96,8
16,69,91
54,62,92
74,3,39
14,92,97
51,81,91
71,36,54
1,94,44
30,7,32
73,87,22
63,66,78
10,63,50
37,50,57
47,68,73
82,73,81
74,27,4
76,10,6
58,25,48
76,74,68
48,37,76
97,39,32
68,2,30
78,34,41
65,52,92
60,19,69
13,23,97
91,67,1
71,78,85
53,41,91
18,41,7
78,49,14
47,67,20
8,18,13
60,29,18
66,2,3
30,63,34
92,14,58
46,21,42
30,63,50
13,1,46
83,40,29
35,86,47
89,37,9
42,20,3
29,15,67
54,70,53
79,72,52
16,95,26
87,95,73
26,26,22
18,79,87
97,71,86
20,65,57
93,38,71
86,89,63
58,66,37
44,24,3
17,89,78
55,39,94
51,25,94
97,59,53
20,88,73
58,48,26
94,63,23
10,22,45
11,68,22
45,93,70
82,75,68
24,46,37
40,14,13
46,14,44
97,56,70
19,86,24
57,71,61
69,68,34
31,17,5
26,51,6
85,51,46
42,42,39
79,11,38
51,81,50
64,48,85
64,98,82
36,58,51
25,2,96
34,28,81
93,37,90
50,81,36
53,23,30
2,77,87
97,34,84
34,2,20
45,58,94
14,95,40
11,76,55
76,39,92
21,88,72
44,62,58
98,96,75
32,43,89
89,76,49
45,68,93
5,65,28
36,38,78
61,1,37
88,15,15
22,43,51
95,64,6
28,88,59
26,47,13
47,70,43
8,6,29
96,58,81
31,80,48
11,61,23
89,20,16
69,87,95
5,15,90
61,61,85
93,35,23
90,41,34
16,88,21
27,58,67
36,40,18
35,73,93
57,43,17
21,68,45
21,45,21
3,44,85
79,79,7
69,86,84
84,44,1
59,90,7
93,68,62
33,97,28
42,19,14
31,37,8
16,86,92
29,54,24
6,69,35
37,55,91
53,6,98
1,97,78
37,52,71
14,72,81
62,81,56
62,30,6
41,14,23
37,50,17
74,45,16
54,79,72
68,17,45
23,63,75
27,55,41
60,45,7
24,52,39
52,77,2
34,11,38
22,71,10
33,92,34
65,50,96
49,12,9
39,13,32
3,84,95
60,97,74
96,27,58
12,47,81
36,75,89
33,24,5
94,49,67
95,39,20
73,77,24
28,97,25
51,82,93
98,44,65
21,37,96
13,92,83
78,28,80
10,86,58
68,56,9
13,33,82
17,8,74
96,40,77
34,25,90
42,51,15
54,62,66
60,92,31
89,72,40
33,36,80
31,19,61
88,96,83
92,91,21
36,53,51
13,45,41
20,56,57
17,58,65
95,37,91
61,34,65
82,27,10
23,63,55
64,22,68
89,21,92
45,70,77
39,52,2
22,85,83
74,20,51
97,48,17
1,78,21
16,56,31
41,57,51
28,71,2
84,75,57
67,95,5
57,13,43
41,71,14
43,40,39
48,10,32
87,17,11
62,87,52
96,27,75
94,97,59
77,15,37
82,26,15
23,13,22
40,49,88
68,71,46
43,3,32
44,28,70
55,44,44
74,92,26
41,66,25
68,55,12
24,10,77
86,20,91
2,58,75
8,41,10
58,81,62
14,25,25
86,19,18
61,60,50
27,50,45
22,44,13
71,61,6
93,31,10
26,64,77
78,13,76
67,21,18
3,9,67
96,51,84
24,48,10
74,24,86
5,91,93
25,69,43
50,64,60
18,68,76
28,18,74
1,76,76
43,11,38
58,36,32
70,70,32
76,24,41
55,38,34
25,81,6
19,74,28
67,41,20
88,28,13
21,1,75
17,34,6
90,60,60
17,11,74
35,60,62
14,4,25
22,56,93
21,38,36
26,66,70
9,82,6
35,4,15
10,82,20
65,85,76
35,27,55
16,31,17
80,11,55
76,39,49
18,31,87
59,82,49
98,20,46
7,55,39
39,65,33
26,15,44
84,81,28
46,57,54
4,4,36
57,23,25
28,84,12
7,21,68
86,68,37
76,43,35
67,68,91
51,21,28
95,24,91
34,29,84
49,16,91
65,76,4
51,43,34
24,1,77
34,75,7
22,74,97
25,68,54
62,9,96
27,30,68
89,41,47
73,41,22
58,62,53
42,44,7
79,74,66
49,43,98
67,97,26
32,18,47
33,75,91
35,24,81
77,68,2
2,24,57
90,13,93
2,66,83
35,39,32
59,6,8
93,87,28
15,70,11
2,70,92
64,3,28
23,82,20
85,67,92
3,2,65
34,5,19
6,1,97
29,56,77
44,90,69
53,30,82
48,88,41
64,45,75
32,87,69
49,28,5
38,38,30
13,87,8
23,4,94
4,82,96
89,39,75
14,36,15
35,75,5
48,52,12
35,43,62
83,74,85
2,33,46
56,25,81
61,80,78
28,20,95
38,12,43
18,35,4
18,67,76
53,12,57
93,72,13
30,47,75
50,40,85
69,57,64
95,92,49
77,55,3
43,16,77
6,76,24
32,39,27
69,32,75
26,10,75
24,55,56
13,92,57
17,22,89
26,21,43
41,61,40
43,63,45
52,65,44
10,90,90
8,38,98
56,36,43
55,74,25
97,42,6
39,69,49
60,37,81
73,28,95
18,27,97
81,60,97
85,56,80
5,96,90
64,46,93
88,79,77
31,95,54
30,59,56
44,12,62
81,60,52
69,32,15
38,62,9
1,11,79
32,43,18
60,82,7
71,45,42
19,39,36
65,50,58
80,46,55
32,83,12
63,85,14
87,10,64
22,49,74
87,28,5
75,72,68
78,89,82
2,27,71
12,7,78
3,96,28
72,66,16
50,70,28
12,53,54
20,72,90
95,26,14
26,89,78
79,89,21
40,20,86
76,54,83
7,92,46
65,15,64
18,92,45
27,10,27
84,83,95
79,20,59
46,87,98
17,86,47
90,19,37
4,22,38
13,88,97
79,42,44
40,23,66
86,87,5
86,49,73
67,80,10
21,13,58
37,26,44
59,93,56
20,91,8
13,19,16
32,28,92
29,64,65
17,92,10
76,26,71
28,57,67
56,51,95
49,26,87
53,31,61
92,38,97
10,77,29
76,52,51
63,67,19
7,25,70
98,96,5
74,47,58
14,3,59
51,97,12
92,94,98
78,3,25
57,58,82
71,13,4
87,56,59
28,59,15
75,45,77
47,16,34
89,47,77
21,51,92
23,40,89
50,1,46
19,51,6
6,90,47
55,96,98
22,61,17
55,62,75
61,4,89
14,50,34
9,16,41
13,73,20
45,54,75
72,30,64
8,60,36
91,19,17
31,94,3
15,94,52
59,75,18
70,22,20
44,31,5
94,66,6
31,68,30
81,78,67
63,87,12
70,35,41
89,53,9
85,76,21
63,24,55
19,52,81
25,5,18
75,60,83
83,68,74
20,34,42
97,72,76
92,48,14
80,78,12
98,97,13
6,54,95
85,55,33
19,49,89
28,30,63
24,51,14
90,50,13
41,24,77
63,26,74
80,11,37
8,58,76
88,53,50
23,92,92
45,29,58
13,78,54
23,10,21
6,83,79
19,98,12
43,8,60
20,44,22
33,95,8
95,52,89
68,66,63
66,56,71
75,68,8
19,90,53
19,97,26
77,59,75
40,37,67
40,86,52
46,80,97
22,17,59
40,35,50
51,92,23
9,59,86
15,32,15
81,90,7
58,79,56
26,69,74
37,75,52
52,65,8
53,77,42
65,91,74
54,44,16
57,73,91
37,65,31
49,73,84
92,28,61
11,94,3
34,49,56
8,40,40
52,11,78
20,71,50
89,38,57
84,67,83
31,73,88
42,4,79
95,30,13
89,97,80
28,25,85
18,83,50
18,33,15
20,36,13
35,49,81
1,47,91
63,7,57
7,38,20
73,50,93
54,81,90
25,18,86
18,2,18
63,77,2
22,67,23
69,11,17
73,90,59
15,58,3
74,61,8
91,85,45
78,7,55
5,13,81
94,49,7
76,83,12
66,36,69
6,8,80
98,89,68
22,11,66
45,65,13
21,86,58
70,2,84
56,88,97
35,63,9
89,64,6
70,66,95
33,19,50
32,80,56
23,26,75
21,72,35
60,68,11
15,13,45
70,94,56
37,89,21
49,13,89
72,9,19
26,73,10
10,15,58
67,68,63
87,34,31
36,40,37
91,1,42
23,39,94
51,55,95
2,93,92
5,22,42
81,97,3
79,41,78
33,94,72
93,67,80
77,4,72
44,83,51
28,85,32
24,14,8
56,68,3
21,83,28
34,30,84
28,21,16
70,37,1
9,68,16
24,50,60
78,12,38
34,7,46
63,4,66
39,91,10
89,96,62
63,24,68
49,6,71
43,89,39
64,45,72
77,30,48
3,34,62
54,1,82
91,19,59
4,73,72
27,78,74
50,28,14
30,80,61
4,53,43
83,8,45
64,21,18
63,37,15
79,62,64
8,97,53
7,31,98
53,19,29
5,72,23
97,84,86
26,12,38
49,30,69
46,97,53
6,30,73
29,88,17
97,51,53
64,90,98
67,62,76
79,59,13
58,27,20
9,28,28
69,96,33
14,92,21
22,61,86
18,89,52
7,78,17
49,48,7
1,15,87
52,30,63
91,85,33
73,88,76
58,78,35
19,87,34
21,13,17
79,68,22
47,88,53
45,76,65
86,42,33
82,38,54
3,84,30
54,32,39
65,7,38
29,46,36
18,9,42
49,82,9
30,98,84
6,44,53
30,48,72
68,98,97
17,15,3
61,15,18
42,48,15
76,74,3
3,27,67
83,30,75
16,14,59
42,70,60
31,71,85
41,63,34
73,54,74
74,58,81
28,22,28
93,68,94
98,25,41
49,65,64
18,96,11
13,4,61
60,96,8
39,21,5
79,65,69
55,11,32
4,89,25
96,41,19
47,63,70
50,6,21
65,41,51
54,27,13
69,33,98
97,13,46
74,96,70
17,15,20
52,25,10
97,11,63
18,97,5
1,54,23
29,68,53
2,98,7
18,41,24
24,33,52
23,95,96
51,45,85
17,16,24
89,90,44
53,4,84
63,68,34
22,73,4
25,89,23
50,64,67
38,90,49
39,65,4
60,81,75
70,62,56
85,12,16
15,73,62
41,96,80
86,3,48
34,55,70
68,2,12
48,50,32
44,81,90
37,79,83
48,62,58
58,22,55
74,17,33
46,70,80
34,68,88
68,8,51
30,12,57
91,5,86
22,38,82
79,61,64
18,32,74
77,50,76
2,63,17
65,79,34
3,83,19
57,95,47
82,47,87
9,65,62
14,11,87
91,59,73
37,36,41
93,57,80
28,23,91
78,47,11
87,43,2
2,81,77
91,57,87
24,12,96
38,47,11
92,46,33
56,90,97
24,91,95
16,64,83
38,12,68
84,45,94
4,74,25
19,71,32
96,9,25
76,18,41
39,93,38
91,28,35
39,8,88
7,39,23
7,11,75
24,28,73
29,7,17
35,38,41
13,34,79
41,14,96
57,29,48
60,89,66
67,40,12
74,3,55
55,93,81
53,24,89
16,34,13
54,76,17
39,64,68
20,40,52
74,8,52
69,26,6
23,65,38
26,68,77
66,85,69
10,63,84
52,33,5
64,50,35
22,80,98
59,7,61
49,76,97
36,36,67
94,12,35
82,76,4
60,64,87
54,79,23
85,48,79
73,27,9
46,26,27
62,24,91
5,63,38
10,56,42
34,39,93
4,17,75
86,4,67
38,54,74
71,8,92
85,35,35
25,59,85
65,35,97
11,21,49
74,23,83
88,30,40
34,45,55
98,48,64
7,17,66
30,90,40
43,56,50
20,27,62
71,90,36
5,24,25
70,43,11
21,69,11
90,11,86
95,54,80
13,37,97
3,64,13
10,76,14
9,94,28
54,22,70
95,59,28
24,3,5
6,5,49
74,82,79
54,43,39
67,85,48
8,86,55
