70,77,3
44,91,95
74,44,2
77,82,63
46,78,45
25,14,70
30,43,11
81,24,85
71,40,5
69,98,27
4,47,37
44,82,70
59,67,93
23,50,44
83,20,51
98,63,47
54,7,68
11,81,21
32,66,68
50,78,65
25,60,37
18,19,5
89,5,35
43,29,42
53,48,15
41,3,34
28,86,35
22,50,98
6,75,77
20,61,40
79,52,40
90,49,29
85,7,72
56,27,68
10,44,47
24,43,84
37,48,8
70,74,58
84,91,81
51,52,60
38,56,90
20,24,55
36,21,13
11,2,83
10,1,47
27,70,35
92,23,61
40,1,2
49,67,90
87,51,45
82,43,87
17,12,40
94,77,67
6,94,88
10,15,22
51,45,23
68,1,3
17,38,84
35,66,69
52,21,56
37,93,20
14,98,20
30,7,3
3,22,86
4,97,23
83,46,39
78,58,92
95,90,85
10,37,48
16,28,94
6,51,22
88,91,88
42,65,55
11,68,75
11,40,31
58,23,97
64,87,46
18,63,72
75,62,44
69,35,76
98,36,75
79,31,86
6,14,11
86,57,17
66,43,21
37,16,8
4,14,29
50,50,64
75,20,95
83,19,8
74,95,46
9,9,94
34,9,78
10,26,13
14,74,79
29,72,74
95,96,44
6,8,8
52,23,34
4,47,2
80,62,77
18,68,2
21,1,76
27,78,20
87,58,10
59,92,11
24,46,19
29,39,60
68,81,64
63,26,12
89,61,12
91,75,36
75,35,87
5,57,86
57,71,4
91,42,68
49,68,44
6,83,60
51,8,74
18,75,60
32,93,61
43,44,46
85,33,90
71,10,12
12,4,50
47,20,5
75,9,5
14,27,51
95,10,89
84,95,25
76,72,44
89,79,3
79,45,57
97,77,89
74,71,53
85,65,38
49,96,56
53,80,97
45,23,7
81,44,98
22,65,25
29,18,56
63,2,74
4,5,12
18,94,15
23,11,90
86,19,92
27,74,71
57,9,84
74,31,80
50,29,54
73,46,94
75,47,55
87,76,77
17,9,83
51,81,76
13,49,39
10,44,61
73,12,57
88,53,17
80,28,53
28,82,45
64,33,15
70,98,12
91,7,92
39,20,46
14,7,56
32,89,81
3,21,33
7,69,47
71,72,17
86,18,38
30,47,85
12,15,16
79,58,94
42,91,7
83,28,50
69,59,32
73,49,16
18,46,2
27,96,42
10,63,87
40,25,35
54,50,80
61,75,72
66,97,97
14,21,82
86,48,22
83,45,54
44,30,39
81,82,51
61,22,79
47,27,58
75,1,90
55,89,41
26,41,30
97,53,83
33,59,9
95,19,63
63,9,66
11,44,75
80,34,54
60,25,35
15,38,49
5,71,46
40,27,58
12,79,94
85,63,51
18,52,1
87,12,14
45,98,17
48,33,24
79,65,4
17,57,94
96,39,59
67,72,47
33,81,15
58,71,32
9,45,46
39,70,27
27,26,54
14,56,62
28,7,62
68,94,15
95,65,81
89,72,96
3,32,49
40,68,77
72,30,67
66,36,25
38,94,35
3,27,90
72,76,88
70,51,82
45,27,26
39,44,45
39,58,46
42,21,90
34,71,72
54,1,60
42,25,45
58,19,73
82,43,4
78,11,49
31,69,48
77,82,29
23,51,25
72,48,47
15,70,86
57,29,66
37,17,11
4,3,55
52,9,9
79,75,83
37,71,33
23,71,5
34,47,24
57,86,72
89,51,8
73,18,31
26,44,12
36,63,21
5,20,95
81,39,2
13,5,75
53,90,82
92,46,70
50,10,73
48,50,67
70,70,59
6,42,2
28,37,69
15,12,18
48,90,87
51,14,41
9,96,13
28,76,59
1,9,49
80,21,96
88,54,42
10,51,81
3,20,75
96,17,61
22,26,8
96,55,3
18,92,12
63,50,94
88,37,80
77,84,58
15,69,22
7,10,54
75,70,4
85,71,37
54,94,84
95,35,91
1,91,73
58,98,94
23,56,30
13,43,88
64,23,89
27,37,5
81,49,59
92,28,42
89,23,38
2,43,26
59,88,50
48,56,74
28,71,1
13,26,21
42,64,19
4,51,38
27,56,6
49,69,77
56,28,50
76,18,91
72,38,52
69,10,24
21,2,81
59,56,15
30,71,93
65,60,87
95,75,18
68,35,25
1,89,35
51,27,34
87,67,54
24,47,55
63,63,21
14,94,9
52,69,36
40,93,35
29,73,55
15,66,61
52,52,26
21,65,58
45,60,66
70,53,38
17,25,91
48,33,52
78,86,95
98,4,73
50,64,10
4,67,81
97,4,73
90,98,44
86,45,14
83,64,96
4,96,11
98,1,16
27,68,18
94,18,75
19,64,24
98,24,88
74,49,65
26,41,61
48,94,92
65,63,47
40,49,94
45,76,55
67,11,41
7,79,21
13,17,69
49,92,93
61,51,58
10,7,69
25,77,71
11,90,41
38,42,41
87,84,60
98,49,72
51,91,65
63,14,88
7,30,62
92,25,12
45,91,54
5,58,36
93,97,24
38,20,33
43,40,50
61,57,80
23,39,56
71,40,61
34,22,26
50,30,57
84,45,36
30,68,73
61,54,44
9,22,8
14,45,83
52,85,97
53,31,66
76,51,72
86,62,91
78,9,97
92,47,96
24,53,40
20,41,16
93,39,3
28,19,56
64,16,95
38,35,20
33,1,81
85,58,58
26,27,77
55,12,84
28,28,58
11,13,3
83,56,67
45,26,18
66,93,33
58,97,14
4,4,7
6,59,28
90,36,80
61,22,82
21,2,51
78,73,84
88,94,86
83,7,24
84,2,20
22,47,38
94,91,47
9,14,63
78,9,34
4,78,54
35,57,22
67,31,19
34,40,42
48,70,32
9,16,11
67,42,76
44,86,73
16,57,23
70,93,98
62,72,88
77,30,80
44,7,42
3,49,87
38,12,79
17,71,35
73,64,36
24,88,74
32,83,59
47,48,64
96,81,59
31,72,59
16,4,66
48,93,76
49,19,83
5,21,1
84,42,30
87,43,12
17,60,49
27,65,89
97,57,88
57,97,33
77,20,85
50,60,80
54,55,71
39,22,23
91,22,36
38,5,34
15,57,72
96,27,87
3,84,49
53,68,90
6,8,63
45,75,85
38,77,1
55,91,67
51,16,66
3,22,39
25,32,1
3,84,76
80,7,21
67,87,23
48,3,45
22,37,10
44,30,81
19,29,14
9,60,76
15,82,84
52,95,58
80,30,8
44,62,16
73,39,49
19,8,29
86,34,72
5,44,59
73,35,86
19,16,20
81,66,2
59,65,94
71,53,26
71,66,51
60,93,40
7,77,35
20,84,63
21,68,78
21,1,89
84,6,89
8,17,9
44,45,60
62,61,94
52,38,65
6,34,52
77,64,61
15,82,52
40,62,3
66,26,41
94,79,45
90,39,34
36,31,74
24,50,33
79,12,51
30,47,1
80,77,35
11,59,54
42,51,70
35,59,81
1,1,75
7,5,10
58,39,71
36,15,46
2,95,85
71,22,91
54,86,81
67,69,92
29,71,96
1,95,19
91,73,67
91,9,34
47,38,64
19,95,45
49,64,54
50,93,41
41,66,79
23,16,76
41,61,71
59,45,9
2,68,17
2,66,46
78,47,26
28,31,74
23,38,17
45,93,54
11,30,96
71,33,51
47,14,80
2,53,29
61,48,10
94,80,37
34,64,84
94,25,90
86,57,67
8,96,71
21,79,28
88,7,32
69,29,49
53,14,78
96,81,77
37,20,71
62,26,91
10,86,12
13,66,92
92,54,54
94,57,76
67,71,26
88,32,9
47,86,48
97,45,91
70,53,64
63,25,75
35,9,7
57,34,37
21,17,25
51,58,65
84,57,88
92,15,79
49,92,62
57,3,87
55,26,63
71,14,60
9,50,7
52,65,51
16,22,41
53,82,80
87,18,90
42,10,23
77,60,90
87,61,71
46,46,79
36,23,66
16,88,37
4,78,49
49,33,59
52,36,1
39,38,42
94,18,65
38,95,62
51,84,60
14,23,53
78,79,53
1,29,90
70,31,93
62,33,78
58,60,34
36,93,15
37,86,95
77,13,46
42,16,13
13,29,30
32,16,40
39,30,39
13,31,26
7,81,43
24,61,34
21,82,61
26,19,54
54,2,1
5,32,46
11,58,96
39,78,97
41,34,55
49,8,67
24,3,39
45,78,31
97,29,3
73,48,36
85,11,11
41,17,26
95,62,76
65,84,31
48,87,1
74,58,45
25,86,9
21,20,75
17,65,30
84,87,47
67,57,19
55,22,37
66,43,81
55,32,34
30,10,63
27,94,88
96,74,5
49,65,52
51,69,60
66,21,76
49,3,60
95,87,70
79,17,4
23,14,73
95,82,23
50,14,36
70,17,9
74,33,11
9,83,38
31,46,73
26,51,92
43,31,10
79,16,93
57,26,45
2,12,59
69,84,39
6,77,59
2,30,93
78,66,25
54,88,77
3,14,93
23,31,47
38,31,88
55,87,43
15,7,55
5,42,16
80,2,83
5,25,27
51,79,85
5,66,47
4,37,95
87,61,15
40,14,93
45,72,35
18,2,37
44,35,92
26,38,59
2,44,90
1,95,72
86,56,89
27,3,70
31,63,40
35,90,34
54,45,39
53,72,79
7,11,20
34,35,58
5,44,83
82,49,39
46,52,92
62,6,27
87,73,67
61,13,1
89,64,63
2,59,16
78,86,98
18,56,63
65,20,31
86,3,89
86,39,56
31,27,68
70,82,70
20,73,65
48,80,2
31,64,46
66,39,85
56,68,38
68,92,13
40,14,11
19,92,30
33,38,55
15,22,80
33,37,5
95,6,39
21,65,8
34,30,28
63,78,22
14,40,95
81,1,27
64,38,30
47,5,49
38,65,73
55,83,85
47,86,79
98,64,57
79,23,89
85,63,80
41,53,82
73,19,64
13,43,75
59,63,9
22,29,27
87,29,88
52,10,95
12,54,3
55,51,3
38,13,93
96,84,95
22,74,34
95,57,98
68,71,64
52,71,44
96,66,93
62,22,85
67,81,28
8,92,32
54,20,96
95,11,92
85,30,83
87,88,61
9,72,83
75,5,43
76,32,12
78,79,74
54,84,13
60,56,13
35,91,24
38,56,71
77,63,29
47,33,40
51,2,92
18,46,50
98,7,19
66,43,56
64,4,29
42,28,78
37,48,20
88,86,47
25,5,31
23,45,2
85,1,71
25,68,94
33,30,92
73,80,12
50,45,13
46,60,59
29,78,15
66,89,97
25,27,54
34,78,41
46,74,60
15,67,67
69,86,97
34,9,45
14,57,36
65,87,19
25,2,1
19,90,57
36,85,56
21,45,54
8,75,68
30,9,63
60,13,71
77,32,57
58,2,78
74,91,50
22,16,89
74,80,45
23,13,69
32,4,10
65,44,80
52,51,86
49,49,45
20,17,90
64,93,84
25,82,29
78,74,57
47,33,9
31,49,28
2,44,27
93,1,47
36,3,42
31,15,57
35,39,87
1,1,62
79,34,75
6,30,63
19,45,30
88,68,11
13,65,65
80,89,38
23,31,48
39,41,80
18,61,50
52,34,88
38,28,5
21,81,15
36,71,95
24,69,77
57,42,3
2,61,26
24,70,70
5,49,86
54,31,79
72,77,20
53,51,10
38,85,67
22,35,90
16,42,30
62,18,79
77,62,57
10,65,87
8,64,38
5,5,37
92,38,65
16,8,85
67,35,41
17,43,49
80,79,1
65,14,41
68,71,51
23,79,42
85,59,29
84,58,64
4,85,2
29,96,65
46,36,96
32,55,49
90,7,86
73,19,64
33,18,96
91,54,53
43,20,64
52,35,6
35,15,91
17,85,36
28,97,90
86,97,55
54,35,57
7,98,29
92,31,84
69,67,21
9,29,39
38,22,26
21,40,73
81,64,41
13,38,22
93,90,18
24,68,60
47,77,50
19,25,42
53,8,16
94,94,65
32,24,2
21,89,10
92,14,49
75,27,65
56,93,90
79,54,21
86,60,31
3,83,84
60,73,48
88,54,3
83,87,75
34,74,84
83,59,15
30,6,36
71,85,34
4,24,86
83,94,70
4,97,75
38,39,36
43,18,87
20,79,72
83,17,16
8,12,40
13,35,13
82,98,94
63,59,60
97,12,38
42,52,94
45,70,72
49,36,71
63,29,72
67,62,60
25,90,60
20,52,84
24,15,80
11,12,71
86,48,64
29,62,89
62,3,93
15,72,41
39,1,89
6,1,98
96,83,67
1,16,2
90,47,74
94,96,23
97,63,89
28,88,76
54,88,55
17,71,54
90,27,94
39,56,39
81,71,42
86,30,54
73,14,1
40,94,50
41,8,51
20,3,19
34,4,13
51,47,28
49,37,76
68,4,71
10,68,35
98,16,14
84,29,88
76,81,89
47,1,80
20,74,43
34,66,58
49,46,98
36,93,27
47,97,61
26,74,51
10,55,56
33,75,50
80,74,97
29,20,96
31,50,32
52,46,28
59,60,44
12,84,83
30,86,80
88,13,59
38,75,35
46,36,92
68,8,24
96,18,5
9,35,28
61,8,92
25,47,89
65,10,46
38,59,11
66,25,80
72,86,83
46,57,42
51,27,21
95,11,47
30,4,45
34,52,52
52,94,34
29,20,55
37,33,10
96,31,52
5,53,60
26,49,2
7,31,62
63,96,97
11,1,91
