52,73,65
87,64,85
97,76,5
81,40,39
38,15,75
45,7,85
63,98,9
30,59,46
14,87,65
1,54,24
74,38,85
95,76,75
14,20,23
33,76,84
17,65,79
57,38,78
96,36,38
97,32,98
24,3,62
13,29,47
64,50,48
72,86,81
38,1,89
8,29,56
41,77,91
50,39,79
90,9,32
62,73,78
6,34,38
51,53,71
9,58,29
38,14,24
93,36,98
38,70,83
96,23,50
37,84,70
12,11,50
35,45,9
35,51,54
92,8,21
28,19,7
42,92,54
36,91,24
77,3,40
80,57,89
18,24,15
94,22,15
31,42,76
73,38,32
24,65,65
40,91,19
4,91,30
8,68,44
11,47,51
53,18,94
83,45,2
81,90,60
41,10,7
78,90,46
73,68,76
14,43,3
3,3,59
36,16,78
90,49,92
26,7,30
39,39,41
13,70,83
31,35,30
6,36,87
77,74,8
66,44,89
1,98,55
38,11,5
48,7,17
55,30,13
26,79,71
65,7,78
95,42,76
47,1,18
63,21,32
38,46,41
95,91,8
29,29,20
89,28,70
92,31,70
88,56,26
35,29,42
29,43,77
21,66,84
92,83,48
15,41,5
46,23,28
58,66,22
90,96,62
12,6,41
46,53,4
39,34,50
82,47,11
63,31,46
89,8,71
16,26,54
28,71,46
96,93,11
37,35,44
22,73,54
76,67,10
23,30,49
69,39,7
4,33,49
16,96,17
57,95,64
23,53,86
93,29,65
86,61,16
71,21,11
50,54,72
54,45,56
33,54,66
25,90,97
91,79,2
32,58,21
34,70,52
37,19,49
70,23,54
65,23,6
68,90,98
63,94,67
51,66,23
45,98,62
55,58,68
68,98,68
94,11,1
11,23,91
15,50,22
56,74,80
98,84,79
55,46,97
26,22,49
9,85,90
35,56,29
66,36,24
65,20,78
79,94,16
27,54,70
66,48,19
11,32,61
67,95,22
73,4,96
38,81,52
71,80,60
18,51,5
29,43,14
42,30,72
46,18,55
81,73,62
11,55,20
35,94,87
40,13,14
18,96,38
65,82,11
37,74,87
62,11,68
28,39,68
67,83,86
4,94,41
83,40,53
86,61,24
37,84,22
6,83,63
88,95,35
91,61,65
74,83,7
59,30,15
46,44,98
14,38,2
67,96,8
6,81,60
21,67,73
69,55,19
65,61,15
81,37,49
29,12,93
41,2,64
1,89,4
56,21,24
91,59,62
93,14,58
11,98,65
84,6,2
47,90,33
35,44,32
82,39,60
23,39,70
48,71,6
75,27,88
55,52,36
97,40,62
53,62,65
39,75,92
64,45,47
11,88,46
33,89,64
46,81,79
95,56,22
9,27,87
75,92,47
72,42,59
49,67,65
66,47,31
68,55,55
53,14,36
11,74,45
49,23,89
24,54,40
11,78,77
79,93,34
41,94,14
77,17,11
31,34,46
35,31,79
44,19,96
16,12,56
29,56,16
21,85,13
4,45,42
21,8,10
75,76,34
33,7,4
84,38,79
47,96,37
58,62,6
71,78,74
46,52,39
85,40,84
93,46,18
9,50,32
53,41,66
96,37,75
24,56,96
8,39,17
20,92,64
76,80,49
47,63,26
18,64,79
42,46,61
91,37,96
23,23,49
5,13,27
57,77,87
43,75,18
27,66,72
85,97,56
30,73,77
72,81,93
52,27,39
18,52,39
33,7,30
15,12,28
86,15,85
35,36,30
46,72,10
62,16,42
88,56,68
3,34,61
53,12,28
44,10,18
54,32,93
42,56,37
29,66,77
48,35,14
90,64,49
24,22,17
74,55,86
9,79,77
15,74,38
35,1,24
31,20,45
81,68,69
81,49,38
50,84,86
26,35,40
27,60,98
4,79,91
27,97,80
94,57,64
11,47,1
77,17,77
37,65,24
72,12,23
48,4,93
98,65,78
65,8,70
40,18,4
23,21,36
9,3,12
44,23,33
12,59,8
78,68,24
71,39,14
11,39,69
53,31,96
84,27,56
25,36,68
61,6,66
5,9,17
55,86,32
72,7,8
30,59,46
47,13,34
31,48,59
58,7,94
65,52,16
85,69,14
83,88,25
69,70,75
35,82,23
22,57,46
84,71,93
43,88,20
19,6,39
65,68,38
26,21,1
46,67,32
46,13,30
11,22,27
53,78,12
27,92,60
75,28,90
7,93,81
7,10,4
50,96,73
55,19,38
76,8,61
67,50,77
96,50,91
82,19,83
14,25,28
26,85,14
38,86,42
45,9,49
58,66,42
79,67,67
44,93,42
76,64,38
83,6,30
43,87,59
79,20,1
16,63,45
74,69,71
89,32,93
89,87,7
76,58,27
95,28,46
44,91,22
59,96,25
8,76,66
86,49,91
55,13,67
15,77,62
74,35,15
53,4,74
95,32,88
79,47,93
45,30,41
45,25,82
76,6,75
51,36,53
21,9,50
20,23,65
49,13,13
72,68,55
7,7,76
70,67,89
62,25,46
36,30,29
91,61,64
8,6,97
4,42,53
79,13,26
73,64,5
64,20,55
82,93,50
64,41,16
66,75,13
17,81,18
46,22,58
13,50,29
7,20,22
82,51,92
11,25,13
4,33,75
53,2,77
59,30,89
30,97,88
63,78,41
63,9,32
20,15,19
57,13,71
77,86,62
52,27,38
51,44,11
62,67,81
28,8,24
38,39,11
82,98,5
45,73,75
2,49,83
54,95,33
65,65,96
38,1,65
31,94,52
13,16,37
30,72,42
33,56,29
29,8,96
70,41,58
75,13,37
66,4,41
95,52,49
57,14,11
3,12,31
68,94,3
2,97,25
79,47,77
95,52,18
43,10,59
67,21,89
10,48,3
57,96,20
63,54,16
10,43,58
88,81,18
95,57,75
47,5,23
42,38,14
18,6,39
20,19,82
92,92,35
31,12,34
39,50,26
66,27,90
64,23,69
29,34,12
56,13,13
13,9,22
48,51,22
39,79,85
6,37,41
2,23,88
36,56,2
13,71,14
67,41,65
50,11,48
77,62,38
27,75,90
18,61,44
45,76,38
98,69,86
53,79,8
67,57,42
81,1,75
89,70,5
44,77,93
71,96,73
73,6,64
38,69,72
77,94,9
73,40,77
85,68,82
36,36,30
77,41,6
37,14,52
98,31,33
29,26,53
49,60,56
97,66,96
29,34,52
86,81,52
42,8,87
86,3,60
31,60,97
42,61,68
30,4,34
60,40,56
33,28,12
17,63,84
12,5,77
88,16,6
95,24,80
49,42,85
75,18,5
90,66,97
54,94,88
56,41,69
76,30,51
7,49,32
90,28,55
43,84,73
81,34,21
94,54,46
35,86,89
90,63,15
46,97,60
62,14,88
8,61,72
46,90,66
96,17,85
47,77,29
98,81,81
53,5,80
66,41,83
26,86,30
64,44,11
97,53,23
42,50,98
75,2,82
64,63,61
77,73,74
50,90,44
3,21,90
77,21,97
64,4,90
9,61,74
84,59,59
21,27,40
84,82,64
13,61,4
47,4,84
18,30,31
1,66,4
69,37,87
74,26,47
38,78,1
51,41,63
79,60,45
3,89,25
78,1,65
72,72,18
93,74,87
80,7,98
19,56,89
20,67,12
42,25,78
47,93,18
7,58,76
45,86,35
10,32,78
32,68,81
7,80,28
85,34,5
80,8,25
3,98,63
9,16,76
6,15,97
86,63,98
17,21,36
49,74,67
92,90,94
44,26,7
49,92,16
39,87,65
54,85,31
88,70,74
50,58,44
77,84,48
74,4,98
84,8,27
88,1,41
57,20,51
73,83,81
54,81,70
19,43,96
29,34,57
88,69,83
84,54,90
70,20,19
57,37,79
74,28,8
8,92,84
44,43,32
17,40,33
6,16,97
66,73,43
35,12,40
96,56,74
61,71,32
4,25,59
76,72,48
97,53,64
56,9,1
72,76,84
13,66,96
51,93,56
2,10,38
38,77,8
64,71,88
91,64,96
46,94,14
77,67,24
17,38,59
43,73,34
6,37,60
48,45,68
77,92,53
38,53,30
3,13,86
60,33,77
54,87,82
87,85,62
12,44,54
4,61,30
40,69,21
27,91,63
81,75,67
19,57,5
31,75,46
64,98,22
45,81,54
18,93,3
58,92,23
50,13,23
58,82,22
64,15,11
42,28,31
86,76,47
19,56,80
81,64,49
91,47,3
28,28,61
64,52,82
34,73,77
49,35,40
70,1,27
59,32,85
27,25,78
72,34,95
8,29,94
70,97,40
31,83,18
23,90,39
31,25,24
27,9,26
36,44,10
56,47,32
35,29,36
85,21,52
1,6,46
27,88,63
36,98,40
70,48,51
66,94,88
98,74,11
65,73,79
91,25,13
63,75,89
98,40,70
82,55,61
61,43,64
67,94,40
30,56,51
30,86,21
36,39,86
21,60,90
47,41,87
75,83,33
38,97,18
75,34,16
95,31,59
5,52,50
39,57,53
61,59,41
36,53,1
97,36,72
61,37,54
18,3,42
83,91,83
49,5,64
9,39,73
7,80,21
72,49,48
97,84,48
80,36,11
65,92,2
37,14,23
63,37,84
44,84,56
48,20,67
87,28,49
88,90,19
95,69,59
64,79,90
1,7,44
68,83,30
39,5,22
35,26,75
26,16,15
85,91,61
19,42,34
27,91,44
67,76,59
18,11,12
10,84,41
97,82,94
62,64,70
26,98,63
80,21,4
84,96,29
28,38,37
38,17,7
44,97,17
11,14,54
43,34,50
37,75,25
70,33,61
45,87,79
15,49,45
19,77,9
5,49,44
20,7,49
92,38,17
55,41,59
19,28,76
32,74,43
63,21,86
84,20,49
10,68,40
92,68,81
95,19,12
73,70,70
79,51,35
57,78,98
30,64,26
26,68,88
6,15,52
76,62,78
71,39,38
55,34,80
43,31,79
40,18,16
65,2,18
45,90,46
72,16,80
12,78,97
42,73,8
87,92,20
29,74,15
86,9,80
51,61,54
18,69,73
23,68,76
20,10,57
73,49,46
29,94,16
11,81,3
17,12,60
7,98,32
33,17,54
42,52,56
52,2,53
55,47,61
93,98,29
92,89,71
78,22,51
23,25,17
1,31,66
32,86,25
83,76,36
7,57,51
55,25,68
68,71,29
22,69,60
91,22,83
28,40,39
90,77,88
47,16,56
96,19,35
40,44,63
85,11,10
26,8,52
16,69,37
66,7,54
17,45,82
93,44,5
4,14,4
32,24,86
65,21,16
53,57,16
31,92,8
5,88,88
28,43,64
54,90,61
71,46,89
21,80,43
34,75,25
86,54,32
5,41,75
67,3,24
70,83,22
71,76,62
30,1,17
68,12,40
39,76,36
66,28,87
41,97,71
59,9,65
29,70,58
93,57,31
48,40,41
80,24,85
45,33,98
93,29,70
34,79,75
30,20,64
36,39,35
77,13,58
19,67,16
54,88,28
97,18,81
40,84,37
30,48,36
32,83,15
28,59,84
61,57,87
2,25,5
30,51,37
21,17,61
81,49,78
74,35,47
7,62,38
36,52,77
31,12,68
62,93,47
78,46,95
31,68,77
60,68,29
33,22,40
69,9,23
89,65,53
93,8,29
93,25,27
29,78,14
92,30,49
29,84,4
71,98,15
8,70,7
59,2,30
49,39,95
3,27,71
35,19,52
28,36,74
70,33,34
41,24,38
5,40,18
57,93,94
44,34,44
93,24,4
29,23,98
91,95,85
21,6,93
57,62,45
96,94,6
30,17,81
78,88,2
72,24,85
74,79,20
92,56,95
98,39,1
2,31,70
64,62,65
42,3,4
26,29,94
69,98,52
4,21,42
64,64,39
10,54,90
16,71,55
94,98,3
97,57,78
61,51,60
38,57,27
1,81,3
1,52,75
33,52,9
44,68,13
74,4,33
66,67,44
61,31,9
88,91,21
47,56,17
57,8,81
98,45,63
47,71,94
93,94,44
78,52,73
71,89,27
57,3,96
81,3,38
56,42,73
16,18,33
83,46,30
94,83,44
53,89,88
43,27,10
98,96,13
46,20,88
96,2,40
4,62,50
51,43,92
59,46,56
70,27,26
18,75,55
34,95,60
55,3,6
90,89,36
98,81,68
76,9,69
60,83,40
76,8,6
15,77,38
81,94,34
86,54,93
45,60,74
43,81,37
37,80,8
29,66,78
10,4,4
49,77,14
53,52,91
38,27,96
75,20,63
85,27,96
28,2,8
46,27,85
76,61,1
93,76,62
8,27,15
89,79,29
93,17,17
33,91,1
14,23,42
76,4,62
59,24,94
28,70,81
26,64,12
22,78,20
6,7,18
29,46,85
42,35,61
2,65,85
58,37,54
67,12,13
2,76,74
56,65,44
16,25,57
16,86,32
35,68,95
1,96,70
7,59,39
75,31,35
75,20,66
45,72,30
15,13,84
23,52,17
54,96,36
65,24,6
86,42,36
85,60,17
46,89,14
5,25,38
23,39,97
5,50,6
61,52,47
65,26,1
93,93,98
26,29,20
66,26,79
20,68,93
76,84,33
31,62,72
70,37,68
28,13,22
68,26,81
26,54,31
37,11,56
66,52,53
41,39,87
50,76,37
16,69,55
13,35,74
43,52,32
24,72,75
94,49,28
56,33,83
78,58,5
81,88,22
72,35,80
85,3,47
88,15,67
6,41,95
18,54,95
