53,26,47
34,36,70
85,80,23
74,8,15
69,68,45
32,34,68
85,70,90
60,97,54
76,29,54
81,52,53
53,40,82
86,4,37
65,32,92
29,6,87
5,12,82
64,65,41
28,64,96
25,73,30
59,90,17
47,31,53
88,20,52
84,76,78
73,25,80
70,14,5
89,21,14
8,46,74
82,7,48
23,64,5
31,50,32
57,47,34
15,70,77
3,92,51
70,66,4
36,70,36
73,47,14
14,77,58
79,56,13
67,28,66
73,33,71
84,38,8
47,56,20
3,69,33
71,13,36
19,57,53
6,29,14
25,86,90
2,95,94
78,46,16
52,58,79
80,50,32
90,21,14
74,7,88
97,11,49
63,2,69
73,4,62
86,8,12
45,96,75
91,63,78
40,38,22
4,58,32
52,4,73
72,36,61
73,98,17
44,45,1
10,62,41
67,71,70
25,67,72
32,27,55
8,20,6
25,12,48
4,40,73
90,21,59
26,74,62
54,45,52
72,31,22
72,9,88
7,8,5
93,55,93
55,64,32
61,71,70
8,89,41
31,80,33
18,50,35
82,45,70
34,28,4
19,60,3
90,54,45
82,72,16
28,61,71
43,32,37
33,90,54
14,50,67
61,46,29
14,89,87
21,79,41
30,15,86
48,12,82
86,84,35
67,98,77
51,55,20
91,52,78
66,10,38
12,81,64
7,52,28
80,26,2
90,79,78
70,50,76
9,29,85
13,73,39
73,72,54
9,60,81
18,46,19
24,74,66
78,17,9
29,16,68
78,18,23
9,12,77
13,76,37
79,37,68
36,66,4
69,62,25
96,43,15
11,16,45
42,20,7
94,52,96
90,45,32
86,89,23
33,72,22
97,29,14
37,96,30
58,56,88
44,27,4
78,82,26
88,82,17
36,94,88
41,87,4
11,11,45
27,51,15
98,77,16
71,60,36
32,83,2
64,13,39
82,35,25
33,11,41
63,62,96
56,23,18
30,40,12
65,59,5
92,41,44
50,15,66
8,20,37
90,72,16
96,22,4
30,16,92
85,51,35
56,79,70
1,20,28
47,25,87
87,24,23
76,6,20
73,34,77
92,76,3
94,3,51
34,80,71
39,73,18
49,36,16
64,40,13
58,5,55
25,48,73
79,77,29
54,69,62
81,28,5
82,94,46
46,51,21
85,91,49
10,82,39
88,42,20
3,31,70
55,71,36
11,74,30
64,63,18
71,24,68
9,11,34
27,44,11
30,6,65
33,63,11
12,8,72
59,21,90
88,70,52
49,81,87
31,18,7
88,45,75
96,14,60
9,1,96
96,43,21
93,23,17
24,21,23
84,72,61
69,45,30
83,29,27
32,53,64
18,78,9
98,69,48
11,54,96
64,66,62
55,28,88
70,76,51
88,35,61
57,48,50
43,26,45
59,35,98
54,78,84
34,70,11
3,27,11
86,80,8
87,48,74
68,93,16
95,32,54
72,91,81
72,52,95
50,44,86
77,47,40
21,11,85
43,91,42
95,66,24
92,84,69
36,92,35
12,15,49
43,70,59
4,96,27
17,97,57
26,65,71
96,66,9
80,60,46
18,74,58
66,42,95
45,76,66
39,42,66
76,87,81
87,54,80
28,52,54
72,42,23
38,79,25
87,41,82
60,42,86
5,54,15
17,23,76
92,70,32
18,95,70
13,79,89
85,57,11
89,3,95
34,63,55
92,32,81
8,65,56
19,46,6
21,26,64
81,63,39
81,25,19
60,33,29
72,79,97
70,89,1
51,15,28
67,5,47
53,29,40
79,63,31
70,77,95
73,87,28
59,86,79
48,13,6
9,88,4
63,33,28
36,31,81
46,51,79
28,47,54
49,76,40
22,38,38
52,15,51
33,52,40
39,42,28
50,31,93
67,84,87
65,89,67
95,77,61
68,34,73
11,17,77
17,79,18
78,73,87
23,56,19
16,29,8
61,63,56
50,42,39
32,55,81
37,20,28
32,25,82
73,80,77
60,35,33
24,94,2
20,57,30
54,1,21
6,40,25
71,9,81
2,24,80
84,8,71
80,58,84
24,48,33
19,49,35
91,21,73
13,13,81
76,70,19
55,74,14
70,48,24
29,91,50
47,45,88
98,32,33
27,75,41
45,58,29
43,98,98
51,27,86
57,56,44
89,17,58
40,70,40
50,42,13
10,9,83
33,11,1
8,7,63
1,57,18
56,55,58
23,54,1
71,38,3
92,88,62
60,11,7
87,65,25
68,6,16
43,40,78
83,46,32
73,86,66
28,77,57
27,95,70
90,9,62
13,26,18
88,47,29
60,49,62
81,8,85
54,42,49
79,75,10
58,7,77
19,78,49
67,49,81
55,54,5
85,11,78
40,96,4
97,15,62
5,92,80
42,85,48
68,21,37
73,59,79
38,92,12
77,85,18
74,76,2
57,48,69
18,23,6
20,67,31
32,15,92
44,95,31
90,35,32
53,87,25
4,53,83
39,64,17
56,37,82
22,34,16
66,28,58
21,29,22
47,39,46
44,59,33
56,63,24
53,21,15
17,30,59
75,6,64
2,40,53
82,35,98
53,37,85
79,38,52
37,69,30
3,48,54
85,78,40
89,91,87
54,31,41
62,2,75
73,79,33
75,79,68
86,90,36
67,32,28
60,19,68
30,67,33
60,81,28
58,68,52
28,59,1
55,22,43
79,28,75
98,6,98
34,65,53
72,3,46
90,46,24
15,32,27
54,30,77
32,59,74
26,94,3
75,44,78
46,60,56
10,60,91
47,92,73
81,80,51
74,57,14
90,53,87
55,94,1
41,26,67
6,20,80
51,38,45
85,33,45
5,91,25
64,68,25
3,61,83
88,54,72
77,15,51
77,58,48
64,52,19
47,62,94
7,23,11
50,85,43
68,55,98
41,56,80
49,93,14
48,58,25
5,83,64
37,52,14
17,15,9
58,47,65
56,6,3
27,19,29
71,43,23
29,98,90
18,90,58
60,84,91
87,93,18
51,40,83
88,60,3
96,27,11
35,34,16
52,87,58
54,40,71
25,46,82
79,42,5
88,47,19
17,3,97
40,88,51
65,40,2
51,59,89
3,61,97
84,70,41
77,54,66
93,29,73
5,67,2
76,75,1
31,2,40
31,17,60
47,15,7
45,22,91
10,73,98
43,53,89
39,44,98
55,55,32
3,86,78
20,37,98
75,71,11
24,93,51
14,29,34
31,65,65
48,4,45
42,66,71
42,61,76
42,20,73
70,28,61
56,2,86
80,61,53
86,33,60
69,14,2
41,61,32
58,29,54
70,45,7
39,73,84
69,19,49
12,1,90
80,17,60
93,94,14
59,72,23
22,5,44
3,19,13
42,30,90
45,28,21
34,79,2
46,52,35
97,16,2
31,95,3
73,61,82
6,61,20
10,50,76
76,23,56
14,27,90
27,59,32
2,73,51
1,85,80
14,66,84
4,17,9
87,66,3
49,60,59
61,40,93
23,22,12
27,36,57
89,33,79
51,31,33
10,92,72
55,23,15
71,47,95
26,39,8
92,78,35
87,50,47
68,24,86
42,59,46
12,43,27
10,19,65
56,53,30
90,12,1
68,23,85
47,58,62
77,9,86
22,76,10
88,22,60
45,18,37
16,77,50
12,95,2
37,79,77
71,71,39
80,68,15
94,83,85
94,28,50
87,90,32
47,46,5
18,95,35
93,45,92
96,89,53
54,1,77
48,93,88
5,18,20
17,8,6
65,20,9
66,62,88
16,30,41
75,67,33
1,33,85
20,43,23
74,90,24
13,76,98
36,70,95
45,46,19
46,77,14
91,20,46
7,92,79
29,31,55
74,10,80
79,41,68
13,65,91
68,7,2
16,58,75
66,9,3
2,41,87
11,85,5
86,69,45
47,47,39
54,9,15
95,49,89
81,83,19
5,49,82
21,75,14
36,75,75
23,58,65
26,13,50
89,59,64
21,38,54
37,18,42
8,28,6
14,35,55
35,95,40
59,23,41
45,82,68
9,43,44
61,75,25
71,80,41
41,46,24
16,44,25
90,18,88
35,48,97
98,50,6
16,46,90
6,41,82
10,28,9
74,75,89
94,16,43
93,23,95
76,49,10
71,69,12
67,93,47
39,40,15
58,84,79
5,78,64
12,42,24
32,48,75
37,19,28
58,19,63
42,16,38
26,52,31
40,17,29
52,67,54
67,40,87
45,36,58
76,50,1
89,58,14
56,2,88
70,77,22
35,36,81
44,65,28
12,61,26
24,79,26
46,9,24
75,46,74
98,12,9
21,72,84
47,32,33
30,9,50
66,21,22
90,61,72
71,87,54
64,19,36
17,81,34
65,3,28
73,39,35
30,19,90
15,46,43
78,37,70
3,35,1
17,84,30
1,41,30
57,60,62
29,59,17
36,50,34
31,90,24
59,61,40
50,54,19
17,21,80
57,68,92
82,61,66
63,6,65
77,73,25
81,87,55
61,17,34
35,25,88
54,17,60
21,4,55
58,64,39
81,64,51
43,59,85
15,10,22
47,42,65
73,3,11
32,3,30
89,73,73
69,2,62
79,19,46
57,6,42
62,53,7
93,83,93
31,8,94
73,73,67
51,29,43
51,12,35
53,43,4
62,73,67
30,55,65
52,52,42
77,37,39
8,40,91
52,43,30
98,5,84
26,87,67
95,12,30
90,84,4
7,40,71
56,2,39
43,94,48
70,15,40
27,63,16
82,51,51
50,57,55
62,69,88
55,53,74
36,35,69
52,48,54
84,32,65
17,93,94
52,6,67
88,49,29
96,55,79
35,8,66
25,6,80
93,11,69
71,25,57
28,48,64
21,93,71
67,88,85
91,69,30
84,74,82
39,13,41
51,1,54
69,91,60
71,9,66
5,91,24
27,44,67
27,20,79
12,98,16
48,95,31
72,19,24
60,12,24
10,42,87
7,28,88
10,13,53
87,52,27
8,18,64
84,73,94
98,27,21
72,67,49
68,71,42
11,2,94
38,94,71
53,74,25
96,34,28
65,88,90
38,71,73
67,20,84
2,45,69
74,67,91
23,6,36
24,21,58
8,76,19
84,21,76
54,37,57
6,33,87
95,8,54
43,50,19
33,79,84
32,77,93
22,80,65
22,80,70
55,2,92
25,44,71
10,85,63
92,77,42
42,11,29
92,81,49
47,62,27
9,84,40
85,66,11
86,75,51
50,86,25
5,36,64
35,63,26
65,66,80
12,36,2
42,23,4
60,44,21
45,14,47
62,15,85
71,24,74
79,27,61
75,32,20
88,70,76
79,72,26
36,11,80
52,13,49
10,24,11
44,15,92
31,74,29
71,57,66
1,87,55
54,89,20
66,92,64
64,2,14
75,54,7
75,33,21
11,68,61
2,74,63
65,32,42
68,65,24
84,50,54
70,27,24
63,40,57
17,91,32
12,89,9
23,7,13
9,74,81
16,61,43
91,20,66
30,14,91
35,50,94
88,75,23
23,59,31
35,72,51
50,59,32
40,14,45
14,2,86
63,24,28
28,85,75
91,87,62
92,44,67
87,76,47
93,43,6
73,58,4
13,66,53
80,59,19
97,71,7
34,36,86
72,30,10
52,60,22
16,7,74
81,98,47
11,7,22
29,18,66
48,97,40
44,71,38
10,6,19
69,31,79
5,86,6
91,66,78
88,68,38
65,34,28
15,61,41
80,89,83
20,46,12
92,82,86
18,84,27
14,19,53
92,25,18
49,58,90
46,31,45
79,81,43
45,79,95
93,60,52
98,7,79
3,39,31
14,10,53
59,46,49
93,13,66
14,70,54
85,19,72
15,7,85
78,83,20
38,21,17
34,5,17
46,51,45
44,93,84
57,30,85
24,45,6
5,64,7
91,84,90
43,87,90
88,23,31
33,80,61
98,4,16
46,33,98
95,46,70
56,16,11
34,95,96
83,26,14
14,68,82
71,49,59
87,71,47
51,25,78
89,28,25
20,53,48
4,92,86
59,24,87
83,48,89
60,76,36
82,67,42
33,31,20
37,10,97
60,68,19
8,14,49
7,73,1
33,65,79
45,50,40
75,43,22
38,75,46
31,87,86
84,21,91
24,68,36
28,70,77
37,2,2
37,49,53
79,81,2
29,10,15
75,63,35
51,53,3
38,29,27
69,41,96
84,20,82
6,38,29
85,69,89
84,17,18
56,46,66
66,48,14
84,61,78
23,65,40
68,56,42
54,81,94
18,72,7
10,95,29
98,37,20
88,57,71
67,98,90
32,77,54
78,64,49
29,88,55
19,44,71
18,51,69
20,83,78
32,76,48
46,58,41
83,15,93
51,38,56
43,37,96
18,47,63
6,63,63
55,89,64
62,63,79
69,73,60
95,48,91
58,68,71
60,21,69
37,43,71
7,20,81
97,83,62
66,97,12
64,16,47
42,38,82
2,19,88
87,13,72
69,78,14
78,36,71
9,55,49
36,9,22
67,76,26
77,97,61
91,88,6
97,25,23
8,12,11
72,40,45
38,31,8
43,50,77
83,16,30
6,57,28
24,1,72
83,42,11
38,6,11
39,79,94
82,27,66
71,97,50
78,72,68
14,44,50
48,43,94
90,16,35
19,98,81
75,55,13
30,40,71
59,45,21
55,22,84
59,81,9
5,30,32
22,75,64
30,31,29
82,21,10
20,63,40
52,48,56
63,52,11
29,1,92
56,74,24
64,80,17
47,29,30
19,21,63
8,48,29
26,3,26
