76,44,21
17,64,35
16,44,87
11,16,50
35,83,89
67,83,65
1,20,17
79,47,29
39,74,70
10,36,19
21,32,48
21,60,69
56,52,67
41,72,44
45,3,25
79,33,23
89,77,64
10,94,92
48,13,20
23,10,84
9,14,24
23,73,82
30,78,82
65,72,18
47,69,16
81,89,43
15,54,1
37,98,19
84,48,94
18,39,45
40,68,26
14,12,35
94,29,98
6,38,83
20,39,93
20,63,36
96,46,9
92,43,82
38,1,36
27,86,66
44,1,88
80,30,41
84,82,98
16,63,23
46,78,91
75,27,72
31,49,30
52,21,31
61,69,61
37,6,17
69,76,71
22,18,29
32,34,53
98,29,20
65,53,61
52,7,5
41,82,55
75,48,45
32,97,11
47,91,48
51,76,98
40,62,35
57,17,25
5,83,98
47,45,68
44,14,51
14,74,71
65,76,98
46,71,84
97,45,34
5,53,42
34,16,91
94,32,42
4,54,10
58,18,78
43,75,68
71,84,54
6,25,82
10,13,47
46,71,30
65,31,20
42,47,68
34,93,24
22,87,71
90,23,30
64,64,94
39,9,96
77,68,44
30,28,71
19,82,48
79,55,51
7,90,84
49,96,68
44,10,34
11,51,64
7,44,55
42,43,30
7,28,29
57,37,64
2,90,18
80,33,33
24,97,73
31,66,52
58,19,39
91,63,1
17,29,79
87,25,11
8,39,18
74,34,24
43,76,28
36,16,69
82,70,4
66,4,24
10,17,76
1,48,27
82,85,15
46,87,27
18,85,12
59,44,91
20,76,32
40,5,44
24,87,53
52,74,40
43,78,45
5,74,52
7,37,1
15,43,81
91,8,16
95,46,58
61,49,8
15,86,3
76,42,34
95,48,54
88,26,54
7,46,23
8,97,52
39,41,4
81,33,7
17,50,94
93,50,87
41,30,93
81,57,16
90,83,90
34,46,83
60,10,71
30,24,31
35,4,6
46,51,64
56,95,20
96,22,83
30,68,55
39,75,22
88,58,29
63,49,5
36,82,73
84,61,13
5,67,30
25,12,96
94,98,3
2,55,60
98,39,13
68,48,3
35,82,88
96,87,12
49,9,35
22,65,57
66,23,83
16,78,45
37,47,89
64,66,90
31,5,74
53,3,76
62,62,79
49,63,57
69,87,66
40,26,7
65,34,3
28,48,98
76,17,87
61,21,78
18,35,95
51,58,45
28,40,48
8,50,64
75,36,14
9,82,40
25,15,24
11,94,5
78,59,26
47,90,23
37,11,82
15,79,30
8,37,71
62,75,88
42,72,24
52,40,44
86,81,68
49,8,55
91,48,40
6,80,82
98,69,80
8,31,46
69,75,25
21,77,35
28,35,25
44,34,82
4,53,45
29,98,31
82,45,7
9,76,45
33,56,59
12,42,81
86,69,28
18,67,28
77,74,58
21,7,64
73,38,50
63,58,83
83,65,15
50,11,79
54,4,18
44,41,31
1,49,88
48,17,79
69,84,49
32,30,10
18,88,7
97,37,88
59,13,5
96,93,49
46,1,91
13,73,61
52,86,60
47,38,5
74,95,19
4,29,93
17,98,24
84,88,42
93,65,91
31,35,26
56,13,12
12,3,12
46,46,91
26,80,28
51,56,63
50,94,55
22,48,62
85,64,55
58,10,17
15,45,9
10,93,13
10,25,94
13,8,62
53,90,67
78,46,42
17,77,46
26,40,71
50,84,58
72,59,50
6,90,9
74,7,62
21,13,35
94,2,56
45,17,50
66,13,58
76,18,15
14,75,42
88,70,3
67,69,66
98,22,64
48,2,44
78,35,94
80,19,46
85,79,79
79,88,81
74,12,21
56,18,6
86,44,37
15,44,79
26,42,25
81,81,88
6,47,2
97,51,46
48,39,39
31,42,69
57,60,58
31,95,46
46,84,54
4,68,30
84,69,35
91,24,49
14,68,29
30,41,87
37,9,85
29,35,13
12,20,3
23,22,66
21,71,65
64,48,78
58,51,55
83,20,60
11,5,4
30,20,20
65,28,72
50,40,13
72,60,52
62,81,43
40,87,36
31,49,96
92,74,38
44,70,17
54,83,15
57,50,83
50,4,76
94,8,33
10,14,15
93,72,59
41,85,1
20,78,95
48,74,60
71,51,8
72,62,35
91,68,56
86,56,78
93,15,53
17,39,19
72,34,31
12,86,5
7,18,58
36,95,85
14,98,39
61,74,29
96,41,84
6,21,33
70,1,17
50,70,33
30,15,62
86,35,38
7,85,25
44,64,5
70,70,38
1,41,37
19,84,22
82,60,98
70,98,71
63,10,70
64,53,3
5,37,29
74,20,49
93,1,20
82,69,89
51,85,44
30,82,3
44,17,76
10,8,33
24,57,64
13,90,53
15,32,25
75,58,73
92,76,76
79,44,69
71,71,96
57,30,12
3,46,84
78,16,63
74,20,22
80,41,55
87,5,73
47,42,32
4,55,88
60,71,45
57,64,96
87,61,46
83,19,97
94,36,76
8,3,38
75,73,10
42,95,61
98,74,36
84,49,87
72,5,80
44,39,84
13,33,32
3,55,41
95,64,84
83,46,10
44,49,45
78,29,93
85,87,79
98,81,28
79,51,17
91,85,93
41,62,26
78,39,38
10,76,78
53,89,92
31,10,9
20,9,33
30,38,30
87,81,28
82,27,98
76,38,10
21,84,47
40,84,64
7,26,41
88,22,75
96,59,34
48,88,36
69,49,55
96,82,37
74,42,45
79,57,68
88,33,54
85,64,50
42,46,83
93,78,62
37,89,93
41,48,50
15,47,70
33,19,74
18,57,58
50,28,89
69,79,97
81,73,91
19,17,70
48,66,67
9,38,83
86,64,3
62,70,29
94,73,17
33,93,32
60,30,1
83,28,46
21,44,40
6,43,42
60,63,39
69,92,12
48,60,18
15,45,37
73,67,6
26,6,23
73,13,52
98,64,28
17,26,94
34,55,82
58,26,34
30,23,25
51,57,49
66,94,98
78,21,97
55,11,86
94,80,9
6,10,40
96,37,43
74,58,30
42,59,8
95,10,77
35,5,30
82,25,41
37,15,27
33,10,89
55,3,29
28,60,50
26,93,44
22,26,59
89,51,2
83,51,10
52,26,34
27,47,65
75,70,12
69,42,21
7,7,20
98,16,55
58,24,82
24,25,40
91,97,55
88,77,63
45,7,59
50,25,36
95,48,37
7,70,47
84,40,12
18,36,65
40,9,30
55,41,35
22,65,45
12,42,30
56,59,25
51,31,18
25,6,21
9,39,3
82,41,58
84,65,71
40,9,23
76,71,66
78,68,37
14,9,53
67,58,20
44,64,54
58,26,36
37,51,63
24,22,81
61,75,58
2,54,19
18,64,58
11,68,69
60,66,32
30,11,88
49,35,11
67,78,54
7,59,70
64,54,14
31,49,10
57,94,95
13,63,70
78,88,83
96,85,20
56,41,75
37,39,36
63,96,24
9,89,28
52,65,80
32,43,20
19,83,14
44,84,19
47,67,22
93,58,28
50,96,85
64,23,53
63,2,73
63,55,57
40,57,12
4,95,18
71,1,24
47,12,47
23,55,56
23,41,45
8,43,73
48,26,12
30,15,55
5,45,78
76,32,67
88,12,10
36,5,36
52,56,4
24,11,15
71,51,84
98,58,60
5,70,3
41,45,87
92,3,64
27,22,51
92,73,40
66,30,97
23,73,67
24,70,6
4,18,25
28,60,43
40,93,15
86,83,34
3,25,17
14,95,67
44,55,61
37,44,73
17,1,38
1,74,96
56,38,65
24,53,59
9,97,57
90,23,34
18,48,4
40,29,89
89,45,16
57,19,55
92,34,78
73,85,30
33,74,1
43,7,79
2,58,70
55,75,62
58,80,27
51,74,97
42,49,22
77,22,93
79,54,58
48,62,72
36,64,80
84,45,2
82,83,73
52,63,90
87,29,26
74,75,19
17,86,52
37,79,65
62,35,31
58,97,83
84,51,63
19,65,98
90,2,84
97,96,13
39,21,98
73,30,23
62,84,95
72,30,45
87,62,95
75,14,43
10,98,54
20,15,59
60,57,81
84,68,93
33,49,66
85,58,57
62,59,58
29,72,33
9,37,7
78,32,53
94,93,9
68,58,92
37,63,87
5,51,50
96,53,97
49,30,10
1,18,45
64,79,58
48,73,25
82,65,29
87,94,34
74,39,71
67,35,81
83,92,55
64,92,64
31,31,25
40,39,79
55,12,20
2,1,64
79,30,69
41,19,97
24,2,49
39,92,87
9,1,29
25,98,7
85,55,15
23,39,52
9,28,28
22,79,30
89,18,79
23,49,74
84,44,23
93,24,9
26,34,76
78,2,25
9,45,94
69,56,65
20,46,76
56,6,28
17,37,62
7,23,75
75,47,29
50,8,32
58,46,79
19,75,24
60,64,67
12,36,9
50,23,4
88,26,96
90,5,30
61,80,63
26,36,81
86,30,2
47,77,28
78,36,2
66,80,64
83,58,34
40,33,71
66,61,7
22,61,88
20,79,19
85,77,79
1,62,27
21,8,8
23,3,61
82,28,60
56,74,63
83,24,84
41,63,81
84,22,88
5,81,59
54,40,22
51,30,31
59,75,8
55,8,89
42,95,1
2,88,8
90,18,43
61,71,62
34,56,9
37,73,12
94,14,15
56,24,93
23,64,92
13,48,9
25,97,77
68,36,87
1,9,38
41,45,77
98,10,31
1,82,48
78,7,16
12,41,85
64,49,60
76,17,40
79,72,63
59,53,26
38,62,80
96,86,81
54,27,33
17,28,44
63,37,29
45,87,41
69,55,32
34,70,98
41,86,48
95,79,36
35,18,6
52,7,61
93,96,30
58,11,38
61,80,85
42,55,31
30,55,71
51,10,90
96,77,96
50,50,63
3,67,48
75,24,76
29,2,70
12,50,34
93,42,36
70,63,4
78,85,11
81,94,94
80,96,14
39,34,44
64,50,23
42,7,35
96,75,88
94,43,17
9,83,29
68,39,74
46,58,6
1,81,51
30,28,83
61,90,41
53,21,25
22,38,79
26,26,18
42,52,97
76,45,76
64,31,69
50,95,36
62,59,6
7,54,8
57,30,81
75,60,31
81,37,26
82,38,28
22,49,34
22,10,63
6,12,62
12,47,30
75,60,81
23,45,49
17,84,66
14,13,59
8,72,97
43,42,91
58,34,87
87,66,30
31,62,48
64,27,12
84,61,34
27,88,73
72,27,33
89,39,13
37,83,79
26,72,39
20,64,21
7,13,12
97,35,40
10,58,28
94,34,75
9,39,87
41,33,47
51,49,58
16,41,33
80,14,61
53,15,65
57,82,2
79,41,84
94,6,83
31,35,38
88,78,10
76,32,17
58,53,55
4,73,87
84,7,82
54,5,31
47,42,26
63,83,58
37,13,21
25,96,65
2,61,32
77,44,84
26,50,43
21,29,42
70,4,84
47,20,61
83,53,96
5,27,51
51,24,65
55,42,66
81,79,5
91,91,91
46,45,9
36,37,75
29,19,11
45,94,56
17,53,40
12,86,32
27,54,26
79,32,42
88,82,96
29,24,41
62,6,8
35,4,87
75,34,79
51,82,90
13,34,34
39,58,7
28,60,60
10,18,72
76,40,49
11,51,60
14,60,75
9,88,17
64,89,59
39,11,8
86,9,55
44,82,58
14,71,1
32,48,69
61,42,39
64,89,45
38,2,7
38,59,87
54,74,73
92,18,44
39,49,3
98,38,45
58,67,62
29,50,50
82,23,63
84,90,76
68,4,60
90,66,9
71,79,28
38,98,74
39,98,39
83,73,59
20,23,39
82,57,8
66,32,82
86,23,18
7,86,70
37,12,58
60,6,77
88,96,19
72,57,43
97,11,41
37,18,19
95,81,31
22,14,63
26,10,92
85,44,78
37,93,27
54,84,44
78,86,97
41,20,46
63,61,69
46,59,7
80,50,48
65,55,40
68,4,87
37,87,14
59,79,42
65,8,66
70,92,58
63,76,83
37,18,74
21,46,30
2,90,7
65,98,18
27,83,16
15,8,51
69,73,96
47,42,55
56,92,54
1,62,29
49,96,83
36,62,74
8,59,70
57,71,68
83,54,24
39,25,80
93,70,98
56,47,35
78,47,75
32,28,81
38,37,94
42,94,16
67,79,17
32,78,54
49,84,23
20,16,14
93,30,74
85,44,50
92,8,1
59,2,5
26,6,21
3,87,25
38,55,27
77,56,4
94,7,54
89,90,38
97,53,23
95,75,38
54,17,54
68,32,26
40,48,74
98,66,75
79,76,54
85,92,37
34,36,9
93,28,17
73,32,26
68,71,42
97,87,20
89,98,50
31,83,41
95,8,22
43,92,95
9,37,28
93,77,43
26,88,30
13,43,61
80,50,47
3,56,31
81,29,27
23,69,37
78,97,45
6,90,61
23,36,82
5,17,58
20,91,22
92,29,59
3,66,62
95,73,20
85,49,52
55,30,83
47,80,24
1,9,48
14,11,93
90,67,34
26,84,23
67,78,22
35,37,97
33,11,53
70,28,41
9,48,75
26,54,59
19,45,74
52,47,15
54,7,28
22,67,89
12,7,16
5,75,25
90,40,9
27,1,26
75,43,26
34,43,24
31,30,53
46,48,74
29,66,91
7,46,70
28,17,30
13,43,43
42,88,72
94,16,33
90,61,81
93,13,20
