75,31,39
64,83,34
44,8,23
33,84,70
96,50,59
36,6,73
8,42,68
35,14,45
58,95,29
28,36,44
7,30,90
63,46,75
78,80,59
77,83,48
28,39,3
2,71,41
51,82,94
37,29,87
90,69,36
6,1,55
44,16,22
57,9,84
47,6,53
5,1,21
28,32,82
41,63,49
16,79,66
67,96,3
73,88,80
61,25,44
82,54,39
24,77,2
93,23,74
1,3,77
92,85,70
3,36,40
27,2,17
21,71,6
63,7,88
47,9,17
20,70,22
58,39,89
95,58,30
22,40,76
18,75,52
97,27,75
88,75,63
47,4,50
75,46,59
24,23,5
52,30,19
16,93,13
17,12,63
27,54,48
81,97,3
39,86,51
96,56,36
34,28,55
90,2,46
18,75,31
61,19,16
7,89,4
79,41,47
42,69,92
21,80,24
8,16,98
11,82,20
70,37,81
18,55,50
46,93,54
93,4,48
72,35,13
28,70,56
91,78,59
66,54,57
25,82,56
52,98,27
65,97,6
36,17,87
64,76,45
12,92,35
2,46,50
95,93,75
67,92,37
24,70,12
89,59,60
33,45,5
53,22,7
36,37,81
1,91,13
4,32,62
91,56,76
92,66,3
89,65,7
7,79,71
96,90,15
4,71,33
20,70,52
89,9,93
9,14,42
15,44,91
18,32,15
36,54,39
77,48,15
25,48,18
43,64,20
45,73,77
79,46,63
67,29,97
55,15,27
32,12,49
94,92,77
93,32,18
82,33,44
12,4,28
28,81,14
23,37,74
85,17,88
1,92,54
76,52,73
59,18,27
34,98,12
69,19,68
72,22,77
37,21,45
24,81,17
2,82,87
2,30,5
91,48,72
28,55,22
71,68,18
6,87,9
98,61,83
21,6,89
50,52,56
97,62,69
64,8,92
1,29,45
59,41,83
9,13,77
94,90,45
71,98,12
8,31,42
66,40,18
2,21,11
13,44,92
68,69,47
63,52,34
43,65,63
43,42,46
90,31,90
50,50,87
92,37,36
11,18,80
23,57,13
58,8,84
4,94,9
93,90,54
88,69,20
65,48,64
79,67,9
32,33,81
60,83,22
53,83,76
10,44,13
37,12,3
65,41,16
49,52,12
77,79,70
55,69,76
63,2,57
59,30,33
26,12,90
83,88,30
5,79,60
72,28,64
80,30,60
88,64,2
78,73,39
52,24,94
18,89,14
53,28,1
96,10,30
96,3,48
3,78,30
26,12,92
67,2,86
79,76,5
37,23,93
6,69,57
75,60,89
56,98,48
40,48,45
37,9,80
85,69,9
75,98,69
42,44,36
2,79,9
83,56,67
25,97,42
84,28,42
1,16,42
82,92,14
15,35,1
13,83,55
18,6,38
95,51,40
37,37,10
82,37,62
68,91,60
97,32,42
30,81,57
57,14,66
39,78,54
11,18,92
78,34,60
11,53,47
62,92,13
1,92,65
29,13,39
49,57,38
8,40,43
20,5,47
11,90,86
46,12,19
52,90,21
66,44,27
66,27,6
68,33,59
72,89,90
44,36,75
33,94,46
34,67,20
46,7,16
93,12,76
41,57,10
39,83,59
2,65,71
3,43,57
12,40,93
31,2,34
49,31,54
98,61,67
87,66,82
67,95,20
61,50,57
46,74,1
83,42,11
54,75,41
85,78,55
50,80,74
69,62,60
69,65,39
1,51,95
10,92,16
23,11,38
79,14,69
54,70,67
78,20,70
88,28,12
55,91,3
58,36,88
74,93,6
15,93,96
81,76,56
23,27,15
77,98,45
1,58,11
32,45,81
57,70,43
43,98,5
93,16,73
46,85,60
96,50,23
36,1,92
2,92,94
86,86,14
76,22,72
83,29,91
52,14,27
38,15,8
54,44,3
16,36,32
30,37,98
60,94,77
95,39,19
97,75,60
7,75,5
61,85,83
8,39,66
86,41,57
45,91,51
21,86,94
22,79,83
9,96,14
28,25,38
53,1,60
72,81,60
95,67,56
54,91,20
51,84,1
59,34,84
5,96,44
27,70,87
90,14,42
12,40,40
8,69,89
3,73,77
43,82,40
82,30,9
25,36,17
7,47,92
60,66,6
92,8,2
66,94,78
23,27,70
86,16,34
76,50,85
54,83,63
52,79,61
57,7,65
98,62,9
87,95,81
16,38,93
33,20,28
36,44,38
41,18,71
8,92,10
11,40,34
47,55,11
74,87,66
68,92,92
88,29,22
18,58,82
28,85,57
21,51,89
86,20,94
44,23,26
65,76,91
82,37,16
76,16,29
69,53,6
36,1,84
96,42,28
46,84,41
24,94,24
41,70,72
35,52,85
31,86,70
28,37,71
49,2,6
94,89,92
1,19,61
97,20,47
21,90,66
88,9,22
44,55,62
16,49,63
92,37,48
39,95,25
20,34,4
80,59,98
23,96,7
81,28,20
78,87,98
17,77,35
74,27,1
86,40,64
41,69,70
5,66,67
40,56,2
27,56,93
21,86,72
88,26,50
96,95,96
23,34,47
44,35,73
17,83,42
50,72,72
85,24,77
83,79,34
14,70,64
46,45,84
93,74,89
81,62,53
2,44,60
29,2,62
48,60,85
60,11,18
50,97,46
45,85,49
48,82,31
6,77,67
62,18,38
67,37,89
14,31,85
70,36,2
46,42,58
52,39,22
8,9,66
56,43,82
40,52,37
83,94,65
18,58,76
14,9,8
4,55,34
33,15,84
90,8,50
21,81,59
67,91,83
49,17,38
12,71,26
6,92,15
54,29,95
84,27,32
35,96,55
98,24,41
92,68,49
69,8,44
34,37,92
82,42,87
3,51,31
76,81,59
50,94,93
31,62,3
86,5,47
60,42,31
53,25,32
66,82,68
30,14,5
43,89,19
86,6,70
95,53,24
65,29,87
51,16,67
44,19,25
23,80,76
85,23,98
42,42,62
71,37,57
34,63,19
89,23,9
58,17,3
20,45,80
92,29,45
88,93,9
39,59,50
61,84,72
85,77,39
16,58,35
66,66,61
51,2,30
20,88,74
97,9,23
34,53,11
78,56,65
94,25,25
26,77,95
83,49,1
53,22,68
30,36,39
36,29,84
91,19,71
13,10,37
27,53,53
53,17,47
16,88,71
7,3,84
92,51,46
48,54,14
65,69,88
30,54,20
87,23,16
69,18,5
40,89,30
7,48,66
88,36,74
20,93,18
86,54,60
73,67,11
54,15,77
21,31,27
91,28,75
60,9,56
48,27,55
12,85,4
54,18,89
75,79,1
3,18,51
84,4,18
90,68,14
72,72,66
81,50,51
1,66,48
56,37,86
11,88,41
47,82,36
65,14,87
73,72,2
68,38,52
78,29,60
29,6,22
69,78,1
95,39,42
88,25,94
69,62,84
50,28,57
8,44,81
58,79,77
66,63,94
3,44,24
85,20,10
17,70,64
61,50,85
86,67,24
77,30,75
74,51,79
60,13,48
62,11,43
29,6,78
78,98,60
13,46,19
66,7,53
34,87,2
52,22,56
4,79,27
8,9,82
73,25,62
60,42,67
25,46,45
32,30,19
49,36,13
86,3,7
89,98,42
63,42,56
58,41,38
10,2,4
83,48,5
96,39,4
22,19,3
43,49,85
41,19,79
38,40,24
36,62,94
31,9,79
3,27,30
97,89,97
86,1,60
92,32,2
63,4,80
21,96,44
22,64,78
66,67,18
27,40,79
59,76,55
7,11,67
89,90,7
39,60,58
81,48,54
63,89,7
21,35,87
98,97,87
96,69,53
86,30,20
88,33,14
20,73,63
71,80,98
9,76,14
84,38,10
41,52,6
10,19,27
85,1,28
98,32,83
33,8,11
49,85,10
93,80,29
68,67,66
66,86,63
97,42,98
18,77,1
16,60,13
18,97,66
30,26,27
91,10,83
14,41,60
98,19,9
82,49,91
95,54,82
35,19,98
85,62,55
97,54,17
70,21,33
11,6,79
58,20,59
50,79,21
64,33,70
72,18,54
41,41,59
95,73,31
22,45,17
94,39,56
36,32,40
11,10,35
44,30,97
33,22,33
60,28,17
76,36,7
69,87,24
70,14,6
28,18,2
62,14,91
56,42,61
63,3,23
59,20,38
23,29,4
3,69,67
6,80,27
33,43,73
74,39,92
73,18,3
31,50,91
76,96,22
14,46,65
7,22,12
77,23,81
98,39,79
69,44,14
87,57,19
78,53,63
49,30,88
67,80,57
61,54,91
32,59,54
42,18,50
42,1,69
54,96,22
57,48,20
46,76,34
47,74,6
89,74,54
16,53,69
35,52,90
34,77,49
89,69,88
32,42,55
2,77,6
12,31,62
3,18,94
84,98,43
46,52,26
12,34,25
48,69,77
57,98,95
40,68,82
10,49,63
51,73,81
66,30,54
80,89,31
51,4,16
33,29,36
4,55,18
74,9,75
50,29,88
6,18,32
11,89,12
45,82,32
20,10,13
30,17,54
32,1,12
49,28,14
78,65,81
13,92,57
35,63,59
80,60,38
14,43,89
82,76,20
75,49,12
97,1,39
81,34,24
20,58,26
77,24,70
42,79,17
33,92,51
10,91,66
87,75,89
14,44,39
39,18,27
79,26,98
79,83,84
90,17,63
94,83,26
56,59,15
86,48,37
10,8,68
97,87,54
52,68,29
5,75,71
93,54,45
61,35,14
82,45,78
7,1,62
5,14,21
6,56,68
75,69,21
17,65,25
89,69,32
30,54,9
30,36,21
16,82,29
40,39,22
14,94,48
8,2,19
68,15,46
87,39,50
20,42,15
13,27,43
48,60,15
2,75,45
54,66,13
47,36,86
44,36,11
79,43,53
95,92,5
51,15,70
13,70,40
10,15,39
15,29,75
16,29,56
78,35,2
29,64,12
70,19,52
86,31,92
49,39,42
23,57,23
55,88,30
62,48,57
6,13,83
93,12,67
31,39,29
68,29,66
37,30,45
41,43,18
25,4,94
72,96,62
85,27,51
12,83,80
80,1,35
93,31,64
93,6,18
27,67,4
82,73,97
56,25,47
54,48,89
45,48,67
43,15,66
46,35,74
74,3,88
69,3,71
41,56,54
32,52,57
23,48,66
77,20,33
35,32,35
42,3,47
79,74,17
77,65,16
78,60,92
76,51,29
55,97,50
47,5,50
95,20,30
68,86,3
4,10,44
53,87,75
54,10,27
49,39,39
92,66,7
56,25,28
10,75,90
26,14,5
50,31,48
80,88,78
1,98,41
73,86,10
55,84,98
81,83,1
8,70,22
7,16,14
7,34,7
27,81,66
37,53,41
3,62,34
61,64,36
34,78,87
59,71,72
35,68,46
38,85,80
93,3,97
29,43,97
9,41,27
12,73,88
77,84,53
19,69,66
4,60,66
17,26,65
48,95,91
97,9,96
51,65,60
60,12,96
93,87,80
53,57,60
59,16,75
54,44,56
88,39,76
62,71,53
74,50,4
69,38,34
7,18,44
84,81,16
87,54,26
42,11,93
67,85,28
77,66,91
29,52,41
12,70,4
3,93,69
72,87,17
89,70,96
16,85,38
31,20,62
61,27,9
71,84,55
90,80,63
84,56,51
27,46,61
93,69,23
81,81,42
16,88,50
76,64,11
51,9,1
11,83,71
98,12,61
78,3,5
14,50,56
31,72,31
50,89,93
45,66,5
79,68,53
51,64,7
89,83,25
12,70,5
42,78,74
39,68,83
31,87,2
23,92,1
9,69,58
34,28,84
73,27,15
75,55,39
46,28,46
45,74,28
87,90,15
50,15,20
89,15,13
95,18,17
48,94,79
26,21,24
19,49,56
7,60,64
71,55,19
54,18,13
58,59,68
69,84,55
47,49,78
40,29,38
24,86,28
12,95,92
6,38,57
60,49,69
49,87,43
27,20,55
79,55,28
81,34,76
36,32,30
36,74,40
10,10,62
38,8,31
52,32,5
65,28,24
11,77,6
9,8,46
15,16,21
73,92,93
38,89,97
43,70,75
70,24,61
11,11,46
65,84,50
79,37,84
1,20,70
35,70,65
45,36,63
53,34,97
12,44,80
33,83,74
46,74,13
51,22,6
39,25,38
20,42,73
89,48,26
12,28,93
12,7,33
56,84,4
80,17,72
96,69,56
56,66,1
43,88,91
94,88,38
78,69,39
71,36,77
20,78,94
9,86,19
89,70,76
72,24,61
89,26,60
34,67,40
5,23,91
41,16,3
17,44,80
36,49,18
33,52,45
13,8,21
65,42,36
85,15,59
6,26,57
8,95,55
15,94,61
5,55,89
80,52,35
71,16,87
3,40,47
83,36,74
5,39,28
82,21,9
81,33,18
50,87,11
55,27,47
68,40,76
25,75,57
74,41,9
80,26,80
39,62,38
18,52,36
2,70,94
82,94,62
93,56,49
67,84,14
93,45,74
70,39,50
20,59,32
8,93,93
84,56,12
71,94,55
35,17,86
66,98,57
33,25,97
27,47,19
83,83,49
3,66,63
48,50,65
7,19,9
33,87,71
54,89,49
78,68,19
42,83,46
45,23,69
10,27,49
30,67,72
37,54,50
8,66,51
89,96,4
29,60,29
32,38,95
80,26,2
71,87,81
65,95,62
13,34,39
63,51,90
24,18,46
53,71,98
89,62,54
92,56,84
92,10,40
29,29,61
46,27,63
82,73,40
49,94,79
19,3,31
71,14,24
53,2,10
