91,81,90
55,33,45
77,12,47
69,98,51
49,28,73
86,73,30
19,90,5
93,66,69
93,98,88
23,37,10
65,44,87
89,70,69
39,87,39
46,61,7
39,74,47
50,81,21
13,2,21
95,51,1
85,35,97
96,42,10
4,75,87
50,85,37
68,91,3
14,97,19
78,10,54
66,14,60
50,10,27
60,66,17
79,28,70
86,81,44
97,33,66
88,73,12
92,73,14
57,76,48
41,41,69
42,95,59
60,33,56
18,4,94
10,82,87
2,6,66
10,14,4
66,27,29
75,1,18
7,62,89
34,72,8
58,20,34
63,43,78
36,68,69
9,88,85
75,73,98
59,63,17
28,31,55
41,71,44
76,96,33
36,18,92
81,98,81
26,22,78
94,98,61
82,26,87
10,86,52
46,4,38
65,83,27
58,51,96
19,27,21
68,75,36
15,90,9
4,56,29
76,78,53
17,7,53
4,95,49
58,15,72
6,82,4
83,13,76
42,27,40
56,91,1
70,1,29
21,43,55
69,30,40
32,38,71
30,36,39
52,19,55
61,86,38
13,13,91
24,75,86
60,3,26
13,5,22
51,82,1
28,5,89
51,96,89
74,32,3
33,38,55
86,61,92
83,6,61
85,3,85
15,22,88
47,12,24
54,7,66
96,13,85
53,17,20
72,9,11
34,34,62
52,57,78
55,2,1
13,73,98
50,51,6
90,57,9
54,68,81
53,97,63
33,85,15
53,38,64
54,15,95
89,56,81
93,89,19
33,65,67
12,1,85
50,38,74
29,45,32
45,96,10
93,22,29
57,62,80
91,71,87
89,13,41
32,6,95
1,75,42
16,29,56
58,55,67
33,95,73
52,79,66
69,29,72
25,23,80
65,11,97
27,4,87
50,44,46
96,56,57
46,28,84
70,95,14
30,64,1
69,29,97
54,39,13
18,20,42
61,54,74
89,11,32
56,57,98
5,71,65
42,89,81
60,23,87
94,96,17
7,72,6
30,52,57
76,43,35
4,38,25
38,95,84
58,64,13
47,75,48
58,86,30
37,76,98
67,98,64
25,80,46
34,87,14
36,34,49
3,64,86
57,9,65
71,19,60
17,13,84
92,85,3
60,98,53
53,9,46
28,75,54
24,2,41
72,97,88
86,69,63
57,60,31
37,20,67
43,23,24
17,18,13
95,88,18
53,35,59
80,65,5
60,85,57
33,43,79
9,59,40
7,76,85
93,62,91
37,55,36
42,23,66
53,93,40
90,19,30
44,28,43
83,65,4
88,90,29
17,57,97
78,97,2
72,24,6
43,63,39
96,17,61
58,62,60
14,81,82
19,14,48
61,24,94
82,75,30
44,58,67
8,45,96
5,94,25
90,13,55
77,48,58
77,28,45
31,93,15
84,50,60
10,45,41
36,37,49
48,18,20
90,97,24
32,82,66
30,2,47
38,73,10
24,78,33
46,32,4
92,2,10
83,19,27
61,77,98
33,2,67
65,51,96
48,83,59
46,25,43
13,13,86
27,74,71
47,57,93
80,27,6
70,6,12
29,92,96
98,26,80
77,28,44
84,96,25
43,8,19
91,79,67
54,95,50
82,12,49
37,22,57
30,49,2
12,93,5
40,19,55
52,63,5
21,79,92
58,44,86
64,50,76
7,88,21
58,7,14
81,22,2
15,95,6
27,62,87
80,76,14
8,87,66
10,75,70
65,4,74
75,52,28
82,92,90
63,82,57
44,83,57
67,50,6
34,82,49
68,96,62
88,55,53
7,54,54
87,5,27
55,44,58
70,2,36
43,47,32
47,28,27
11,74,17
45,38,64
48,49,54
62,38,2
70,52,44
40,59,53
97,95,39
16,10,45
78,78,29
18,72,68
2,45,16
24,60,45
77,74,92
25,94,94
12,76,41
83,72,74
6,36,63
87,73,72
20,8,80
21,4,23
56,15,66
23,10,84
55,9,75
62,85,73
92,51,54
55,49,49
62,61,77
84,47,96
15,71,28
39,66,22
47,98,93
85,60,60
12,30,5
44,79,46
53,62,24
50,55,60
44,8,38
17,62,51
5,80,54
85,6,20
79,66,37
12,46,4
74,59,95
83,56,53
10,26,88
78,87,29
6,21,41
92,42,41
25,4,59
55,8,64
19,45,24
20,94,15
10,78,7
33,49,81
54,58,7
16,67,23
20,55,94
19,84,77
11,3,42
71,77,47
70,17,72
16,31,18
28,21,94
45,75,31
48,37,50
82,31,84
15,14,53
65,87,83
90,17,62
35,35,3
15,60,28
64,63,64
61,87,95
85,35,15
3,39,33
52,89,80
48,9,32
75,43,91
35,38,73
84,39,77
52,98,30
46,88,93
70,67,17
56,59,66
42,49,29
51,57,88
5,4,11
65,60,5
27,60,65
88,69,36
42,83,29
65,18,19
49,78,59
47,39,58
50,1,77
43,87,50
94,72,49
87,88,44
76,10,29
22,70,14
9,76,64
2,33,11
92,81,83
1,9,47
40,70,43
86,91,10
8,22,98
45,29,36
26,82,41
76,90,53
21,47,18
70,63,63
72,76,21
98,84,44
75,35,30
32,31,24
68,35,42
44,77,96
28,57,26
53,71,69
28,83,36
29,5,42
93,46,65
59,11,78
1,43,17
62,13,77
8,30,15
29,40,6
58,94,79
9,67,60
84,91,17
26,73,43
13,87,95
57,16,75
89,21,27
44,29,64
88,90,14
46,6,4
1,84,29
20,76,87
75,87,1
89,21,95
1,26,75
61,26,64
32,61,56
58,33,76
98,71,61
30,1,49
38,75,57
29,42,18
53,44,57
18,92,27
36,76,21
78,66,76
40,59,57
24,80,89
50,81,78
30,53,86
31,50,93
22,46,93
56,21,61
56,26,37
67,92,43
16,43,18
16,38,71
39,38,21
25,4,24
45,49,1
66,97,82
18,23,4
66,90,25
18,57,9
13,8,51
52,20,48
55,67,91
39,76,94
74,43,92
58,72,75
4,98,66
36,45,89
23,74,98
20,88,82
7,55,23
95,6,39
97,91,2
52,16,91
57,1,21
76,44,86
14,89,74
73,81,3
60,15,40
28,61,33
25,64,70
71,91,3
8,78,60
88,1,47
22,92,58
28,69,71
31,64,43
45,43,32
19,75,76
93,83,93
19,80,58
32,22,29
32,72,67
1,36,35
80,94,40
56,77,53
50,71,73
23,15,39
9,78,11
9,30,29
63,22,80
46,63,15
68,93,85
60,77,92
87,35,18
61,76,44
90,69,82
36,61,88
73,25,15
44,21,75
84,29,33
39,40,94
4,84,13
78,7,15
10,73,29
29,92,65
25,15,70
78,11,79
52,12,71
3,52,87
46,66,15
25,32,94
92,71,75
96,31,87
45,51,93
81,6,52
4,28,82
80,92,12
27,40,72
56,48,59
82,59,72
81,45,30
6,7,93
36,46,50
39,73,54
67,8,44
44,59,70
68,44,5
71,87,30
33,28,30
38,88,45
20,17,43
20,19,43
4,73,46
95,47,75
75,29,75
57,44,4
50,3,76
95,51,32
3,42,77
45,78,32
56,28,96
24,1,34
29,4,30
52,44,80
49,25,5
75,39,96
84,10,88
36,65,89
70,71,91
90,73,93
81,55,37
7,26,83
16,69,94
60,37,73
24,68,89
3,61,24
75,20,92
11,59,89
38,67,52
84,58,57
79,19,37
58,14,70
95,97,65
89,39,92
29,39,10
53,10,35
16,87,33
18,54,78
79,3,10
22,87,98
80,27,64
45,80,18
98,66,90
67,78,33
37,50,24
16,95,48
87,43,33
20,38,90
27,95,38
86,39,93
69,17,13
31,43,29
60,4,27
52,87,49
38,28,74
93,75,12
11,97,95
54,97,56
12,13,11
85,98,91
93,19,35
81,65,12
15,11,20
79,82,74
40,18,20
83,35,55
48,95,28
29,88,45
17,91,71
75,14,5
48,19,15
66,55,51
60,96,81
7,87,10
47,30,49
73,61,18
65,26,57
30,75,72
89,10,19
82,1,24
61,39,28
36,34,40
22,83,41
26,18,19
80,60,44
88,35,40
26,85,76
13,52,26
10,13,41
31,52,96
70,9,66
75,3,73
75,30,17
45,72,48
66,68,37
89,2,83
72,73,89
83,15,10
31,1,37
23,81,88
9,32,81
31,65,43
82,74,61
15,93,79
37,92,98
3,21,40
85,18,8
98,1,42
85,89,92
1,37,96
20,67,38
92,94,28
52,65,57
73,72,20
66,83,11
44,82,86
37,43,90
39,10,65
59,83,95
87,25,93
52,56,24
66,68,18
11,92,10
29,55,91
89,43,59
55,88,32
72,5,13
85,56,58
98,53,94
77,39,5
47,4,10
29,60,86
8,67,42
66,29,19
93,93,37
17,18,93
37,68,30
86,58,24
64,60,34
25,37,64
62,66,34
10,30,73
77,94,62
58,19,22
61,38,36
73,26,62
40,26,28
56,70,95
6,75,15
68,63,15
48,11,33
51,86,27
86,42,26
38,57,63
66,38,67
95,35,58
44,17,26
59,47,88
29,16,30
22,39,73
39,24,22
10,30,42
10,69,30
58,60,48
72,58,74
31,59,32
71,39,88
32,18,95
79,82,85
38,90,84
67,62,98
63,6,46
16,51,38
61,33,27
45,56,65
36,95,64
2,44,3
72,44,72
67,79,38
64,50,39
60,91,35
6,21,56
23,87,15
57,9,38
37,51,20
82,97,30
79,69,56
61,79,54
70,6,64
4,22,88
46,26,56
68,21,59
70,54,56
82,42,16
30,22,46
77,81,90
27,65,56
38,11,48
84,13,18
73,83,8
67,31,60
20,95,66
19,70,23
83,77,66
34,98,23
21,80,98
72,69,85
43,48,91
91,39,33
87,86,82
90,84,97
49,58,49
78,48,2
11,16,13
89,95,68
78,80,24
52,90,27
33,44,25
58,47,54
7,95,86
80,16,94
92,79,81
13,8,85
57,74,28
84,91,21
32,21,8
2,35,87
52,48,73
47,13,34
43,33,76
77,18,84
96,86,94
96,71,52
24,43,36
83,95,43
97,34,95
81,69,23
40,78,22
82,74,50
80,72,87
46,38,79
15,80,19
34,7,21
4,46,1
43,8,43
89,41,32
57,40,13
2,37,86
75,18,43
58,96,50
60,67,52
47,98,44
85,62,27
83,60,52
47,67,21
37,8,81
55,22,83
26,87,18
64,72,35
29,64,44
62,30,80
74,33,55
7,12,3
53,93,85
1,52,18
69,64,57
64,43,31
59,63,34
30,81,38
98,57,39
38,85,65
7,12,79
35,60,42
34,24,85
59,74,2
81,73,92
59,67,63
10,29,31
63,51,51
33,31,26
21,91,35
27,97,18
47,38,53
8,76,56
41,96,43
97,98,25
72,94,21
21,32,80
46,50,40
57,68,61
82,55,7
11,92,16
60,52,25
85,7,57
73,12,95
1,98,17
54,88,94
17,44,85
89,95,74
85,27,68
2,8,31
87,25,45
29,9,82
68,98,2
71,29,32
52,90,34
13,71,29
24,70,4
19,68,10
72,27,34
88,79,42
15,61,3
93,69,42
66,42,59
65,22,45
46,79,5
53,48,98
17,71,31
38,38,83
64,76,75
30,46,80
87,11,13
79,78,52
1,20,18
44,60,29
76,60,63
41,10,7
73,25,93
26,15,81
25,6,44
37,13,25
13,28,69
77,22,48
97,8,15
36,30,36
70,64,68
36,74,21
80,37,24
93,11,96
74,66,40
85,59,24
89,80,13
87,15,69
58,2,5
62,65,36
6,73,27
47,70,33
18,45,80
47,85,82
55,48,63
64,96,83
22,48,43
39,1,14
9,44,64
91,87,98
2,31,75
50,97,64
1,36,1
60,64,18
65,8,15
26,81,92
75,8,66
95,91,93
39,12,86
44,1,88
21,94,98
26,51,98
81,69,82
1,36,87
40,51,53
25,33,68
52,71,80
21,30,33
59,49,74
60,9,16
92,88,89
11,30,6
29,72,53
47,37,60
31,63,44
78,2,87
64,61,53
31,51,61
79,65,72
78,35,16
52,33,35
76,79,67
90,96,22
50,85,68
94,76,19
69,49,98
67,76,4
13,59,23
46,36,60
29,86,58
26,97,75
57,45,55
79,50,71
33,64,41
42,13,7
43,59,17
70,22,49
42,27,56
12,76,23
73,66,67
87,65,14
60,23,13
12,83,37
10,11,91
19,14,82
13,15,31
95,80,12
67,57,18
36,47,49
73,86,65
98,43,97
31,74,24
31,94,38
49,21,36
97,53,38
33,74,90
27,7,15
3,37,39
76,48,81
32,74,29
39,95,39
17,88,9
86,76,93
66,46,45
54,72,86
58,66,48
45,86,35
83,25,39
97,48,67
26,30,33
3,82,33
1,4,67
70,34,32
58,16,72
50,67,50
24,18,73
15,16,40
8,95,41
33,31,53
53,12,91
97,61,34
19,81,96
62,28,58
91,54,15
41,39,86
54,87,1
52,83,32
25,50,42
21,15,93
52,34,55
2,92,26
6,77,39
51,45,31
6,66,15
64,64,86
74,95,32
51,37,27
34,42,15
44,44,84
40,39,57
79,65,97
13,33,42
70,81,81
98,70,93
10,43,7
76,73,37
88,17,81
30,87,23
33,88,93
8,71,36
47,64,62
78,82,85
81,75,77
50,57,58
