59,71,21
16,52,96
56,40,1
54,91,41
32,95,68
44,3,76
85,91,67
84,17,47
74,39,18
76,29,60
9,43,98
85,49,68
62,52,90
76,6,72
39,91,77
61,49,66
22,23,66
19,69,96
50,86,27
34,13,54
3,51,18
94,84,13
1,16,43
40,22,8
37,48,29
90,6,74
34,50,59
16,1,62
67,22,48
15,48,57
44,69,55
78,75,39
17,59,95
18,17,39
93,52,2
82,8,42
94,1,5
13,44,50
38,13,87
19,30,54
36,28,29
65,46,56
9,63,77
21,45,33
79,33,72
1,44,55
39,50,49
6,8,19
31,26,58
56,96,81
11,37,42
55,94,19
21,47,27
73,65,85
48,54,32
84,86,97
66,37,56
69,92,36
23,68,22
37,37,64
52,60,81
16,56,83
92,84,57
55,90,69
8,20,35
21,48,96
32,94,44
92,93,19
17,95,13
91,37,44
19,32,44
25,88,11
49,22,24
73,23,2
76,35,95
55,80,16
9,10,35
37,62,30
61,11,47
62,37,61
48,3,5
20,74,39
59,27,86
3,62,82
55,68,58
29,47,74
93,49,66
22,39,24
28,77,83
64,91,27
78,51,31
97,92,51
98,10,4
74,57,78
5,56,45
33,16,21
62,67,59
37,89,45
18,68,33
60,47,88
44,41,37
85,10,87
33,26,61
81,59,62
73,94,91
48,42,36
18,10,28
17,75,8
24,15,98
15,93,5
21,74,30
93,9,78
37,89,70
87,67,56
89,92,20
40,27,20
88,51,65
30,81,18
76,45,44
62,5,91
84,97,54
53,37,31
40,65,52
65,77,79
10,40,69
34,11,70
90,43,79
50,32,74
62,59,60
64,5,79
17,34,57
75,69,39
68,25,69
62,86,50
6,43,95
81,89,11
46,89,6
28,6,14
77,78,41
11,21,48
4,96,76
90,76,90
58,73,22
22,88,11
75,62,33
59,1,90
53,71,32
64,26,63
65,84,98
88,63,62
14,56,85
78,21,26
10,13,56
40,82,71
29,48,36
96,8,36
4,52,26
46,73,40
36,75,11
40,24,61
44,51,30
42,57,49
58,30,37
6,16,58
25,92,55
75,40,33
60,63,84
21,69,63
87,4,10
87,37,3
23,73,71
75,23,65
4,49,11
57,1,46
90,86,77
54,58,47
33,77,41
93,46,33
47,85,26
86,79,3
4,29,25
98,62,19
90,50,59
50,79,91
60,52,64
31,14,47
95,82,36
13,76,18
52,97,47
41,46,79
44,26,6
20,73,12
27,26,19
3,67,1
63,68,74
13,49,29
97,14,21
97,90,1
64,47,58
35,82,44
79,37,92
69,35,83
8,79,12
77,4,87
85,80,81
69,67,18
36,93,72
61,16,26
3,57,31
33,83,8
28,71,15
68,15,25
54,70,36
80,27,75
47,73,16
26,67,36
91,97,70
38,58,81
44,59,47
79,96,26
61,43,49
69,42,38
93,50,54
92,17,66
88,82,72
86,95,46
7,95,8
41,19,38
67,59,55
37,94,67
63,25,55
1,93,5
8,31,73
77,12,70
33,48,17
55,87,13
77,43,14
16,71,43
5,28,90
33,36,98
22,20,42
64,71,61
70,46,43
8,8,83
17,55,11
26,22,73
35,72,61
27,3,64
26,74,19
47,35,57
21,52,19
84,35,16
64,47,78
40,38,25
1,98,27
90,66,16
31,69,95
79,70,11
2,65,76
45,45,58
35,68,4
85,55,94
56,6,10
40,71,27
85,53,10
69,52,77
8,48,66
96,40,67
57,53,31
25,53,56
54,22,25
34,49,1
46,49,53
17,96,98
30,1,57
19,97,79
33,33,42
52,17,34
64,9,63
73,7,23
29,70,57
53,52,51
54,87,48
88,57,74
25,65,75
97,56,32
13,74,87
56,84,60
6,14,87
42,28,1
12,65,57
36,4,87
74,93,75
76,12,46
79,15,38
47,98,26
95,21,25
18,3,60
6,90,77
95,84,67
73,97,84
53,19,29
60,49,11
70,77,32
94,35,18
25,70,90
46,39,64
28,59,75
49,37,11
75,21,11
37,56,26
88,15,60
4,96,52
44,16,24
6,9,5
82,8,28
74,97,62
64,13,76
3,8,22
29,81,53
42,19,15
98,28,74
55,92,11
59,12,11
72,55,78
89,33,60
45,19,13
22,38,23
24,44,50
81,1,25
43,24,13
53,29,31
21,85,60
23,10,97
62,97,83
42,66,30
93,98,40
3,58,23
54,98,76
72,11,89
73,47,33
79,59,20
89,8,40
5,66,18
3,96,83
62,67,97
62,63,5
35,7,56
64,14,24
94,8,81
60,78,80
49,97,20
24,72,56
42,34,44
71,55,8
46,92,52
57,26,48
74,41,57
45,70,41
55,17,73
58,75,32
21,83,24
92,59,77
63,82,9
8,23,33
96,77,53
55,26,74
56,72,77
79,17,31
33,54,71
20,41,2
53,76,23
10,13,14
83,51,18
62,41,65
94,2,93
16,67,51
94,45,26
96,77,4
16,61,51
31,56,9
69,5,21
32,86,40
18,36,96
84,75,61
54,48,19
56,45,41
43,44,44
12,46,38
78,84,73
44,53,13
4,30,55
68,69,68
77,10,38
13,30,60
3,7,82
48,20,18
46,83,57
68,84,8
89,9,35
74,47,10
22,24,55
48,17,25
98,97,17
19,97,25
18,73,32
50,42,80
37,74,12
13,32,21
81,91,67
25,72,20
40,79,85
89,49,56
14,90,4
32,33,80
67,44,46
45,19,61
83,13,4
96,76,51
67,93,30
61,94,22
9,3,67
42,76,46
21,76,62
79,94,15
19,87,26
22,42,62
97,21,96
94,81,91
30,22,91
28,94,49
81,81,65
11,25,64
16,62,45
22,81,57
30,21,83
35,97,74
35,6,42
60,1,10
27,88,47
69,50,94
31,29,12
50,52,9
27,68,70
95,43,78
38,40,53
5,45,10
44,57,41
58,19,92
75,40,58
75,49,32
43,45,68
95,98,57
58,19,80
40,60,16
37,81,27
67,30,45
54,21,87
13,48,31
37,90,73
53,70,30
36,20,6
59,80,14
14,81,37
89,65,98
63,44,13
40,90,86
19,13,22
43,60,14
84,97,19
71,26,19
30,6,84
71,51,79
15,63,41
91,65,11
1,62,24
62,17,97
67,50,5
22,11,67
51,51,98
23,2,88
44,57,68
91,1,29
96,39,60
83,98,41
67,66,28
22,28,27
40,56,21
51,77,19
52,29,47
22,98,11
37,35,23
83,92,5
14,68,24
64,38,35
51,17,57
20,17,38
39,38,56
14,74,17
40,74,85
90,18,5
48,84,16
62,25,7
16,9,31
2,85,81
91,64,33
34,95,18
11,75,53
72,59,95
44,32,3
52,38,7
69,21,49
54,48,25
15,18,34
86,97,1
75,32,94
37,22,33
18,43,82
1,50,31
72,53,66
22,14,25
21,5,95
87,27,64
26,34,41
26,74,58
76,39,63
79,98,36
24,98,5
19,63,15
27,94,62
39,20,19
54,66,31
24,81,63
79,12,77
61,65,55
46,73,4
76,28,41
26,84,43
69,64,31
49,90,46
27,39,22
94,91,25
44,23,96
54,29,17
48,80,9
40,92,59
22,34,2
68,33,78
27,32,31
28,62,5
52,75,27
6,36,91
40,17,95
26,16,72
78,25,72
67,22,31
30,1,87
14,45,87
41,86,60
49,38,32
54,14,86
53,60,29
85,3,90
64,10,86
37,6,41
97,80,11
1,88,46
48,13,38
15,89,16
68,77,16
18,53,93
75,88,13
61,62,32
88,49,92
15,82,30
60,36,15
92,65,23
30,35,86
70,12,16
33,55,49
7,51,74
59,31,17
52,24,18
37,46,69
59,52,26
2,66,12
71,92,32
12,94,14
72,51,52
77,34,94
2,93,86
70,9,72
90,78,48
8,8,61
69,94,51
48,90,97
71,63,29
54,82,29
78,93,32
26,16,11
67,88,9
92,67,94
27,48,50
77,88,86
69,12,23
73,29,57
18,88,29
2,22,2
32,15,30
50,87,55
38,18,96
87,7,39
82,96,46
68,51,15
10,31,8
16,25,46
62,12,50
45,43,97
74,26,50
86,97,15
48,32,91
75,65,92
15,79,20
64,98,50
48,49,53
13,30,49
35,16,76
56,67,44
76,61,20
58,66,55
34,63,9
97,38,88
49,95,19
25,28,73
18,82,96
46,84,95
50,71,67
34,66,70
96,89,55
48,62,23
3,59,67
58,91,82
79,31,49
22,24,33
33,42,19
7,81,6
50,50,95
85,42,53
92,4,41
62,42,47
18,91,53
79,38,41
48,8,40
91,15,33
11,70,10
71,41,55
96,6,81
15,30,71
47,23,4
41,17,27
68,22,40
76,41,52
44,11,89
59,39,42
96,59,20
81,20,11
40,84,87
17,5,52
36,55,60
11,20,40
86,90,20
8,88,42
87,14,98
64,8,43
75,30,71
44,75,62
38,49,1
16,98,72
33,41,84
83,37,92
87,7,76
90,97,82
26,92,58
6,92,87
94,16,93
98,76,37
93,18,72
43,73,14
86,12,91
87,23,61
68,28,26
45,3,66
93,64,77
40,10,75
8,83,17
60,71,24
89,93,3
42,90,63
16,21,65
87,8,58
76,83,52
53,23,46
37,24,38
44,85,20
85,92,10
85,52,72
23,40,46
9,29,59
3,89,16
51,30,44
13,10,24
23,88,40
86,33,42
13,63,91
60,9,71
8,10,81
48,16,62
12,13,93
95,59,1
67,91,2
35,34,94
71,9,50
56,36,15
32,95,87
54,56,49
27,19,69
84,40,16
58,92,59
4,48,38
77,82,42
8,70,50
60,68,79
60,54,52
72,98,65
23,57,89
9,54,88
72,92,93
43,89,32
31,65,85
18,19,16
25,96,64
57,81,15
7,12,65
49,51,97
46,31,14
12,78,25
67,1,18
92,48,60
86,98,24
22,71,37
83,16,24
79,31,13
30,63,41
42,80,84
22,72,94
26,60,90
47,9,76
74,25,48
69,18,94
16,84,55
13,28,48
89,2,61
83,19,57
33,77,71
20,63,27
18,96,17
21,4,17
43,21,83
62,25,16
78,42,14
43,34,33
18,82,54
40,27,61
70,74,38
32,71,97
49,90,87
57,58,33
61,34,80
12,87,76
83,42,18
9,31,3
9,4,95
2,85,81
59,61,54
21,33,95
66,53,42
17,17,35
28,42,50
22,78,41
66,15,51
54,35,63
38,9,27
82,84,59
60,96,66
95,81,59
25,8,82
91,28,9
91,63,62
95,54,66
24,47,42
63,49,3
30,7,54
61,12,14
10,44,37
44,39,6
27,20,60
77,53,18
37,55,35
35,52,71
3,43,65
71,23,26
57,3,63
85,39,34
80,28,50
7,50,50
60,33,92
97,63,32
1,95,86
95,96,28
27,30,25
56,16,48
82,7,93
44,41,96
44,59,90
59,17,52
27,37,13
48,15,12
74,31,86
95,71,63
98,74,98
56,23,5
41,65,53
52,87,5
55,28,29
23,56,77
50,34,94
72,73,7
15,52,31
58,74,43
77,98,37
79,20,82
46,79,89
7,24,71
94,69,69
78,42,31
88,92,25
81,73,88
68,27,40
47,72,34
80,36,8
58,30,39
56,71,17
73,38,80
94,3,40
70,18,6
89,44,29
72,7,4
22,74,26
21,62,30
3,27,49
35,40,25
58,32,58
72,49,80
6,32,65
50,58,81
21,24,22
55,81,19
39,32,34
19,51,87
27,66,49
38,85,89
94,88,58
80,95,63
20,87,51
44,5,47
9,76,53
23,65,19
14,29,42
29,24,98
17,29,95
47,30,48
67,8,10
24,93,21
97,36,93
5,97,39
65,98,43
63,35,46
83,1,21
16,91,94
24,55,51
22,41,47
85,73,75
61,20,75
34,21,46
42,11,46
77,15,89
97,85,2
55,88,62
69,44,18
26,21,55
9,55,88
87,46,33
92,14,54
16,55,68
72,44,26
28,42,91
26,21,90
73,57,23
26,92,2
15,39,44
5,57,58
92,79,23
81,75,81
93,20,88
43,9,12
83,62,4
91,81,89
8,17,77
98,64,3
17,37,12
27,66,44
67,9,93
82,64,35
84,38,83
85,58,77
23,11,24
80,56,41
15,48,74
34,52,48
37,14,97
25,10,27
41,75,4
42,31,18
84,41,50
35,29,48
54,4,71
66,81,3
54,77,69
7,25,5
21,14,71
7,69,37
35,87,6
65,49,84
85,69,31
48,44,36
45,4,79
55,44,55
83,52,46
62,24,97
55,48,20
77,80,38
57,76,1
14,13,36
70,92,93
41,24,94
33,75,83
6,47,66
6,19,7
46,28,5
82,61,95
47,30,23
59,68,13
93,25,2
15,71,32
17,4,88
9,61,3
53,70,25
24,77,80
72,82,89
34,58,15
17,16,95
84,70,15
10,33,59
23,2,29
48,26,26
86,53,2
73,25,63
13,46,33
38,31,31
17,37,22
81,91,97
91,16,91
37,88,31
95,7,23
32,72,93
20,6,79
89,98,17
39,88,37
30,17,60
50,78,6
97,82,69
24,98,54
43,12,43
37,89,74
67,54,37
91,17,37
82,58,56
19,47,90
90,71,86
62,67,19
