50,5,32
37,12,62
75,42,25
11,54,3
38,68,83
61,81,14
57,38,6
88,21,17
47,39,9
53,21,76
25,3,29
90,24,15
96,20,90
91,28,43
54,52,92
42,28,2
70,47,1
56,98,8
84,72,38
10,5,7
2,39,80
24,18,98
72,45,36
73,29,13
15,96,8
76,56,33
52,43,60
6,75,7
47,59,82
85,35,82
52,26,52
83,3,15
91,34,38
75,35,78
38,4,19
23,32,94
12,78,71
24,17,63
60,95,28
43,37,62
93,15,48
89,78,54
8,38,48
72,15,82
32,53,33
2,59,68
88,75,26
85,78,70
91,92,90
50,51,13
79,51,11
14,31,16
61,69,15
84,76,94
18,35,15
16,80,70
87,85,93
28,81,95
96,79,72
58,80,74
76,56,3
9,55,35
29,39,11
32,77,75
21,78,21
92,32,59
44,64,44
97,38,70
63,97,1
89,23,45
23,69,82
5,7,36
92,67,60
20,76,47
30,69,36
92,72,76
50,6,66
90,12,8
58,5,16
13,25,22
15,76,7
9,51,11
60,30,94
87,67,17
77,70,26
57,27,63
16,28,18
67,90,74
23,39,3
29,67,89
15,93,98
54,38,79
72,4,73
18,71,10
4,52,69
47,30,55
18,27,84
4,81,41
94,1,29
86,17,83
34,44,45
76,95,13
53,9,79
17,67,6
97,13,38
97,84,91
3,87,40
97,71,39
64,30,92
53,48,14
76,14,66
26,93,33
34,62,97
27,39,48
53,24,4
26,34,10
72,60,53
96,67,6
81,10,6
88,17,26
53,68,78
79,20,37
55,63,14
98,48,12
92,49,68
62,2,8
84,6,52
86,68,20
44,42,96
4,98,14
70,67,8
38,31,81
71,43,35
68,9,88
44,85,19
12,39,41
55,42,96
71,59,75
61,95,2
78,19,33
74,55,69
24,4,21
36,82,39
4,11,35
68,61,92
88,83,64
47,32,75
69,17,53
86,49,26
67,35,30
41,47,52
5,71,81
40,95,93
67,32,46
97,44,1
34,75,82
47,21,11
44,98,72
18,47,7
48,3,1
79,22,40
34,71,41
72,55,26
32,19,73
95,76,63
62,92,54
14,22,16
89,67,1
96,81,91
38,7,65
95,21,82
42,98,55
87,73,36
38,97,62
83,58,49
54,43,66
17,11,47
45,53,20
28,15,41
79,85,78
26,90,15
65,60,66
46,14,23
3,16,52
3,3,91
80,59,12
91,59,42
48,2,22
31,12,9
78,41,43
71,24,33
29,13,32
63,51,63
59,95,95
70,36,38
30,26,92
96,88,27
59,29,90
24,17,33
54,35,33
62,8,33
11,2,51
69,12,47
61,44,41
66,78,63
56,26,67
11,66,30
32,2,72
6,13,56
66,48,17
27,35,30
1,97,14
84,95,72
62,82,7
85,31,80
94,96,14
7,41,24
18,1,85
70,65,69
34,70,34
27,91,48
61,30,14
88,49,70
11,36,44
10,86,12
22,16,23
13,35,60
33,41,58
56,7,93
6,17,49
68,22,79
71,17,21
8,96,31
45,55,52
32,18,38
33,46,77
41,15,30
75,3,90
79,60,78
26,34,39
72,9,60
39,34,26
91,31,83
38,62,41
15,64,93
26,55,97
42,52,80
26,41,20
77,36,60
10,4,40
34,57,19
22,62,90
95,44,81
67,60,79
70,41,66
17,56,68
7,36,10
37,44,33
41,15,33
96,93,24
28,29,19
46,48,54
50,59,92
86,81,21
47,58,72
2,71,32
14,81,93
51,82,43
8,36,40
16,25,26
63,58,5
63,77,42
55,50,67
48,32,47
28,78,7
29,88,43
33,73,14
38,55,29
14,24,35
87,60,17
73,64,22
8,46,2
42,85,91
42,72,40
25,49,68
65,87,75
42,13,52
57,3,79
62,63,58
58,92,24
97,14,77
24,33,4
54,89,57
66,60,25
92,37,30
70,93,13
73,24,37
16,98,11
30,85,50
16,46,23
82,49,9
41,82,79
46,38,63
54,81,45
69,31,9
87,56,36
60,14,43
88,4,98
72,55,92
1,70,78
65,66,33
82,60,47
1,41,76
45,66,3
56,66,9
64,3,16
90,1,11
96,29,79
81,20,51
59,45,32
12,58,60
46,70,17
43,95,75
55,40,75
29,33,32
22,82,27
30,33,69
96,21,21
59,75,34
35,2,86
90,54,14
71,81,74
77,27,28
69,65,15
72,50,71
68,84,75
18,10,65
21,38,21
87,98,36
55,50,36
53,14,79
89,32,14
36,78,49
18,59,95
39,7,46
67,31,64
2,97,9
16,7,11
88,80,77
24,1,85
38,40,67
17,24,49
26,40,11
7,32,96
49,73,33
96,63,91
54,97,8
18,39,73
1,71,68
69,67,26
28,72,87
67,76,25
92,55,86
17,96,60
31,94,84
1,13,58
42,68,65
85,10,5
28,64,72
26,13,53
57,92,95
75,19,28
24,28,4
87,76,14
17,1,50
34,84,66
20,72,55
63,22,16
94,9,88
36,95,67
18,2,6
18,24,10
12,90,12
32,92,23
90,18,19
19,86,63
51,53,41
44,31,73
16,6,18
64,39,83
53,26,58
73,45,74
78,50,33
71,46,58
20,44,88
84,23,95
69,83,77
49,60,44
23,17,19
98,57,14
81,76,43
40,88,87
44,95,89
43,81,18
24,88,49
46,26,35
61,51,40
64,82,54
16,60,35
62,2,72
71,25,41
2,29,90
39,53,13
17,47,75
69,64,15
54,21,25
97,8,73
18,20,58
22,6,39
67,73,14
74,40,28
49,21,42
6,20,17
42,48,30
71,61,1
33,76,72
16,72,75
63,96,3
74,42,28
55,5,19
60,21,98
22,88,39
70,13,15
71,65,58
88,69,93
80,97,68
18,34,25
53,29,31
11,32,61
46,1,34
70,93,93
22,44,88
44,47,14
69,58,72
83,76,44
74,30,36
2,32,82
13,51,74
21,91,49
92,4,11
26,68,27
74,54,44
71,93,5
59,74,79
85,62,7
24,82,43
22,97,84
25,31,41
84,48,78
62,92,32
14,55,20
8,92,77
81,86,66
65,19,80
92,11,37
31,78,36
10,10,91
39,52,42
52,62,4
33,54,95
6,27,17
98,18,50
68,14,23
23,10,16
35,46,12
35,65,96
70,60,71
34,37,78
75,80,61
58,64,93
78,66,48
75,88,59
80,92,17
80,73,23
46,4,95
63,41,83
36,46,63
39,8,88
74,82,45
13,39,65
80,33,61
94,77,23
53,74,47
60,5,23
2,67,45
62,27,12
81,71,76
33,84,13
21,21,70
48,27,94
54,35,90
5,5,88
51,46,95
37,1,84
83,31,38
32,79,32
64,27,41
28,9,74
52,14,54
9,17,84
49,76,93
67,56,47
90,87,40
20,90,78
74,21,3
64,17,14
54,31,58
62,43,68
10,87,56
68,39,42
85,15,60
68,52,9
6,41,44
30,7,78
59,17,75
88,50,40
81,35,16
86,70,78
3,38,84
79,95,93
67,50,11
15,40,16
40,41,29
45,71,60
35,20,88
20,58,83
26,88,16
56,43,9
80,39,53
65,43,7
18,32,7
64,51,28
10,85,21
17,14,7
95,27,19
89,92,45
2,88,65
80,82,95
50,74,88
37,35,18
25,98,68
63,7,47
56,14,7
38,12,43
98,87,58
40,5,26
57,53,6
69,95,45
22,24,38
46,45,40
74,50,75
39,19,44
91,74,4
77,33,71
55,48,50
76,69,2
57,98,2
42,81,60
29,88,20
59,60,65
96,59,88
11,78,22
30,25,58
69,85,17
97,23,49
78,42,33
71,76,22
34,92,98
70,38,49
48,33,16
7,15,17
31,86,10
60,13,7
98,22,46
78,71,63
46,27,23
44,13,90
51,13,30
10,90,22
39,6,58
4,59,48
8,96,7
64,78,20
29,41,27
35,61,93
84,91,33
44,97,83
95,23,17
30,45,73
65,88,9
91,40,37
94,83,54
70,77,4
44,77,45
26,86,69
30,61,70
36,64,65
74,29,46
35,37,45
31,58,87
87,93,48
29,46,75
11,19,31
61,83,41
33,56,3
46,8,2
57,95,97
21,5,57
88,75,6
6,92,55
46,5,82
81,52,54
38,14,55
2,50,59
39,49,70
33,18,31
4,94,41
66,33,12
11,96,67
95,77,80
97,72,54
97,8,11
24,97,2
57,40,75
64,80,95
9,89,98
74,27,65
17,15,17
74,26,83
15,42,69
36,26,64
70,73,11
81,38,62
21,74,28
6,64,64
65,76,8
75,58,73
1,88,73
59,3,32
74,88,10
73,3,9
8,80,95
37,2,97
44,92,78
49,91,9
55,72,73
4,65,44
90,18,30
62,14,73
15,5,87
10,49,22
17,44,73
46,95,44
74,69,61
4,43,56
39,42,70
30,52,62
71,57,80
4,72,16
14,19,7
59,63,78
19,5,38
75,47,22
22,93,86
11,98,46
44,37,9
25,30,28
80,91,80
37,73,88
34,91,64
27,52,42
90,91,76
76,28,86
35,6,95
98,91,91
81,9,87
24,93,58
71,62,75
19,97,78
78,85,90
34,61,70
96,87,89
56,22,31
60,77,6
14,77,87
74,22,82
90,67,34
92,39,87
71,97,98
95,28,49
70,58,7
66,21,67
46,4,53
27,69,22
34,50,68
17,82,38
4,84,11
46,58,58
24,28,97
79,78,77
44,23,76
87,40,3
94,41,54
67,3,45
31,36,53
24,50,49
52,23,7
11,33,23
58,82,84
88,53,87
91,84,15
43,28,71
86,14,30
10,98,20
21,56,90
34,14,75
31,44,25
30,52,91
59,64,5
17,97,68
11,97,2
56,63,81
9,50,98
49,48,75
20,95,24
90,91,98
69,54,32
63,19,41
56,45,47
62,68,64
55,32,25
56,96,26
27,60,9
68,22,73
90,28,93
42,47,38
13,1,82
42,23,52
65,96,97
15,14,58
65,82,25
10,82,50
81,1,20
71,89,53
28,2,97
86,37,97
63,96,28
8,17,1
20,4,52
1,49,23
56,38,28
35,58,92
47,24,84
68,12,82
3,81,9
70,79,58
82,6,41
86,35,1
57,4,34
68,41,51
61,37,17
71,12,47
62,26,90
46,16,50
75,88,92
20,89,78
34,51,16
83,46,31
20,64,14
27,10,3
95,92,4
74,87,70
48,55,96
29,5,94
91,58,20
20,98,23
12,98,98
46,25,80
83,13,79
1,63,88
35,35,85
89,28,6
37,52,34
74,32,74
19,23,20
61,56,34
34,96,83
44,93,41
71,45,17
62,95,28
46,95,65
6,96,17
73,61,89
20,61,85
30,23,48
51,45,75
45,87,90
95,49,6
74,35,15
12,35,92
48,60,52
96,98,96
25,61,76
38,42,80
70,93,13
73,8,96
44,37,73
30,68,85
32,31,97
21,22,63
88,73,39
15,71,18
47,38,97
48,75,39
66,77,95
68,4,61
42,38,17
4,45,8
19,6,44
30,42,74
1,44,65
27,63,62
61,41,93
74,26,2
88,82,27
89,12,2
36,79,3
3,68,26
66,63,26
41,10,52
89,61,96
78,40,24
7,97,90
36,66,26
43,46,94
60,31,96
52,36,82
36,5,94
9,26,67
88,18,35
10,37,7
54,11,13
62,35,14
60,78,16
56,83,36
2,24,37
23,2,70
46,3,43
10,74,66
46,60,58
98,24,69
85,58,46
76,41,65
80,13,88
9,22,92
96,22,64
20,41,95
83,18,78
50,56,2
11,81,54
79,97,97
44,63,42
92,8,64
29,56,31
18,23,3
8,95,94
49,21,88
67,64,82
90,36,22
9,90,63
46,52,79
24,20,22
50,11,9
3,58,42
47,88,59
25,36,33
2,87,78
91,47,29
62,43,25
52,12,81
65,22,49
70,79,97
17,4,31
5,45,14
89,60,33
33,48,80
52,7,71
60,30,23
49,3,73
61,50,50
39,67,87
42,4,35
81,85,70
58,37,77
79,89,35
42,39,9
65,35,33
58,14,92
78,6,38
78,12,23
65,62,38
15,42,4
37,39,78
12,28,26
64,39,43
33,56,51
80,82,76
60,35,34
2,89,11
70,15,8
73,24,77
23,65,94
77,98,30
7,9,66
38,8,78
21,68,15
36,40,63
50,55,51
25,88,66
68,68,51
65,87,67
23,37,2
23,28,1
48,1,10
27,17,17
98,40,97
47,70,79
12,77,77
87,53,32
8,32,44
74,52,42
4,97,52
45,80,12
59,36,35
11,41,73
42,93,60
6,23,14
71,17,53
61,7,56
70,30,72
62,18,2
93,42,97
37,48,10
26,5,54
4,3,20
5,52,64
73,61,52
62,10,6
21,77,22
7,2,56
18,63,94
58,33,98
58,96,68
26,22,46
46,87,83
41,83,78
55,20,76
61,23,14
36,10,88
67,71,3
82,33,4
88,24,26
96,41,84
5,81,12
95,96,18
8,44,59
24,65,81
24,41,50
18,25,44
3,86,3
1,50,68
58,92,7
80,79,68
36,25,80
16,23,83
32,15,3
28,31,68
73,46,18
96,23,9
8,76,81
75,21,25
11,52,52
62,54,33
65,12,83
20,46,77
19,16,40
7,8,33
45,25,1
50,69,60
39,68,84
