51,43,53
18,60,90
34,49,13
54,18,96
54,68,66
57,64,12
63,95,24
97,39,31
80,56,57
21,37,98
87,98,84
91,35,2
92,53,97
22,23,70
88,47,67
16,13,87
73,67,50
91,54,84
51,83,20
27,86,95
73,23,93
48,13,84
40,25,22
57,79,17
35,8,85
2,76,77
53,32,36
60,43,76
27,69,58
83,10,46
49,36,42
2,70,38
55,51,52
40,69,26
78,48,61
18,98,15
28,89,83
50,47,8
30,41,17
98,49,81
19,34,45
59,37,18
40,10,9
67,81,68
7,16,21
19,71,83
78,87,94
79,21,31
13,80,6
49,17,22
90,84,91
63,70,8
45,69,1
76,35,21
67,87,26
25,31,56
90,76,8
9,42,95
44,56,23
19,74,43
30,17,3
42,2,62
19,54,4
57,52,75
46,93,70
62,33,80
80,6,84
19,88,13
62,49,72
73,75,72
2,27,73
84,23,61
36,92,56
58,11,78
88,55,62
88,58,12
48,17,76
14,30,88
96,16,13
14,83,98
72,73,14
44,42,12
31,13,64
22,53,16
60,84,89
68,69,95
26,71,89
92,67,86
68,38,24
19,6,52
82,91,58
19,63,91
54,96,1
61,26,89
30,59,30
58,3,83
64,52,32
48,62,98
38,74,44
39,6,20
36,62,72
81,55,59
10,28,55
78,23,45
9,26,41
36,51,32
31,74,23
18,67,82
83,97,94
96,95,54
16,74,78
55,81,18
73,88,87
22,20,3
44,63,13
64,86,49
36,60,91
19,79,69
90,3,61
52,39,6
27,22,21
32,46,7
25,50,98
93,71,78
21,15,78
90,59,31
43,17,27
38,57,17
98,38,81
48,96,79
97,15,69
71,45,84
58,48,37
78,66,95
87,69,43
30,57,86
23,60,48
89,66,8
4,26,84
69,68,8
20,88,58
37,82,2
75,61,89
51,61,10
55,38,3
81,81,92
56,29,91
90,21,36
42,21,18
32,1,30
46,19,40
83,7,31
56,29,46
34,72,57
73,96,7
73,45,16
14,39,56
50,1,73
47,18,51
67,57,12
13,44,16
84,15,29
37,29,81
36,20,20
38,42,52
41,46,29
46,25,55
86,23,77
91,48,2
10,33,15
41,18,18
65,82,96
72,44,26
37,27,59
28,40,83
83,19,33
66,69,17
56,31,47
73,74,65
1,91,79
39,76,82
80,95,18
23,23,11
53,23,68
96,90,62
82,16,27
90,82,27
32,76,7
81,8,27
56,85,76
83,27,40
5,32,82
74,73,20
12,75,69
18,34,88
58,97,74
49,84,79
89,61,78
83,58,58
17,23,71
75,77,62
21,14,19
8,7,92
36,35,56
39,23,3
77,13,71
38,61,85
75,59,44
36,64,39
24,25,58
33,25,9
96,10,40
15,28,54
17,45,16
94,40,2
15,73,9
11,2,44
74,44,35
24,27,73
89,35,58
3,66,94
35,57,56
20,2,60
89,76,30
67,29,26
7,26,60
6,51,74
98,22,16
1,84,58
98,60,70
33,97,1
31,21,95
79,29,87
64,61,82
36,19,81
34,4,19
91,34,43
17,3,44
98,14,39
56,6,20
74,66,70
45,77,49
40,9,79
68,28,97
26,11,61
54,57,3
40,48,98
9,40,13
53,5,22
96,43,93
79,7,12
54,35,41
74,26,37
74,7,86
83,95,54
25,2,31
84,39,39
79,12,7
31,92,74
71,58,62
22,29,73
7,46,76
40,14,62
74,73,12
86,40,72
97,37,16
69,21,61
75,28,77
86,36,89
22,51,37
61,7,47
83,32,25
17,53,80
58,92,37
16,95,90
31,76,96
38,41,9
18,74,27
41,77,7
6,19,19
80,46,87
92,37,43
89,59,98
14,95,60
80,60,3
35,24,57
12,93,51
65,56,66
59,18,26
84,82,14
45,53,28
9,11,86
77,23,40
18,1,22
85,45,5
39,14,18
97,15,84
76,8,57
52,50,96
71,76,66
66,50,71
67,79,35
33,90,88
11,8,42
26,78,6
53,96,74
85,31,95
62,84,88
44,66,12
96,29,95
30,47,91
94,22,38
68,84,84
86,12,87
61,39,55
66,12,43
30,29,15
3,43,19
66,50,43
12,35,8
36,5,24
44,5,81
98,73,49
91,17,41
98,26,91
89,12,87
47,58,83
80,15,80
92,21,26
84,65,92
77,48,9
10,74,77
13,66,6
38,62,23
32,96,60
66,89,6
61,30,14
83,97,32
73,78,30
10,96,54
93,56,90
29,2,93
3,6,67
3,80,57
3,45,52
75,47,55
66,71,40
28,4,34
61,55,89
35,55,47
93,37,44
28,21,93
19,40,60
33,54,57
70,4,80
26,49,1
15,59,88
81,16,72
29,16,42
3,34,97
75,69,98
35,21,84
22,82,16
40,2,79
58,88,35
40,43,60
22,73,77
68,25,34
94,44,35
22,46,74
32,9,60
79,69,2
31,38,1
45,43,92
15,33,50
61,12,56
14,68,17
63,73,41
84,92,64
31,96,14
17,8,89
32,52,70
48,80,76
61,25,64
71,42,19
72,44,82
5,25,23
13,64,46
85,54,39
27,33,14
60,9,30
93,98,40
31,25,6
67,97,55
49,39,8
15,77,64
53,82,74
57,90,4
83,1,10
47,47,3
20,14,51
47,54,22
92,73,58
22,46,65
32,88,61
71,81,80
36,46,16
10,18,30
67,58,27
88,72,36
94,77,3
64,32,95
60,53,49
73,8,48
5,96,58
80,19,2
24,72,7
55,6,70
55,72,31
2,41,32
45,13,70
25,3,26
14,84,82
10,87,42
85,90,11
84,66,85
47,80,84
76,68,49
52,22,19
19,26,81
40,20,96
96,92,2
76,57,35
71,75,52
97,24,60
17,28,14
15,48,16
86,53,11
31,59,29
81,29,78
47,79,79
88,70,62
40,36,72
32,79,69
43,14,67
54,36,44
61,86,93
81,27,72
59,14,5
8,94,26
90,90,38
81,86,37
47,37,11
47,43,44
1,36,53
76,59,89
37,75,75
8,43,22
28,40,80
25,18,22
68,65,94
10,80,28
4,42,91
49,16,63
79,56,74
91,15,13
63,77,48
69,20,81
94,23,93
27,6,11
13,80,64
81,71,33
87,40,87
76,21,58
85,82,48
87,37,18
96,57,13
48,65,45
59,76,83
14,1,53
41,47,61
17,82,80
50,42,78
6,22,27
45,82,56
63,48,36
24,20,73
8,97,68
76,36,56
37,97,20
85,32,75
56,26,28
80,93,59
56,38,33
22,27,83
8,47,45
17,23,29
86,41,87
25,58,67
21,79,41
61,45,9
87,86,83
85,41,45
10,78,60
31,38,65
82,74,86
89,56,91
85,27,78
69,48,79
10,28,80
2,11,8
9,45,88
42,80,82
86,57,16
62,56,43
38,16,35
18,40,77
86,50,11
17,63,20
78,49,92
27,86,19
10,63,38
29,33,69
20,50,27
8,22,34
64,58,40
65,92,22
92,79,57
66,55,5
66,59,68
29,43,88
3,36,5
77,2,18
6,15,46
87,25,74
8,86,65
36,25,89
97,54,64
67,71,79
54,28,18
45,63,69
85,5,93
21,68,27
4,51,8
40,27,8
32,40,72
10,41,89
47,79,21
31,1,97
81,63,61
44,43,77
26,6,50
86,32,30
33,32,65
88,31,89
72,86,90
86,81,27
64,49,53
58,89,47
67,50,57
87,65,9
42,42,95
66,68,51
97,83,85
63,77,33
39,62,23
21,56,94
13,63,97
93,48,27
12,71,62
13,94,41
5,71,18
27,39,11
16,74,24
29,11,27
31,95,11
42,93,36
21,25,24
21,98,68
11,98,43
26,44,38
80,34,44
84,47,78
32,90,37
23,17,80
60,12,36
63,35,25
92,65,42
94,74,54
79,98,13
71,50,93
47,62,95
34,39,90
34,82,38
58,64,13
77,45,71
59,60,85
59,76,12
12,39,46
67,51,89
54,48,90
65,93,18
37,80,60
88,98,16
35,53,69
3,4,81
17,44,88
50,63,4
89,97,78
13,34,41
51,18,55
31,68,91
43,41,45
37,70,14
97,65,6
84,15,63
5,47,20
97,72,67
81,78,86
33,8,47
53,44,89
74,3,77
43,90,70
68,85,46
48,38,16
2,37,79
86,21,30
81,40,43
77,23,62
63,81,69
19,7,94
59,60,44
57,17,22
48,53,17
21,25,14
17,17,10
13,27,51
83,52,39
70,58,68
84,7,16
47,17,59
6,94,36
89,6,83
86,27,15
5,72,50
33,22,96
68,19,65
37,45,19
95,92,45
92,28,34
36,89,1
70,32,47
42,37,89
60,51,84
65,36,8
87,2,10
70,29,39
54,34,66
46,72,26
35,39,77
44,93,95
96,89,15
66,37,98
27,16,75
47,42,75
80,93,10
73,52,96
35,93,26
69,75,70
7,44,24
79,44,78
88,4,27
35,32,73
16,69,77
43,57,75
57,15,48
26,96,36
64,34,25
85,68,51
44,70,85
1,71,80
32,78,5
14,21,80
64,49,79
29,57,24
38,85,10
18,44,14
93,2,22
18,60,66
8,77,70
28,7,53
46,52,54
77,30,14
84,21,98
63,47,27
50,43,2
91,50,62
71,53,33
87,82,30
13,7,72
64,7,28
96,64,40
85,90,98
51,2,16
48,95,15
92,77,98
9,68,93
21,76,70
68,11,15
98,68,36
88,76,41
37,78,17
90,14,82
53,5,49
67,84,54
8,34,64
48,63,21
78,1,76
88,89,3
46,39,7
13,88,21
89,21,72
80,50,24
54,98,52
94,74,43
2,56,96
43,24,33
62,45,14
73,18,84
17,7,8
19,44,81
68,58,61
57,3,94
47,45,94
5,25,38
81,42,48
88,38,46
38,21,87
27,81,57
10,28,1
28,44,25
41,17,97
54,44,78
44,97,31
37,1,14
3,86,17
7,63,11
28,54,76
12,19,92
91,23,85
29,1,75
94,96,50
79,66,38
15,47,77
95,32,8
47,47,67
17,91,90
23,25,17
27,96,24
75,92,94
95,21,46
20,15,43
57,95,40
25,55,97
86,86,6
23,82,39
54,83,41
22,90,60
34,6,41
22,32,62
39,7,46
83,10,9
79,11,38
94,28,93
91,53,90
43,10,4
30,96,43
62,13,48
63,83,75
64,8,60
21,59,54
20,32,15
18,32,94
75,45,91
7,7,96
6,7,55
74,87,96
38,16,57
65,88,7
72,66,23
66,66,44
88,8,63
28,5,18
86,55,40
61,91,13
2,82,88
98,36,63
49,91,98
93,91,60
20,9,1
30,56,21
74,76,16
23,11,54
95,89,82
21,14,67
33,46,89
9,77,41
18,75,62
27,37,58
70,24,32
48,9,15
71,88,92
35,53,87
4,79,67
41,21,44
15,69,9
98,53,39
16,57,11
71,32,65
8,5,25
12,36,76
52,49,84
82,19,49
13,97,78
9,76,33
95,18,12
15,97,19
49,25,79
37,27,53
41,35,24
66,39,79
17,19,48
62,89,14
84,57,32
65,29,34
14,98,67
96,7,87
71,73,45
55,92,26
46,63,71
21,88,78
44,54,77
6,18,58
65,74,69
29,67,23
78,16,8
20,2,18
92,54,74
56,40,38
21,7,62
72,85,53
49,77,19
22,32,19
88,57,44
54,83,74
2,21,87
34,67,10
96,40,95
53,20,18
15,71,75
25,12,34
96,65,17
10,62,78
58,41,30
97,31,62
42,92,77
93,38,19
68,18,4
9,84,26
81,55,66
46,41,15
94,80,26
3,47,78
40,35,41
66,22,15
74,65,97
40,38,4
28,12,18
31,10,89
59,39,66
5,98,66
58,32,70
92,67,27
30,77,10
70,54,92
60,73,77
80,43,86
75,97,67
42,43,6
89,7,26
96,91,42
50,72,6
19,95,6
67,95,73
31,55,64
6,74,93
30,44,48
57,9,21
77,10,57
98,34,32
80,82,32
52,67,39
10,38,51
76,63,94
7,47,93
78,49,15
85,86,52
70,77,35
50,1,91
61,45,92
80,34,67
49,22,11
96,54,60
71,13,77
88,93,37
80,62,15
3,36,51
91,36,85
93,72,84
33,45,4
70,35,24
18,19,25
62,13,26
76,19,29
11,9,45
16,32,71
35,76,3
74,6,88
50,38,62
1,95,26
49,35,81
96,8,78
25,4,56
8,95,2
63,43,44
66,8,59
10,65,14
28,61,85
69,65,73
50,70,76
11,25,60
76,43,63
34,95,94
60,21,36
98,58,37
96,18,25
50,25,62
26,1,33
41,16,84
68,6,16
77,28,57
18,90,52
52,41,51
94,51,86
80,32,71
31,50,56
68,90,77
10,28,89
47,31,59
36,45,78
65,8,38
4,4,68
15,23,57
82,13,15
53,52,19
82,44,38
54,70,8
56,56,19
91,94,79
74,48,75
57,60,27
75,38,32
24,64,90
30,2,52
47,70,47
4,20,63
97,42,14
91,59,48
50,66,35
10,33,7
60,93,91
6,31,84
97,65,63
30,95,95
31,28,19
76,68,78
61,37,78
22,94,27
28,64,40
53,39,97
93,33,57
94,25,32
75,74,51
26,76,86
70,48,97
60,64,69
81,19,45
40,49,80
97,37,90
6,6,4
