509 577 959 
275 347 684 
271 255 945 
441 803 910 
789 303 522 
860 614 784 
860 889 350 
687 462 936 
154 89 653 
22 190 613 
268 661 501 
168 17 141 
350 121 1 
766 235 110 
300 772 779 
290 363 543 
671 660 438 
701 618 964 
618 407 265 
204 639 949 
354 632 104 
767 816 812 
884 249 476 
481 577 465 
568 444 344 
152 38 283 
467 683 829 
797 435 582 
235 596 311 
148 398 545 
158 164 476 
613 709 619 
274 800 604 
435 257 128 
931 957 117 
335 35 800 
176 352 287 
893 852 800 
952 766 317 
622 792 91 
964 158 6 
617 192 792 
48 72 790 
103 407 55 
474 745 4 
6 686 58 
560 151 119 
941 865 329 
335 952 961 
451 628 187 
393 138 352 
181 226 103 
610 331 764 
832 737 118 
919 41 689 
984 783 863 
710 458 677 
401 333 5 
128 555 690 
203 450 592 
732 377 382 
723 973 12 
232 954 214 
628 645 88 
303 338 793 
358 939 617 
248 61 402 
84 348 738 
232 692 973 
318 42 748 
630 17 545 
211 564 579 
624 301 530 
854 456 831 
63 715 378 
421 913 992 
548 145 915 
123 597 426 
706 78 226 
351 981 471 
563 38 363 
266 168 366 
222 509 204 
349 93 960 
268 951 143 
671 153 68 
771 997 320 
316 397 334 
691 57 299 
738 913 305 
277 113 776 
927 179 647 
539 365 344 
894 454 392 
572 978 894 
192 440 557 
990 475 75 
288 692 621 
689 962 394 
925 954 128 
136 143 409 
457 62 345 
395 5 543 
549 951 266 
346 706 693 
538 882 519 
351 972 253 
998 876 621 
666 72 347 
411 803 730 
397 446 178 
716 867 859 
720 602 598 
942 585 457 
294 260 491 
479 826 939 
340 439 846 
486 363 696 
283 624 655 
770 632 68 
309 740 478 
103 133 524 
201 459 827 
380 690 56 
443 101 273 
993 149 739 
56 897 57 
845 715 816 
20 439 932 
934 456 454 
483 378 217 
407 754 135 
988 292 302 
212 410 708 
705 678 882 
134 77 813 
773 162 891 
544 587 84 
945 701 787 
238 394 513 
479 440 280 
256 150 479 
676 482 707 
687 878 659 
66 814 264 
572 963 127 
756 419 927 
63 630 28 
151 368 557 
82 140 32 
571 671 826 
541 915 899 
517 487 482 
4 917 826 
862 195 302 
6 731 255 
568 933 68 
472 446 144 
751 705 202 
414 689 155 
157 930 977 
835 499 128 
465 767 61 
397 46 18 
592 384 816 
321 803 848 
589 449 287 
43 673 752 
199 599 464 
876 798 489 
971 907 383 
321 241 913 
872 718 877 
664 528 91 
549 511 447 
677 299 209 
237 8 68 
576 394 773 
5 622 157 
802 294 592 
248 622 847 
71 112 255 
958 949 347 
402 35 401 
58 838 419 
990 814 758 
32 430 335 
289 906 22 
63 0 214 
639 772 531 
124 585 669 
456 943 835 
892 297 662 
235 458 617 
951 390 8 
371 827 549 
457 534 149 
709 645 97 
684 913 208 
239 303 758 
890 479 560 
155 103 267 
49 803 974 
403 595 960 
271 534 206 
397 238 52 
243 672 636 
90 781 298 
540 786 333 
732 803 391 
213 801 272 
474 756 66 
860 628 720 
10 523 505 
82 606 584 
197 883 344 
671 958 181 
201 987 789 
716 800 320 
394 987 964 
107 603 234 
49 653 344 
381 922 406 
822 793 356 
590 423 647 
3 311 691 
515 340 839 
101 534 53 
186 339 759 
788 924 491 
304 291 435 
263 180 869 
931 21 823 
552 187 838 
398 983 260 
353 430 602 
426 403 280 
516 643 508 
577 441 669 
417 208 274 
556 290 65 
647 201 112 
127 455 134 
341 398 295 
701 71 365 
301 561 810 
114 335 740 
153 104 269 
279 449 556 
488 824 770 
989 397 750 
707 258 226 
768 185 261 
492 699 972 
285 635 42 
534 529 490 
488 504 392 
830 529 826 
710 723 958 
215 761 62 
551 179 546 
786 99 490 
542 818 891 
359 12 760 
101 333 281 
808 509 69 
671 300 557 
125 588 852 
764 625 631 
649 685 401 
781 943 350 
783 442 541 
145 83 83 
874 384 893 
279 942 161 
110 926 162 
217 315 530 
141 61 311 
282 971 19 
835 414 852 
7 285 484 
911 2 731 
24 73 460 
74 475 710 
346 631 947 
275 643 937 
280 957 196 
425 334 249 
611 112 222 
297 145 979 
191 712 457 
861 690 466 
549 194 147 
923 583 435 
99 395 525 
682 682 802 
878 259 298 
989 881 142 
703 253 220 
565 107 785 
922 710 686 
192 390 222 
354 229 524 
592 596 895 
631 417 383 
115 413 809 
890 584 446 
377 450 639 
523 83 234 
989 780 434 
198 607 722 
391 48 657 
627 949 369 
563 403 946 
585 352 992 
762 26 292 
694 121 6 
697 768 181 
226 54 928 
510 234 429 
486 275 147 
215 253 2 
63 503 843 
484 947 823 
23 787 357 
539 932 264 
137 648 628 
597 555 832 
752 492 838 
798 339 778 
659 856 847 
676 766 646 
207 852 738 
5 947 232 
84 240 986 
679 684 819 
114 249 32 
901 235 674 
644 155 521 
210 628 651 
192 20 386 
915 338 945 
554 926 804 
440 826 816 
79 989 719 
175 793 283 
651 126 604 
639 651 54 
487 779 701 
347 272 531 
894 689 595 
647 849 386 
404 549 756 
373 480 947 
213 83 73 
574 698 505 
145 450 973 
142 854 103 
582 792 708 
644 242 567 
672 922 146 
629 504 488 
910 648 992 
302 456 286 
767 520 358 
36 720 489 
703 787 372 
865 142 639 
773 389 700 
997 686 794 
456 641 502 
925 362 761 
275 153 29 
874 491 422 
330 53 669 
427 825 557 
70 433 419 
239 104 883 
515 382 405 
733 362 19 
585 512 538 
118 21 951 
786 547 432 
633 480 443 
552 219 734 
670 342 121 
235 858 79 
665 241 819 
943 45 982 
815 225 163 
732 948 273 
410 604 265 
874 555 976 
278 235 874 
125 960 204 
999 263 597 
862 461 54 
976 881 583 
399 162 439 
10 182 206 
117 411 198 
758 802 53 
579 919 240 
470 430 46 
632 368 920 
565 666 23 
242 975 833 
92 353 659 
213 21 511 
856 66 998 
468 998 486 
888 516 692 
656 420 617 
284 652 757 
129 135 603 
655 923 422 
399 672 331 
710 308 145 
501 895 249 
944 246 641 
150 302 5 
716 696 272 
209 682 336 
316 436 523 
225 602 949 
477 592 364 
460 390 798 
76 766 96 
137 280 136 
775 169 396 
80 882 558 
469 622 91 
534 573 234 
797 932 544 
768 361 92 
354 94 365 
739 523 366 
874 828 80 
14 888 469 
518 605 888 
424 133 912 
77 461 392 
795 152 765 
805 955 119 
873 101 663 
826 713 257 
887 746 920 
406 501 149 
61 663 768 
266 604 591 
600 565 275 
391 899 648 
745 474 382 
943 0 610 
439 534 419 
950 743 649 
275 899 453 
311 220 604 
830 684 780 
935 56 850 
883 901 53 
844 549 110 
326 886 69 
759 141 796 
420 137 252 
605 271 463 
715 107 918 
124 348 170 
857 190 284 
771 13 755 
522 709 468 
598 625 982 
563 406 450 
995 172 676 
115 586 996 
342 84 584 
871 685 472 
460 31 471 
968 422 972 
26 195 558 
925 758 698 
365 93 494 
919 810 136 
203 46 411 
356 444 620 
837 621 829 
660 459 345 
723 585 407 
626 98 317 
800 89 852 
935 448 320 
718 979 800 
768 24 956 
402 121 240 
149 691 680 
268 461 979 
850 306 704 
130 15 910 
378 921 362 
800 718 490 
29 502 405 
29 433 469 
354 449 34 
776 410 459 
97 931 74 
29 988 911 
328 166 384 
745 715 978 
503 441 159 
742 300 220 
608 394 146 
943 912 651 
965 249 75 
548 304 875 
591 608 101 
254 722 463 
580 225 140 
131 163 862 
163 389 403 
320 324 769 
835 587 439 
379 133 456 
660 708 455 
60 730 773 
796 932 775 
406 929 262 
793 292 132 
119 850 301 
126 429 890 
369 417 304 
622 7 644 
450 663 320 
627 79 166 
173 547 211 
131 928 92 
799 204 561 
600 792 682 
832 968 660 
616 721 957 
721 421 825 
131 796 936 
347 122 347 
363 736 134 
248 393 1 
359 10 321 
282 235 537 
172 556 566 
558 195 799 
284 677 25 
115 197 744 
407 881 71 
225 583 315 
650 371 785 
308 828 93 
169 373 620 
445 273 189 
788 997 522 
556 24 573 
342 909 724 
197 25 990 
210 996 750 
149 47 594 
478 57 575 
662 155 489 
303 549 802 
349 633 672 
647 479 741 
752 50 597 
210 593 240 
575 316 32 
981 239 351 
666 972 209 
17 403 113 
129 278 144 
645 868 93 
505 201 284 
48 430 774 
67 729 101 
809 763 967 
238 404 55 
240 555 15 
834 640 199 
270 234 112 
689 52 936 
938 549 333 
143 201 911 
137 551 349 
973 988 277 
795 129 306 
57 892 439 
720 59 772 
153 189 906 
394 509 760 
395 896 599 
939 18 272 
384 405 872 
262 555 254 
146 629 920 
891 209 361 
967 425 203 
340 914 694 
150 708 751 
907 332 305 
225 102 712 
372 626 491 
939 859 783 
498 338 338 
968 869 584 
243 978 88 
348 614 683 
779 439 475 
962 739 308 
852 544 268 
292 888 647 
675 165 810 
373 367 670 
72 940 96 
857 607 202 
736 574 284 
480 967 216 
222 266 186 
231 71 938 
91 481 560 
152 947 205 
564 66 76 
470 205 388 
196 632 611 
493 411 434 
699 710 93 
864 708 303 
67 91 765 
527 828 751 
105 815 50 
162 69 692 
207 420 216 
696 517 951 
729 828 940 
172 455 244 
511 663 753 
871 960 625 
446 193 914 
240 894 863 
341 573 64 
246 323 489 
341 856 297 
573 145 436 
954 836 410 
480 845 407 
480 310 743 
542 933 977 
827 70 230 
315 894 979 
47 820 119 
411 325 177 
411 324 813 
22 999 683 
218 177 6 
706 388 677 
187 501 971 
967 408 618 
322 329 316 
194 121 425 
436 904 51 
285 864 685 
423 621 726 
126 673 268 
276 587 344 
189 662 140 
571 918 600 
250 20 435 
150 527 158 
914 695 347 
27 263 231 
644 582 820 
907 649 760 
214 696 707 
134 462 44 
624 383 274 
126 446 107 
920 162 921 
358 550 636 
465 852 369 
534 794 463 
409 277 25 
700 517 205 
624 884 152 
324 479 198 
255 300 608 
969 829 98 
420 792 838 
804 822 670 
668 32 268 
168 169 583 
950 306 58 
736 933 161 
708 113 593 
0 287 776 
518 535 867 
303 988 245 
210 438 594 
574 916 18 
351 855 273 
812 204 558 
47 845 593 
247 432 381 
707 641 294 
51 518 272 
766 598 957 
715 303 417 
475 845 757 
429 813 825 
607 305 62 
366 297 429 
486 818 934 
916 216 667 
933 616 639 
272 823 79 
852 759 947 
210 950 223 
470 471 271 
869 482 428 
295 245 354 
668 0 86 
367 911 197 
664 242 249 
903 729 943 
556 885 834 
130 361 79 
697 864 794 
31 56 437 
419 341 746 
301 479 438 
870 313 983 
384 692 249 
69 181 756 
672 135 89 
894 880 863 
377 868 603 
358 658 691 
315 145 387 
385 479 364 
537 664 578 
706 989 784 
793 879 91 
555 209 829 
346 458 483 
562 99 893 
269 515 895 
200 430 497 
82 489 918 
578 6 53 
264 795 286 
434 789 153 
664 343 53 
191 269 128 
156 329 632 
582 576 438 
616 179 3 
693 676 859 
49 463 90 
670 902 634 
213 250 941 
917 313 389 
569 287 843 
400 50 467 
729 110 15 
390 507 388 
218 856 989 
132 844 8 
659 993 997 
130 112 327 
928 756 826 
66 657 423 
917 300 348 
585 410 149 
483 159 772 
210 92 807 
960 104 229 
795 302 794 
725 786 848 
823 792 416 
341 783 462 
310 251 603 
928 341 175 
444 304 147 
858 867 381 
512 562 96 
392 194 609 
295 518 388 
151 20 449 
45 255 135 
613 957 864 
586 309 866 
426 296 383 
705 403 928 
267 561 293 
566 747 672 
46 11 399 
169 300 619 
424 861 371 
436 966 718 
196 206 81 
627 355 374 
40 533 637 
324 874 993 
4 757 639 
742 121 467 
985 78 949 
103 620 745 
236 329 823 
156 174 470 
975 201 283 
169 423 320 
123 4 173 
611 15 133 
908 968 359 
326 857 727 
809 52 796 
187 27 121 
549 190 597 
453 464 108 
646 368 175 
970 9 970 
971 23 731 
923 951 232 
548 310 929 
770 912 600 
989 384 385 
759 255 253 
563 5 733 
11 812 716 
583 954 181 
387 76 364 
81 950 50 
157 129 197 
225 679 545 
243 141 884 
299 606 343 
485 134 950 
791 735 722 
958 911 13 
899 960 103 
920 48 701 
328 124 999 
970 543 748 
782 318 945 
934 840 8 
125 48 267 
485 795 938 
202 879 215 
397 788 713 
561 953 472 
494 60 212 
538 586 513 
166 87 896 
95 90 81 
795 681 63 
927 736 885 
701 396 984 
252 786 59 
468 651 516 
132 273 669 
137 917 939 
610 602 240 
957 137 518 
61 310 861 
66 556 799 
119 79 657 
401 856 596 
148 972 600 
370 323 787 
0 951 383 
851 696 33 
16 401 150 
412 550 683 
989 199 645 
790 726 905 
92 199 989 
289 274 134 
586 371 117 
45 130 142 
800 862 521 
330 304 282 
175 191 612 
806 300 944 
303 815 929 
150 244 662 
69 882 180 
111 560 818 
486 371 319 
341 788 390 
989 218 661 
907 899 209 
413 635 308 
685 662 196 
423 513 352 
486 849 328 
196 209 54 
817 753 426 
220 271 937 
68 716 126 
452 211 694 
601 407 996 
961 345 544 
649 340 640 
872 489 67 
412 909 963 
681 566 739 
386 174 282 
7 916 669 
265 944 557 
69 867 906 
705 786 720 
512 975 583 
69 381 17 
682 700 703 
311 997 243 
777 3 556 
431 900 503 
256 362 913 
499 911 63 
573 658 653 
318 666 540 
491 579 854 
591 474 649 
473 790 812 
444 568 476 
736 180 113 
265 960 589 
915 83 968 
420 20 536 
389 60 822 
840 928 245 
87 831 518 
110 987 968 
213 106 448 
93 869 350 
262 354 520 
890 369 66 
568 894 4 
994 363 956 
180 361 685 
483 62 745 
875 876 470 
255 519 309 
221 309 877 
547 182 89 
193 340 61 
127 130 794 
60 82 895 
972 484 887 
341 582 324 
74 354 145 
825 786 177 
414 771 671 
498 811 471 
180 85 960 
574 423 635 
179 417 934 
817 527 775 
868 226 707 
589 832 616 
847 169 446 
975 450 747 
791 782 614 
889 532 947 
253 909 888 
409 285 757 
915 32 567 
486 658 890 
493 950 316 
646 769 821 
440 610 306 
615 34 641 
161 905 548 
831 475 565 
137 109 367 
228 221 726 
943 318 264 
693 779 961 
393 392 328 
644 999 813 
248 519 779 
79 907 73 
225 709 724 
125 645 551 
870 554 747 
734 325 750 
695 815 177 
606 770 988 
28 381 870 
312 637 918 
265 84 349 
495 709 426 
215 788 736 
989 45 173 
783 411 605 
62 189 305 
410 273 266 
257 727 161 
