414 800 113 
745 825 763 
63 786 957 
607 126 683 
205 286 66 
462 828 903 
851 509 234 
76 221 643 
757 673 948 
506 427 915 
437 720 124 
323 376 198 
124 6 570 
960 958 898 
646 394 4 
679 251 260 
530 359 705 
900 307 859 
933 805 500 
20 916 657 
380 499 189 
56 357 773 
966 101 100 
935 88 89 
187 754 887 
95 721 802 
561 563 39 
473 721 304 
35 707 555 
716 537 645 
551 874 357 
231 275 123 
694 796 808 
810 388 498 
175 995 802 
706 980 127 
358 749 584 
207 6 760 
181 195 525 
78 667 590 
274 521 280 
431 721 389 
451 702 379 
577 201 920 
977 747 553 
570 510 894 
394 862 474 
418 572 461 
898 657 83 
17 749 265 
736 301 754 
747 747 60 
765 111 555 
267 976 834 
693 348 814 
749 379 688 
419 251 755 
224 471 359 
545 263 337 
143 247 143 
56 929 408 
207 869 480 
140 983 164 
155 61 248 
802 650 593 
266 216 990 
712 434 229 
564 253 104 
378 414 650 
723 246 894 
164 713 394 
864 429 775 
287 299 528 
522 419 379 
223 615 531 
982 552 477 
122 8 358 
477 0 262 
844 627 574 
388 700 732 
261 771 645 
419 406 811 
44 210 460 
152 393 465 
269 612 994 
398 752 241 
790 186 433 
657 615 52 
800 372 90 
660 479 517 
779 6 122 
722 617 56 
296 366 616 
426 888 92 
422 305 279 
378 189 472 
710 376 615 
260 616 299 
584 971 337 
259 941 288 
658 717 506 
317 800 725 
113 909 510 
284 127 556 
167 754 0 
166 101 169 
307 329 863 
493 8 833 
452 91 901 
662 991 365 
304 67 827 
880 543 669 
725 970 19 
774 177 483 
547 677 645 
703 805 724 
554 525 463 
830 696 223 
500 155 105 
38 618 49 
494 553 615 
592 685 946 
636 962 740 
493 602 702 
31 726 33 
952 510 982 
456 110 330 
249 422 169 
62 263 695 
734 218 590 
162 760 234 
440 335 908 
893 726 262 
897 49 809 
250 626 140 
768 53 1 
542 531 365 
345 34 307 
892 592 811 
844 213 319 
155 320 738 
472 855 289 
195 523 870 
506 921 365 
360 122 952 
629 52 727 
682 444 833 
515 601 625 
382 925 573 
854 333 791 
219 34 857 
375 566 340 
17 829 839 
672 261 744 
448 786 309 
765 919 524 
169 829 726 
853 987 49 
239 433 977 
605 412 247 
134 30 300 
435 784 825 
210 456 676 
154 696 969 
885 150 913 
636 380 453 
123 835 778 
407 467 345 
232 602 379 
934 471 869 
966 375 740 
284 652 293 
883 729 689 
448 948 387 
592 575 283 
910 62 399 
457 943 457 
734 1 441 
598 818 957 
849 409 523 
77 626 967 
914 577 206 
784 485 647 
339 385 104 
310 61 421 
361 99 997 
651 639 872 
390 859 440 
466 399 907 
598 212 442 
878 438 631 
921 51 109 
419 415 875 
254 135 138 
20 196 380 
147 83 649 
888 167 790 
977 86 518 
127 518 794 
405 957 16 
994 178 261 
632 8 996 
581 786 981 
908 433 749 
792 659 551 
513 283 274 
828 43 766 
144 994 535 
917 492 985 
283 604 687 
289 932 787 
244 746 368 
165 752 451 
351 370 432 
239 414 637 
195 965 849 
999 597 886 
573 354 204 
130 759 706 
131 539 812 
181 721 795 
126 180 461 
802 656 273 
808 807 759 
120 175 119 
117 83 60 
100 322 293 
968 244 905 
744 183 203 
532 505 296 
243 765 361 
767 559 51 
207 488 871 
821 201 962 
166 414 866 
830 903 669 
533 627 422 
415 927 0 
547 699 707 
477 841 426 
591 614 940 
754 3 916 
97 565 954 
898 447 218 
384 305 915 
48 516 560 
371 898 424 
316 960 756 
459 480 262 
217 743 337 
863 958 670 
969 827 118 
591 606 540 
146 991 749 
270 772 619 
328 276 929 
586 642 325 
706 415 427 
366 93 723 
37 313 117 
609 753 906 
802 523 742 
146 765 643 
807 573 741 
963 680 663 
671 726 749 
875 590 671 
231 259 615 
303 396 531 
591 845 394 
928 979 389 
511 591 892 
747 400 983 
309 704 628 
776 786 475 
548 885 527 
836 962 669 
234 89 227 
952 126 323 
595 5 156 
827 523 248 
384 286 961 
463 710 464 
252 310 616 
236 945 609 
701 361 304 
975 287 905 
221 774 832 
707 915 905 
690 656 259 
646 314 891 
965 963 992 
481 897 417 
62 199 141 
425 899 603 
203 451 194 
971 941 358 
76 498 440 
514 86 425 
34 0 360 
10 498 675 
460 631 115 
200 127 889 
260 176 503 
773 63 486 
737 480 908 
636 158 124 
201 496 81 
202 24 156 
368 423 533 
763 652 124 
370 383 86 
109 34 184 
840 635 494 
87 542 948 
615 352 175 
432 449 646 
556 487 839 
0 611 502 
433 569 584 
537 679 382 
321 114 737 
576 556 687 
93 273 0 
890 363 803 
149 754 768 
60 401 662 
565 198 423 
226 44 946 
366 42 655 
381 491 811 
501 195 116 
737 785 448 
907 931 272 
838 563 19 
599 208 281 
665 183 148 
314 175 606 
431 933 64 
187 35 61 
105 70 188 
406 585 121 
136 441 845 
87 604 381 
716 704 379 
52 385 486 
641 231 999 
383 542 159 
351 143 799 
201 84 553 
462 917 616 
329 433 12 
591 298 576 
51 761 615 
512 808 286 
568 797 576 
169 91 668 
578 983 580 
822 508 393 
259 656 288 
372 105 343 
426 818 334 
633 793 641 
273 295 143 
90 837 447 
839 284 125 
886 514 903 
380 971 214 
812 307 286 
252 249 72 
199 996 963 
103 443 943 
828 888 456 
689 140 652 
746 289 851 
461 823 550 
380 858 532 
279 254 212 
723 727 964 
455 876 948 
236 936 456 
275 821 832 
692 489 753 
898 370 80 
722 295 492 
764 809 147 
650 961 697 
515 995 99 
882 334 671 
914 730 605 
939 224 949 
872 678 839 
181 231 832 
372 446 33 
387 106 960 
469 537 21 
15 403 261 
284 583 629 
78 282 952 
263 885 481 
841 280 631 
75 65 156 
678 86 625 
400 547 91 
526 162 910 
500 714 378 
942 496 730 
320 883 20 
738 211 505 
151 308 155 
87 642 655 
437 37 394 
484 833 269 
707 404 656 
847 403 574 
767 608 105 
141 947 862 
24 949 88 
234 75 846 
874 416 999 
657 159 834 
7 199 823 
864 680 585 
801 108 483 
202 107 418 
496 945 93 
869 428 643 
979 933 834 
621 285 428 
271 735 661 
719 877 67 
757 634 798 
373 218 748 
115 437 8 
434 888 967 
964 615 269 
572 560 225 
12 537 982 
247 441 581 
309 150 35 
113 473 731 
646 527 410 
75 578 941 
419 654 444 
987 388 65 
695 655 655 
963 543 274 
852 288 474 
308 961 985 
939 994 338 
380 723 592 
384 447 270 
761 721 320 
840 803 525 
120 362 968 
136 479 869 
46 152 601 
610 352 149 
77 251 166 
464 214 73 
528 673 842 
75 400 673 
272 960 108 
496 430 466 
410 28 553 
807 967 680 
214 693 640 
804 749 657 
450 158 917 
196 724 413 
402 370 666 
910 307 816 
917 85 968 
217 773 546 
993 102 576 
21 762 704 
213 103 755 
123 809 735 
307 57 939 
645 836 511 
155 494 929 
392 700 245 
916 868 899 
947 421 477 
263 274 229 
694 368 684 
905 625 581 
962 929 907 
85 692 879 
5 983 925 
365 314 53 
911 16 864 
635 322 465 
773 230 436 
914 952 719 
198 574 240 
286 651 912 
237 724 686 
245 929 353 
575 174 787 
123 745 310 
472 16 459 
706 6 51 
393 542 70 
770 942 332 
669 672 872 
511 759 694 
664 486 329 
549 533 284 
618 879 300 
587 388 131 
670 857 13 
103 566 619 
245 767 781 
447 291 971 
772 414 520 
991 478 589 
176 477 687 
300 320 693 
844 895 280 
492 48 515 
983 498 73 
307 37 717 
941 296 442 
707 660 847 
104 125 515 
932 695 128 
330 148 613 
541 123 56 
295 231 975 
589 265 708 
903 33 574 
85 572 552 
565 376 707 
772 432 789 
72 923 770 
773 942 442 
876 622 993 
175 411 659 
40 333 930 
328 690 73 
880 356 468 
177 454 103 
268 763 703 
186 389 43 
492 782 383 
359 211 349 
914 29 475 
317 911 172 
503 99 139 
823 533 52 
241 502 249 
982 819 71 
714 317 589 
186 161 273 
158 762 66 
613 859 950 
585 458 530 
496 522 58 
808 85 508 
945 839 131 
35 142 552 
721 872 167 
657 415 32 
522 635 783 
910 208 618 
115 469 35 
33 230 167 
145 226 87 
507 353 680 
71 486 745 
113 60 632 
410 922 854 
826 436 921 
174 153 243 
209 455 714 
91 742 940 
802 695 310 
649 384 676 
879 766 314 
205 186 918 
817 480 620 
950 10 501 
765 296 17 
255 255 271 
308 3 573 
589 233 285 
117 481 133 
858 476 20 
691 441 92 
266 813 506 
820 293 385 
224 996 853 
227 171 100 
117 323 581 
512 79 315 
335 290 591 
864 452 332 
212 706 235 
983 387 593 
130 846 990 
990 373 416 
250 835 894 
318 278 248 
743 970 95 
891 659 823 
672 507 138 
755 95 209 
587 502 315 
12 820 373 
633 399 964 
32 910 641 
26 852 367 
185 207 973 
548 356 806 
84 115 917 
547 825 880 
687 425 621 
866 306 598 
287 433 719 
769 465 228 
826 740 294 
743 899 92 
82 97 817 
325 694 547 
692 659 22 
365 293 723 
561 338 804 
48 565 972 
406 169 404 
155 153 415 
863 518 445 
565 221 876 
480 104 424 
932 518 470 
644 264 268 
706 908 424 
671 237 668 
451 590 234 
709 640 865 
824 920 835 
940 786 186 
292 572 882 
672 521 252 
585 8 755 
548 284 499 
590 271 25 
467 513 864 
63 348 302 
265 347 858 
100 423 95 
160 663 381 
437 952 945 
827 665 108 
138 634 108 
943 979 119 
221 696 161 
850 745 76 
388 842 700 
984 119 688 
440 104 450 
52 298 519 
195 447 140 
179 379 486 
948 980 508 
671 460 705 
848 484 147 
670 637 17 
561 622 285 
75 151 530 
42 743 453 
579 815 733 
245 761 833 
519 660 368 
980 969 409 
604 890 471 
374 714 62 
901 396 914 
895 551 283 
284 512 686 
574 790 852 
764 557 303 
823 668 84 
523 135 273 
609 428 801 
897 299 281 
776 725 309 
549 401 752 
610 23 250 
209 691 530 
200 319 700 
536 184 593 
612 992 125 
263 203 128 
816 712 630 
617 822 504 
589 526 435 
62 614 168 
708 232 219 
914 298 747 
30 995 946 
643 172 557 
114 874 655 
313 190 833 
430 133 120 
593 368 796 
238 516 237 
440 990 901 
573 294 244 
657 705 973 
732 784 327 
213 906 964 
12 144 694 
797 202 880 
486 302 889 
829 892 584 
114 817 415 
320 726 74 
349 607 589 
346 157 479 
970 439 10 
485 587 338 
300 320 47 
566 281 300 
176 375 233 
410 856 717 
823 576 72 
443 691 824 
956 400 20 
256 610 122 
971 318 321 
705 995 894 
750 855 444 
433 361 218 
222 795 174 
844 251 666 
920 584 589 
734 880 824 
911 281 355 
927 608 716 
985 600 249 
467 18 161 
392 270 947 
856 709 149 
766 873 210 
408 479 705 
319 512 731 
74 163 749 
572 803 807 
365 279 210 
828 326 150 
393 573 296 
392 715 743 
138 566 129 
364 383 50 
550 63 149 
176 619 154 
778 526 399 
420 315 568 
7 750 282 
692 14 220 
131 916 137 
985 195 817 
266 866 982 
388 878 173 
547 137 485 
939 542 69 
38 616 155 
182 485 980 
970 697 594 
417 195 429 
70 605 246 
127 412 810 
703 656 858 
272 709 177 
251 284 198 
967 371 969 
481 880 718 
349 255 333 
957 823 110 
938 838 4 
204 744 783 
825 596 620 
14 939 472 
65 312 418 
652 512 796 
340 746 512 
99 30 712 
80 439 764 
586 736 93 
954 372 560 
88 931 1 
896 883 830 
433 903 755 
434 650 16 
367 662 94 
502 837 66 
101 584 722 
644 23 575 
813 123 216 
748 328 784 
528 622 380 
578 606 802 
33 208 168 
139 151 945 
106 873 940 
111 689 662 
257 74 778 
947 859 793 
947 681 892 
52 62 875 
131 565 406 
521 302 804 
839 488 75 
889 287 445 
510 269 242 
8 17 161 
638 213 726 
552 125 221 
434 729 384 
667 143 236 
46 619 313 
245 617 549 
874 374 633 
719 773 719 
439 248 443 
89 360 97 
77 57 180 
782 270 472 
130 570 212 
102 170 273 
116 78 350 
30 127 669 
366 605 324 
348 615 611 
371 598 695 
257 780 723 
551 808 82 
610 829 398 
775 677 637 
870 84 470 
916 750 245 
928 473 802 
208 200 120 
462 992 730 
940 176 226 
968 81 492 
955 109 731 
985 708 760 
462 720 515 
844 555 917 
495 740 19 
822 335 996 
387 425 656 
42 549 291 
202 84 695 
450 149 51 
449 331 749 
988 320 816 
911 888 35 
969 391 265 
950 395 392 
829 11 631 
367 487 209 
289 260 984 
726 576 245 
757 537 253 
753 714 949 
757 910 324 
115 737 200 
612 375 797 
87 560 956 
181 315 907 
599 538 975 
293 901 196 
319 133 314 
514 223 74 
975 238 633 
977 743 772 
363 25 230 
80 363 514 
558 390 207 
620 264 885 
941 28 236 
573 20 321 
205 952 798 
837 299 277 
122 135 126 
807 850 677 
339 76 358 
206 815 217 
602 710 414 
339 523 259 
966 16 313 
172 133 28 
250 969 595 
0 372 781 
710 876 740 
288 856 437 
767 1 55 
754 563 345 
721 872 20 
978 257 670 
495 607 746 
507 924 781 
511 154 37 
351 117 200 
325 79 894 
836 263 96 
715 109 780 
425 381 322 
336 28 944 
746 906 876 
868 187 366 
164 9 616 
17 909 182 
852 392 440 
246 419 582 
793 64 816 
272 684 890 
897 942 281 
713 679 392 
355 728 121 
330 511 122 
208 662 304 
765 796 629 
719 774 622 
241 663 34 
783 178 791 
520 397 771 
688 249 214 
696 190 761 
941 311 716 
789 394 704 
600 384 534 
129 69 108 
692 723 135 
178 98 955 
594 766 343 
925 83 82 
55 156 880 
932 617 695 
547 367 713 
216 81 739 
922 710 833 
610 667 733 
321 681 42 
247 794 918 
687 569 323 
116 391 628 
107 385 817 
623 232 392 
668 670 284 
831 775 273 
623 447 731 
683 936 691 
67 276 285 
608 76 638 
659 760 463 
673 407 714 
491 675 826 
609 535 583 
115 911 261 
905 854 719 
602 540 386 
596 442 800 
217 865 649 
779 568 253 
748 651 126 
346 950 325 
906 203 335 
181 837 720 
414 746 406 
519 694 709 
204 681 615 
294 206 718 
460 163 622 
581 634 358 
693 380 528 
530 200 489 
57 242 287 
299 726 918 
182 616 337 
499 501 859 
861 21 554 
121 609 59 
758 185 611 
800 941 518 
329 281 399 
18 434 968 
340 728 868 
476 836 574 
150 147 579 
909 101 605 
236 735 541 
430 53 356 
493 455 968 
265 637 601 
97 158 803 
528 811 257 
