198 987 605 
896 556 983 
159 313 754 
458 435 175 
6 174 59 
509 60 49 
706 906 67 
275 543 919 
692 885 269 
813 603 491 
95 272 823 
669 761 682 
451 512 170 
741 599 955 
709 449 264 
297 478 486 
819 787 249 
959 178 735 
295 291 557 
985 474 985 
850 924 520 
311 31 260 
284 767 475 
787 335 55 
660 599 742 
83 196 749 
133 281 205 
124 65 889 
19 88 931 
879 401 657 
841 943 611 
359 574 363 
74 268 842 
92 815 55 
164 594 23 
584 747 146 
620 869 108 
667 28 696 
518 293 386 
354 217 519 
483 761 741 
707 659 9 
127 536 126 
930 6 555 
290 861 852 
68 585 548 
72 968 509 
221 632 512 
644 787 715 
517 227 90 
957 783 895 
821 884 593 
302 861 247 
394 580 151 
670 754 418 
587 84 798 
817 965 81 
827 603 26 
852 59 810 
361 718 391 
123 331 417 
122 546 136 
304 53 969 
0 144 780 
347 970 444 
332 58 509 
774 471 480 
904 9 926 
787 888 940 
889 562 742 
937 606 92 
482 795 676 
312 288 877 
859 110 669 
616 179 644 
734 573 437 
597 605 288 
673 853 506 
125 709 735 
474 197 238 
335 174 424 
526 555 306 
286 779 308 
872 9 992 
715 608 842 
106 142 967 
700 161 793 
666 894 9 
321 237 921 
548 157 492 
833 925 981 
380 873 708 
268 31 199 
529 218 555 
838 55 954 
838 739 910 
955 608 207 
956 609 21 
858 586 195 
990 329 927 
895 266 814 
307 802 654 
334 82 820 
446 265 603 
503 958 738 
155 792 66 
613 267 279 
879 472 91 
361 932 322 
73 117 952 
953 650 203 
553 320 412 
583 182 708 
502 285 810 
752 948 71 
982 511 426 
378 193 374 
661 831 814 
636 801 157 
363 753 610 
691 969 860 
898 595 421 
617 987 306 
426 951 114 
148 760 256 
897 365 293 
697 136 578 
790 41 615 
734 891 175 
113 105 588 
52 808 602 
324 983 786 
749 552 207 
437 559 620 
995 228 254 
435 925 926 
566 632 470 
903 822 30 
459 629 161 
912 564 553 
945 126 717 
848 645 68 
134 406 571 
729 429 966 
561 217 260 
175 37 727 
436 774 669 
443 336 508 
729 828 367 
797 252 874 
633 221 913 
98 426 662 
961 71 37 
794 907 377 
528 961 605 
85 245 904 
663 977 160 
622 919 674 
844 692 934 
140 673 713 
418 317 832 
399 85 558 
319 621 530 
255 271 138 
231 894 754 
995 694 308 
235 809 86 
28 846 626 
879 737 926 
418 467 939 
325 606 703 
893 142 540 
81 598 286 
906 107 617 
769 26 221 
740 113 951 
713 970 434 
280 264 29 
208 341 338 
156 706 554 
259 172 88 
335 528 958 
471 833 473 
837 85 673 
833 378 391 
951 16 766 
737 827 90 
891 749 791 
751 703 724 
28 19 614 
595 776 321 
811 381 89 
65 547 870 
329 441 575 
447 69 927 
908 701 188 
300 448 12 
248 579 418 
826 236 985 
790 518 139 
479 933 854 
760 187 885 
560 248 661 
26 136 528 
725 616 257 
179 353 204 
711 172 428 
54 48 485 
307 805 555 
450 713 703 
928 333 346 
75 679 263 
180 838 501 
519 121 710 
97 410 401 
294 429 631 
333 78 232 
733 134 589 
480 764 868 
526 301 917 
50 958 160 
623 799 454 
626 303 656 
392 201 723 
624 162 877 
923 25 738 
857 428 412 
485 901 43 
869 41 617 
970 98 779 
603 434 394 
933 89 397 
42 320 338 
350 202 634 
215 792 855 
931 496 863 
362 482 112 
983 685 743 
50 424 909 
333 925 522 
498 974 595 
539 308 930 
152 386 832 
622 373 735 
680 533 707 
585 121 438 
93 323 886 
9 863 652 
673 471 659 
305 82 61 
506 114 264 
524 671 206 
860 977 151 
347 717 372 
733 886 757 
399 802 163 
923 765 841 
882 466 692 
937 542 15 
608 859 307 
88 342 723 
91 791 754 
212 109 285 
989 388 332 
612 406 335 
735 637 939 
191 578 328 
605 888 200 
818 678 858 
938 993 792 
352 9 627 
499 653 700 
84 210 446 
694 509 498 
114 784 922 
784 406 238 
396 966 286 
417 333 994 
526 873 843 
812 86 940 
331 225 484 
151 399 696 
339 95 522 
865 193 765 
935 917 902 
932 938 230 
240 536 102 
587 740 221 
30 312 446 
225 327 40 
322 183 250 
912 4 625 
96 986 977 
849 645 786 
920 148 743 
313 43 131 
120 139 695 
56 727 927 
395 945 630 
723 982 364 
644 489 809 
960 961 313 
307 491 210 
428 611 413 
891 979 384 
552 513 298 
917 323 562 
701 760 17 
771 741 425 
707 313 822 
264 343 52 
792 111 122 
725 729 767 
81 1 331 
294 16 157 
527 117 366 
297 205 280 
197 497 639 
639 585 214 
561 82 573 
156 135 777 
60 348 340 
832 850 274 
513 850 592 
817 674 405 
926 106 609 
851 296 315 
430 929 552 
524 476 879 
604 124 272 
336 523 531 
112 940 977 
529 406 921 
924 219 192 
433 651 278 
190 604 850 
99 879 197 
140 267 471 
283 518 988 
73 806 204 
762 437 953 
866 417 871 
215 329 333 
380 453 844 
69 177 143 
374 164 682 
127 945 527 
595 913 613 
157 383 642 
684 328 274 
934 478 818 
837 816 230 
818 6 348 
40 566 417 
297 581 379 
496 434 509 
703 58 771 
663 416 883 
65 848 973 
967 66 981 
210 532 28 
671 209 219 
969 843 107 
738 200 490 
295 410 479 
236 305 184 
372 548 548 
139 979 264 
74 745 378 
247 399 37 
872 223 398 
753 100 10 
819 260 857 
556 640 856 
895 444 827 
218 917 28 
164 167 178 
447 109 936 
396 111 730 
146 647 767 
271 420 511 
995 129 606 
161 779 277 
682 107 694 
4 378 716 
16 104 382 
494 434 264 
671 184 907 
455 357 280 
928 195 850 
166 853 10 
729 955 208 
670 806 496 
846 681 292 
979 52 76 
149 165 452 
737 873 23 
770 704 22 
410 258 270 
735 261 897 
474 85 329 
852 370 63 
577 48 762 
567 293 79 
532 107 118 
723 819 853 
868 51 649 
495 330 512 
321 966 395 
802 559 74 
374 764 451 
503 901 920 
244 403 476 
296 985 268 
668 810 499 
173 447 311 
486 309 6 
609 478 381 
693 415 710 
788 944 974 
820 769 736 
629 521 779 
54 573 836 
64 544 587 
318 48 217 
708 976 118 
722 196 968 
731 182 138 
811 502 748 
428 468 844 
533 202 971 
808 430 209 
304 639 471 
375 999 138 
201 734 446 
273 863 120 
656 865 155 
853 438 186 
402 267 132 
671 633 234 
327 642 742 
426 494 35 
100 532 542 
389 934 515 
831 926 348 
813 364 449 
275 641 776 
138 303 151 
899 853 420 
862 533 571 
434 462 209 
290 71 587 
762 191 278 
482 884 123 
149 923 257 
71 340 731 
396 894 169 
157 18 430 
897 53 732 
377 681 689 
849 446 682 
468 73 544 
59 608 516 
128 304 646 
112 75 529 
285 586 506 
941 734 556 
738 661 696 
268 872 757 
724 981 235 
165 695 326 
765 622 911 
73 871 679 
996 47 448 
335 477 598 
762 213 236 
324 98 244 
735 493 330 
434 868 440 
388 312 616 
857 845 155 
756 111 891 
776 300 461 
5 215 701 
134 806 294 
715 193 701 
279 100 221 
292 564 429 
333 682 30 
606 332 879 
476 140 412 
772 49 924 
168 85 94 
639 570 732 
399 934 263 
251 618 755 
70 182 601 
465 447 674 
545 738 264 
662 875 355 
139 389 623 
733 595 356 
673 891 781 
398 876 507 
412 954 106 
731 716 669 
534 338 872 
522 904 760 
936 779 167 
930 10 530 
974 150 104 
472 373 855 
530 857 816 
622 66 122 
388 301 830 
793 69 353 
251 728 782 
436 284 957 
408 203 170 
344 683 83 
653 217 170 
395 377 678 
120 918 604 
735 913 535 
779 502 564 
497 749 918 
796 362 167 
207 94 556 
206 714 421 
408 467 983 
568 663 696 
9 461 46 
289 579 630 
669 950 610 
834 340 540 
926 679 778 
492 861 915 
84 251 438 
74 135 936 
903 66 522 
837 660 162 
594 109 205 
897 619 363 
490 419 40 
787 373 877 
64 778 972 
338 781 791 
418 614 962 
253 641 471 
176 785 647 
12 445 694 
402 750 554 
328 592 595 
719 637 759 
257 157 695 
670 223 607 
367 478 399 
166 812 65 
208 832 800 
853 792 148 
811 797 207 
461 657 589 
311 801 950 
551 743 444 
706 207 414 
750 456 303 
300 621 584 
328 788 544 
972 382 214 
690 440 862 
146 71 218 
415 871 942 
921 882 785 
187 603 615 
712 208 86 
189 309 199 
463 310 192 
559 585 445 
948 440 678 
85 380 244 
17 623 351 
917 11 839 
775 541 900 
612 712 293 
226 658 819 
782 245 462 
370 574 827 
237 966 215 
366 513 68 
642 307 9 
446 739 687 
444 757 737 
762 106 189 
140 717 815 
609 147 879 
309 77 162 
819 909 378 
237 630 697 
395 795 956 
713 895 217 
298 408 400 
729 158 410 
32 568 698 
844 475 425 
32 840 87 
481 663 820 
407 552 924 
478 400 864 
60 166 707 
838 621 424 
137 290 188 
252 701 780 
217 996 362 
709 976 809 
229 799 960 
186 174 754 
702 563 504 
276 764 630 
528 324 986 
128 802 244 
254 426 806 
592 280 90 
170 647 190 
390 225 373 
255 829 129 
202 675 162 
490 67 351 
750 91 755 
95 48 22 
77 227 875 
427 217 52 
460 219 185 
976 967 843 
846 440 61 
24 60 883 
644 497 703 
508 939 752 
360 119 16 
123 56 1 
105 959 215 
628 115 764 
193 145 650 
571 135 848 
189 27 653 
228 973 187 
61 202 434 
883 688 31 
18 539 980 
809 527 213 
214 974 292 
174 893 473 
364 391 225 
531 638 410 
182 909 217 
384 545 188 
992 839 581 
749 594 225 
242 528 794 
504 132 26 
997 877 779 
970 813 879 
292 461 905 
409 275 356 
462 516 843 
211 695 612 
12 757 4 
223 392 483 
682 271 770 
611 423 321 
323 845 296 
6 179 121 
273 943 672 
916 888 309 
157 154 558 
310 426 341 
547 52 116 
163 973 815 
402 765 772 
827 451 172 
198 604 118 
719 850 517 
496 647 155 
233 716 611 
987 353 82 
431 969 443 
263 135 385 
948 820 66 
486 668 702 
554 526 599 
889 479 978 
444 889 563 
688 519 887 
960 120 345 
45 878 503 
511 502 209 
691 272 261 
766 460 975 
472 710 419 
313 400 356 
130 104 704 
496 615 454 
744 6 287 
525 701 448 
611 451 590 
816 729 452 
862 266 161 
975 673 790 
338 378 844 
243 785 786 
654 495 485 
242 261 515 
602 476 878 
171 49 510 
941 140 520 
588 845 14 
339 204 804 
224 582 390 
886 122 517 
129 781 30 
179 451 2 
688 379 929 
282 661 247 
164 864 343 
595 573 915 
822 164 359 
987 251 818 
690 422 150 
695 360 377 
607 611 232 
517 777 582 
577 552 330 
904 32 69 
536 481 522 
529 38 680 
205 747 635 
722 432 575 
363 906 763 
662 999 495 
282 686 752 
342 755 34 
473 700 78 
710 746 696 
972 193 265 
548 592 86 
363 166 139 
833 160 879 
44 883 796 
671 460 242 
769 282 110 
665 298 227 
525 599 731 
964 17 918 
204 935 553 
386 268 268 
836 483 266 
192 771 121 
175 94 462 
868 311 252 
230 661 887 
605 250 173 
176 542 572 
992 289 816 
243 76 75 
113 459 316 
781 478 817 
892 480 177 
520 728 493 
203 642 301 
43 47 624 
260 77 347 
218 326 79 
27 802 457 
817 196 874 
86 932 210 
702 371 705 
862 820 124 
113 679 896 
801 167 763 
788 75 754 
99 421 545 
350 65 592 
26 882 598 
19 94 37 
732 801 118 
26 637 477 
700 658 143 
832 831 416 
940 493 831 
415 74 329 
186 32 283 
680 801 120 
594 562 739 
270 835 421 
739 450 877 
68 552 353 
944 45 73 
957 77 161 
819 314 486 
980 216 707 
594 36 902 
346 757 542 
377 902 18 
939 918 975 
198 2 469 
565 587 656 
49 270 933 
258 120 391 
508 603 474 
162 111 441 
152 893 985 
689 18 787 
139 883 492 
732 726 120 
262 752 131 
815 887 593 
945 536 285 
357 545 504 
508 378 1 
58 89 157 
212 703 241 
979 947 516 
763 32 258 
130 134 62 
249 627 432 
733 245 8 
317 841 259 
488 880 577 
856 258 961 
284 928 643 
187 30 217 
787 384 536 
627 770 156 
173 446 937 
771 888 952 
434 440 571 
42 953 739 
35 765 540 
765 407 782 
406 523 943 
444 193 669 
986 58 985 
82 679 237 
206 706 525 
931 898 447 
654 206 977 
305 790 244 
917 557 513 
564 873 25 
906 959 854 
950 457 33 
81 499 444 
691 709 906 
414 126 629 
985 12 485 
298 215 924 
823 650 576 
689 544 418 
703 65 444 
474 64 335 
271 878 463 
196 52 662 
560 505 599 
971 204 703 
817 929 892 
416 464 140 
669 942 344 
835 577 512 
962 354 574 
510 488 187 
429 546 258 
820 161 78 
376 571 1 
220 164 334 
860 856 858 
376 672 10 
160 446 639 
312 564 215 
463 760 631 
401 949 227 
852 697 949 
862 172 26 
856 753 753 
583 506 754 
957 331 46 
340 118 565 
337 312 952 
410 384 510 
512 923 655 
61 289 21 
391 70 732 
607 891 791 
208 37 272 
899 556 491 
350 830 437 
334 623 855 
169 325 306 
454 846 253 
188 108 143 
681 429 946 
276 664 98 
106 870 753 
900 746 796 
609 253 887 
644 509 978 
237 97 611 
825 837 245 
763 864 535 
84 747 55 
407 118 959 
588 188 238 
768 2 987 
59 19 716 
610 298 738 
395 313 278 
856 882 451 
246 246 418 
273 353 675 
719 904 744 
728 262 553 
367 936 241 
630 490 238 
545 373 369 
386 743 484 
832 932 335 
388 493 97 
425 723 886 
2 21 9 
998 561 378 
188 532 231 
363 719 505 
833 656 877 
524 913 252 
52 139 17 
328 684 848 
258 459 950 
709 914 492 
105 646 292 
254 784 258 
186 390 128 
197 669 188 
989 133 885 
332 996 103 
972 672 339 
742 692 428 
45 423 457 
981 330 619 
153 374 603 
450 384 353 
338 993 40 
991 863 383 
982 916 432 
130 848 226 
264 681 26 
760 712 773 
927 982 708 
425 589 320 
788 363 481 
781 890 422 
474 66 899 
981 226 264 
910 926 478 
919 642 993 
94 173 277 
996 760 992 
126 764 847 
139 684 922 
521 256 216 
463 79 322 
108 462 405 
854 863 804 
713 118 593 
822 592 281 
120 112 828 
3 102 221 
482 620 809 
976 575 559 
962 230 715 
857 401 221 
598 700 349 
533 622 480 
730 754 83 
717 811 523 
42 823 415 
338 5 381 
503 416 803 
544 797 189 
140 957 153 
496 309 248 
453 345 386 
901 848 329 
401 555 584 
26 995 432 
784 849 950 
707 801 996 
373 522 557 
289 713 440 
351 205 600 
802 269 926 
988 967 247 
910 151 930 
