693 414 264 
179 978 296 
428 370 372 
300 671 197 
632 711 239 
152 706 15 
934 294 521 
446 592 658 
615 25 550 
762 228 91 
288 1 58 
17 354 840 
100 498 373 
264 943 629 
206 518 578 
79 684 947 
338 199 243 
959 126 664 
445 594 834 
683 688 358 
743 262 467 
260 174 332 
378 754 677 
810 81 110 
27 876 660 
98 117 922 
253 788 99 
330 319 696 
44 387 791 
700 854 467 
851 816 931 
910 883 912 
925 907 763 
255 817 892 
802 849 585 
171 37 670 
484 324 845 
782 944 907 
79 861 480 
698 698 157 
0 726 819 
130 861 511 
884 758 106 
946 907 282 
388 949 558 
661 599 335 
821 956 794 
217 672 502 
654 381 335 
507 772 825 
304 321 412 
632 523 938 
65 246 18 
533 601 805 
188 951 139 
321 145 950 
737 308 703 
122 941 510 
778 480 488 
861 43 69 
325 229 191 
675 341 165 
216 731 387 
838 65 583 
551 352 979 
698 704 882 
741 303 66 
206 704 555 
200 231 448 
736 99 55 
286 430 224 
522 330 504 
919 577 350 
193 919 875 
742 577 352 
959 228 304 
121 414 776 
213 815 344 
100 163 487 
398 493 921 
354 240 101 
540 671 42 
726 292 591 
903 177 848 
274 162 917 
846 111 189 
867 267 408 
73 741 843 
635 648 23 
470 565 394 
485 624 658 
762 628 586 
472 324 158 
306 793 365 
469 476 238 
255 312 507 
936 344 35 
825 402 774 
320 430 267 
433 644 168 
608 572 53 
104 886 386 
919 725 741 
617 446 687 
816 646 309 
82 232 101 
21 220 624 
882 241 77 
156 89 654 
26 187 518 
328 710 3 
506 640 486 
707 947 610 
535 251 143 
818 423 400 
525 246 148 
205 256 39 
612 883 352 
97 883 216 
351 322 467 
470 253 295 
171 274 640 
218 270 37 
315 600 566 
7 978 79 
109 271 631 
220 40 399 
868 242 753 
252 310 767 
447 532 323 
816 204 696 
328 29 506 
193 217 519 
171 119 69 
470 845 452 
436 839 502 
566 305 555 
929 84 406 
755 988 320 
929 454 93 
546 265 437 
377 310 620 
550 801 540 
401 868 114 
981 964 808 
999 317 212 
721 133 180 
173 134 979 
558 506 460 
76 818 819 
12 250 368 
382 619 680 
259 893 837 
596 687 60 
420 311 388 
582 18 234 
696 707 22 
16 618 192 
418 650 842 
451 483 435 
479 673 715 
272 793 309 
281 515 261 
639 823 333 
550 407 579 
789 944 461 
575 26 751 
607 252 704 
71 454 811 
427 981 829 
236 285 658 
470 31 549 
568 227 704 
263 341 950 
16 889 829 
766 950 249 
860 550 300 
209 360 220 
182 452 124 
51 869 32 
450 469 138 
672 240 264 
742 244 811 
123 502 471 
841 246 268 
37 616 252 
520 591 524 
14 949 733 
686 532 592 
718 24 706 
396 647 884 
14 961 494 
84 826 458 
281 253 330 
597 560 213 
147 950 116 
235 469 381 
306 621 351 
654 136 36 
214 935 123 
301 521 307 
259 377 204 
253 355 867 
279 793 728 
809 747 396 
766 812 664 
443 162 506 
174 441 135 
163 302 91 
304 360 451 
293 55 647 
779 399 496 
331 20 218 
365 169 373 
389 830 757 
450 676 172 
195 371 272 
75 185 898 
857 346 961 
751 199 760 
965 905 376 
125 979 219 
996 170 832 
713 973 822 
137 550 730 
973 804 804 
563 95 813 
942 198 411 
884 357 160 
278 236 133 
575 348 527 
740 916 170 
685 375 78 
189 627 112 
593 546 623 
831 166 531 
250 268 332 
219 455 975 
844 102 872 
4 866 512 
31 254 415 
993 378 175 
340 561 248 
17 897 126 
680 516 203 
926 376 805 
987 59 99 
287 883 363 
84 232 572 
97 183 362 
724 300 991 
717 427 545 
786 62 556 
655 872 318 
296 207 634 
50 613 494 
760 354 742 
73 963 223 
109 540 129 
574 828 799 
78 324 32 
565 183 245 
462 306 754 
982 544 848 
834 826 872 
670 143 124 
413 206 234 
91 11 409 
862 915 517 
402 577 93 
93 148 866 
5 660 168 
580 492 246 
798 464 418 
284 120 74 
505 725 830 
50 489 142 
265 307 467 
174 528 224 
733 103 864 
1 97 486 
20 549 490 
948 201 106 
156 581 755 
991 342 381 
650 219 239 
810 811 311 
314 381 60 
598 704 994 
568 725 393 
591 123 852 
302 618 323 
68 558 378 
787 411 874 
359 5 723 
343 262 754 
554 344 477 
457 898 942 
925 163 79 
933 973 111 
273 203 458 
719 39 464 
964 133 140 
413 900 507 
38 843 290 
734 184 456 
540 302 658 
896 304 325 
903 478 410 
273 372 678 
441 0 296 
592 27 415 
366 979 41 
159 151 156 
830 436 653 
969 536 83 
667 486 297 
96 752 235 
536 81 218 
56 24 171 
270 974 314 
911 766 372 
350 536 956 
754 381 779 
363 678 234 
459 28 521 
911 633 974 
972 371 741 
7 300 297 
43 63 127 
596 372 628 
642 182 872 
527 986 512 
117 485 275 
668 711 50 
175 846 548 
520 782 553 
514 918 575 
77 176 564 
777 214 430 
202 48 137 
962 759 255 
271 63 359 
198 364 331 
566 768 433 
302 10 732 
733 203 973 
22 938 364 
39 530 876 
638 570 604 
180 742 543 
14 227 86 
966 439 66 
737 50 413 
686 150 715 
271 153 860 
709 113 571 
619 902 60 
784 602 853 
873 19 347 
406 538 408 
503 242 510 
150 207 171 
287 195 304 
148 26 834 
986 879 906 
256 741 337 
272 29 721 
752 555 37 
849 788 849 
6 210 859 
7 323 661 
319 107 223 
63 730 451 
94 250 426 
169 701 202 
71 190 234 
990 312 488 
622 864 358 
785 950 483 
113 677 913 
312 614 680 
820 5 650 
17 985 171 
656 935 478 
266 22 543 
218 507 926 
71 906 33 
344 202 754 
645 445 488 
647 765 974 
209 177 825 
507 663 694 
754 359 997 
8 262 600 
391 929 508 
949 767 581 
496 889 177 
606 468 484 
844 397 900 
496 22 124 
564 544 538 
600 128 981 
545 212 703 
882 58 33 
381 127 591 
353 612 628 
934 851 671 
323 616 400 
826 191 193 
660 401 532 
821 96 755 
36 900 285 
634 608 657 
507 490 304 
941 127 444 
577 810 971 
407 725 143 
495 249 785 
576 181 799 
47 886 418 
631 628 706 
760 710 300 
937 849 707 
33 461 983 
575 379 521 
470 751 217 
206 178 863 
493 310 437 
517 686 68 
312 263 711 
174 411 130 
45 609 680 
105 117 688 
450 118 108 
280 83 528 
112 442 642 
793 100 470 
636 802 649 
184 753 557 
767 290 383 
223 699 302 
52 48 618 
958 124 96 
956 738 91 
288 396 861 
596 802 612 
741 112 182 
389 701 827 
539 635 520 
392 870 255 
308 52 921 
887 953 528 
75 944 909 
64 480 179 
277 912 429 
853 938 911 
42 977 877 
523 876 560 
208 900 582 
657 523 261 
435 131 536 
228 395 295 
964 83 592 
826 642 847 
35 728 981 
590 528 245 
609 101 339 
452 871 367 
461 315 763 
682 623 741 
684 508 953 
191 64 227 
656 599 697 
241 674 629 
616 70 615 
781 660 248 
758 381 895 
381 569 34 
790 921 390 
599 843 811 
818 589 240 
521 828 806 
377 557 276 
402 743 263 
534 725 669 
529 247 416 
753 946 442 
732 536 970 
432 397 398 
860 626 867 
26 257 180 
195 954 713 
383 780 911 
93 235 574 
271 728 416 
661 347 260 
391 724 509 
680 618 627 
664 31 868 
747 100 436 
350 32 620 
153 903 797 
774 375 824 
310 302 528 
465 6 423 
408 163 721 
864 418 859 
796 678 87 
912 785 947 
89 417 110 
339 501 854 
317 855 719 
641 14 633 
968 16 392 
2 506 899 
310 243 380 
412 38 46 
952 944 6 
592 530 384 
592 677 396 
532 316 168 
460 309 379 
590 135 877 
945 46 534 
782 629 583 
383 619 883 
398 367 935 
488 202 946 
152 797 149 
949 263 948 
90 835 255 
119 990 996 
136 505 949 
924 895 116 
817 199 356 
321 593 730 
463 199 748 
565 775 42 
392 572 857 
996 692 461 
937 930 686 
132 24 13 
937 673 723 
673 823 227 
795 498 711 
382 838 994 
28 760 74 
887 753 698 
481 73 556 
418 438 9 
286 645 490 
597 724 593 
962 481 534 
144 153 215 
890 824 454 
551 580 264 
338 569 131 
29 816 919 
971 427 369 
336 586 903 
211 159 497 
585 437 330 
722 399 873 
174 417 860 
639 640 960 
975 474 582 
50 744 98 
340 516 637 
677 451 443 
115 346 108 
294 536 684 
986 457 373 
711 717 770 
537 618 410 
620 409 721 
816 30 380 
661 941 488 
170 858 751 
369 244 790 
799 183 62 
361 392 228 
905 245 454 
345 590 899 
449 618 693 
127 120 645 
579 946 266 
368 122 442 
7 639 858 
960 157 927 
821 237 696 
898 633 466 
873 311 510 
403 631 653 
895 622 290 
460 797 566 
419 256 47 
487 106 466 
734 389 128 
317 861 678 
163 330 797 
480 624 401 
606 448 418 
277 386 528 
240 394 780 
980 645 493 
518 370 801 
408 216 531 
277 456 484 
394 652 821 
565 896 117 
798 360 474 
156 671 891 
728 848 808 
403 914 671 
835 490 969 
846 345 300 
655 717 801 
258 260 895 
150 248 774 
551 44 857 
180 758 839 
266 295 817 
248 180 933 
198 406 459 
444 95 788 
267 784 744 
748 691 761 
11 320 9 
652 883 952 
197 435 309 
557 570 900 
154 129 863 
811 961 577 
779 277 601 
33 471 706 
580 538 549 
981 24 90 
462 908 223 
984 138 471 
262 634 312 
679 362 381 
566 44 142 
720 802 858 
889 86 94 
369 605 894 
682 592 538 
192 188 878 
761 375 426 
468 853 365 
40 378 603 
391 229 709 
546 663 392 
377 869 216 
784 985 86 
457 929 488 
461 345 930 
171 758 691 
194 621 704 
246 211 646 
497 180 600 
737 959 357 
152 665 225 
999 156 295 
28 92 229 
418 986 105 
678 572 557 
694 233 101 
194 54 477 
871 320 477 
989 885 127 
865 84 384 
957 686 397 
647 427 538 
751 482 839 
874 924 715 
115 255 459 
970 874 25 
876 788 739 
694 969 135 
286 166 852 
925 171 790 
850 442 258 
624 55 571 
660 427 636 
37 593 100 
883 335 859 
577 363 86 
712 854 334 
851 525 854 
800 546 261 
407 83 642 
217 834 421 
508 585 325 
643 890 497 
583 807 941 
431 504 836 
546 912 490 
762 955 962 
272 173 94 
852 410 112 
236 402 362 
263 184 165 
454 194 825 
767 306 813 
606 428 913 
548 269 972 
736 996 313 
644 423 629 
670 949 869 
899 553 116 
375 204 672 
696 460 732 
891 59 72 
164 830 55 
763 993 117 
730 46 256 
987 348 545 
439 934 557 
867 959 658 
404 487 845 
632 898 128 
728 779 316 
593 533 512 
183 603 927 
39 102 52 
666 922 527 
88 638 969 
685 743 8 
359 254 747 
564 236 475 
60 135 560 
104 57 281 
17 218 837 
960 553 205 
52 887 656 
160 561 301 
273 936 670 
802 179 624 
550 365 318 
194 978 560 
16 408 334 
845 748 979 
615 106 357 
165 292 743 
172 754 446 
16 764 992 
814 30 766 
519 713 961 
318 251 210 
312 897 679 
412 336 161 
956 914 954 
415 816 334 
887 516 297 
162 31 716 
504 534 599 
408 306 838 
329 982 881 
607 77 566 
226 927 398 
627 848 678 
399 869 534 
660 324 119 
713 369 484 
618 883 531 
716 285 716 
343 584 87 
11 471 506 
475 755 756 
724 910 201 
296 610 201 
617 163 577 
509 32 288 
165 839 675 
988 590 578 
911 970 953 
60 154 573 
325 198 823 
995 372 355 
631 355 586 
812 42 835 
938 285 38 
376 523 408 
374 34 761 
324 179 491 
608 625 160 
381 276 587 
863 669 236 
297 809 944 
780 617 707 
368 282 857 
156 466 728 
676 834 376 
88 408 861 
518 702 752 
131 243 398 
75 467 646 
951 840 157 
666 712 843 
582 584 806 
769 89 432 
559 644 553 
699 265 131 
419 767 244 
594 312 728 
822 193 657 
952 429 299 
59 539 231 
285 769 721 
133 881 481 
48 222 751 
135 494 88 
815 317 872 
89 421 324 
650 635 393 
636 796 534 
433 975 836 
496 710 956 
198 848 672 
136 581 88 
847 591 260 
544 255 455 
790 558 159 
581 982 179 
14 281 708 
858 482 29 
837 418 902 
403 806 371 
416 628 972 
453 236 908 
50 907 200 
211 912 199 
46 591 557 
575 623 77 
874 53 90 
254 442 484 
425 894 809 
238 75 96 
223 146 652 
300 17 603 
454 371 677 
892 705 922 
128 864 806 
58 78 614 
388 312 526 
497 125 63 
183 869 113 
971 498 165 
509 913 573 
562 351 51 
369 982 384 
839 786 439 
366 471 176 
847 213 707 
710 879 450 
674 894 980 
868 832 719 
130 295 201 
349 317 414 
380 884 790 
964 787 16 
226 263 446 
563 911 66 
887 868 175 
830 576 464 
711 780 104 
496 458 121 
917 887 534 
255 908 366 
144 508 172 
231 330 72 
248 202 635 
760 371 550 
656 274 541 
176 270 709 
876 289 593 
663 286 359 
334 570 842 
531 893 820 
887 962 250 
457 884 354 
939 767 775 
322 484 110 
753 239 878 
394 902 255 
782 686 642 
780 585 943 
631 255 693 
634 699 77 
667 931 703 
67 769 899 
738 817 204 
357 627 110 
578 749 110 
369 837 773 
181 911 780 
30 712 533 
20 391 208 
891 515 437 
981 131 533 
832 15 837 
343 293 913 
761 745 845 
721 649 345 
769 668 632 
482 416 967 
410 228 319 
705 521 548 
356 276 369 
220 567 874 
681 254 582 
100 494 377 
867 525 958 
230 492 325 
438 525 503 
505 537 832 
815 272 573 
569 495 561 
923 343 570 
416 259 252 
357 511 26 
666 730 585 
937 299 290 
66 515 960 
333 114 346 
809 889 824 
159 852 613 
875 196 369 
617 748 464 
705 124 447 
62 230 137 
512 618 78 
711 379 146 
385 76 3 
180 858 189 
836 738 371 
493 869 518 
592 447 68 
819 182 721 
838 723 116 
791 574 751 
847 185 538 
622 556 411 
573 356 543 
79 790 182 
736 96 152 
656 229 709 
867 195 842 
433 49 294 
5 867 866 
488 302 623 
40 112 443 
528 431 737 
562 40 612 
189 120 469 
918 724 375 
2 266 833 
971 751 888 
345 621 902 
19 233 601 
876 950 788 
250 359 474 
702 454 794 
428 743 356 
642 771 679 
913 636 903 
242 466 942 
325 697 963 
694 559 349 
126 659 984 
776 184 886 
629 370 421 
836 687 300 
947 275 662 
661 932 806 
439 967 438 
391 205 333 
373 353 542 
204 200 839 
292 522 520 
539 436 775 
956 327 875 
343 626 370 
220 48 144 
976 263 167 
16 760 596 
57 922 35 
724 848 700 
230 912 77 
413 132 595 
869 767 156 
322 649 546 
114 829 486 
797 604 693 
309 911 339 
116 199 116 
212 205 657 
211 970 936 
832 252 242 
