770 468 988 
394 313 543 
189 686 541 
935 35 708 
733 517 297 
491 278 468 
588 702 376 
66 444 173 
766 746 620 
495 523 520 
8 289 320 
504 38 998 
394 587 446 
122 568 47 
419 148 746 
193 171 664 
780 442 379 
343 898 763 
260 724 774 
646 834 787 
13 787 458 
455 208 724 
843 104 303 
158 758 352 
895 836 656 
369 467 785 
38 349 216 
682 519 120 
995 910 605 
718 982 363 
93 781 599 
310 927 127 
409 790 639 
886 259 389 
801 147 855 
492 516 614 
926 570 213 
412 230 601 
276 383 221 
806 835 960 
663 307 267 
889 460 194 
993 930 365 
584 678 683 
148 163 868 
945 387 362 
820 718 13 
511 972 793 
777 419 853 
879 310 527 
283 725 312 
571 342 932 
855 877 334 
711 960 879 
443 251 77 
581 82 195 
432 393 459 
528 942 685 
535 817 558 
941 792 37 
704 974 64 
458 522 527 
291 48 294 
346 97 888 
687 95 971 
410 586 150 
663 40 826 
894 911 213 
747 991 459 
528 576 800 
127 779 785 
430 623 347 
172 307 574 
355 827 990 
342 161 758 
612 82 253 
807 474 208 
10 396 942 
482 618 314 
826 947 338 
652 11 687 
183 179 532 
779 27 831 
490 699 608 
204 356 866 
496 656 642 
604 103 920 
486 16 477 
675 403 641 
284 686 632 
979 922 6 
793 627 483 
820 875 680 
463 882 322 
829 683 964 
257 792 335 
914 484 972 
163 26 117 
251 247 754 
554 656 69 
771 288 600 
613 681 590 
864 757 734 
144 978 179 
567 541 41 
49 927 8 
68 971 455 
104 472 847 
903 108 925 
834 701 479 
738 995 812 
323 485 742 
505 485 563 
600 175 229 
485 682 338 
689 683 180 
328 253 155 
735 164 441 
386 918 76 
774 939 354 
586 190 557 
625 847 671 
206 187 243 
340 294 0 
538 113 294 
169 792 24 
87 673 757 
813 671 880 
428 986 719 
133 637 984 
832 988 946 
699 363 835 
263 136 775 
453 226 733 
309 42 82 
845 616 956 
5 328 217 
61 217 747 
54 506 611 
744 842 582 
262 317 536 
644 820 345 
377 254 360 
921 701 83 
771 686 950 
856 165 887 
16 894 700 
795 188 859 
920 515 356 
656 687 808 
641 591 988 
377 952 70 
785 542 435 
604 830 462 
563 775 186 
961 699 816 
846 899 24 
164 169 38 
373 727 334 
706 755 927 
906 428 414 
722 177 881 
818 349 344 
309 652 963 
829 92 693 
646 210 187 
729 101 249 
236 78 49 
25 421 264 
565 311 28 
217 834 984 
241 390 765 
602 248 60 
902 75 281 
353 566 673 
62 784 451 
752 224 740 
730 890 494 
77 851 704 
500 273 610 
935 52 505 
287 566 987 
588 107 771 
730 426 165 
70 567 606 
640 534 568 
655 291 535 
52 456 918 
980 222 562 
907 561 334 
699 520 986 
222 456 40 
551 438 646 
624 201 636 
950 773 150 
964 319 272 
592 911 190 
986 915 835 
840 658 773 
567 920 632 
497 185 987 
229 828 374 
441 89 816 
822 46 609 
806 385 70 
187 518 482 
56 455 355 
62 433 524 
610 929 377 
387 640 502 
507 244 395 
856 93 908 
969 817 200 
696 389 46 
201 208 72 
478 502 354 
331 478 820 
834 971 74 
965 292 717 
65 239 598 
713 573 743 
812 36 478 
381 217 989 
923 513 454 
553 236 403 
963 97 366 
64 872 57 
740 280 166 
764 246 325 
214 531 241 
294 758 924 
587 585 348 
359 705 743 
264 436 167 
832 242 632 
250 160 909 
479 574 146 
943 507 528 
776 925 466 
79 717 840 
582 835 113 
526 829 866 
564 911 17 
115 710 845 
794 849 866 
614 647 166 
163 554 844 
145 943 611 
13 389 640 
293 673 928 
817 684 714 
917 174 700 
888 150 444 
418 629 665 
511 397 235 
613 122 319 
778 666 937 
294 94 283 
227 313 812 
705 260 577 
533 613 862 
247 916 537 
591 748 545 
851 317 104 
808 127 934 
226 108 368 
941 673 684 
355 878 349 
647 657 523 
53 332 415 
679 662 419 
267 783 268 
655 28 217 
648 156 518 
148 46 405 
273 783 810 
191 342 190 
751 410 910 
398 323 877 
558 290 730 
336 938 646 
950 941 485 
328 544 680 
362 863 398 
494 251 868 
336 473 459 
549 16 281 
426 968 982 
199 797 37 
157 11 191 
460 558 621 
408 677 38 
728 367 638 
223 194 919 
535 984 745 
916 105 554 
392 897 213 
744 966 432 
106 313 952 
669 974 886 
924 167 149 
274 622 555 
384 715 712 
678 932 828 
162 487 787 
972 906 80 
280 823 765 
31 316 790 
475 733 309 
429 832 841 
342 146 294 
74 666 749 
872 208 114 
504 122 670 
174 652 860 
854 152 205 
797 968 628 
531 188 249 
859 479 378 
68 983 894 
628 391 217 
893 284 957 
878 81 606 
795 856 241 
928 193 497 
875 907 280 
578 471 991 
26 889 44 
26 938 377 
869 832 961 
123 288 799 
874 75 811 
170 219 749 
35 741 456 
398 674 816 
70 839 404 
196 320 100 
286 66 522 
979 652 59 
48 696 142 
434 361 102 
974 38 534 
559 288 923 
441 180 86 
240 51 920 
559 436 390 
54 204 482 
420 420 991 
443 314 511 
128 954 285 
349 277 330 
255 418 621 
812 78 250 
377 973 506 
958 39 444 
0 265 781 
594 487 986 
470 985 318 
300 612 935 
625 872 147 
796 358 332 
894 230 552 
877 776 182 
127 336 376 
315 402 15 
202 605 555 
111 966 772 
781 197 168 
823 468 745 
691 704 608 
634 906 732 
912 673 981 
312 951 362 
68 79 46 
453 699 873 
94 795 650 
862 735 924 
424 184 50 
85 300 461 
616 478 223 
187 877 930 
793 903 317 
296 614 462 
305 462 813 
324 445 317 
653 747 545 
95 532 355 
90 245 870 
808 365 693 
894 177 807 
665 268 589 
940 451 531 
912 50 228 
382 627 857 
100 726 105 
721 523 970 
341 576 86 
572 553 430 
277 236 10 
655 802 75 
239 29 820 
270 928 879 
769 101 44 
403 570 151 
442 323 424 
860 137 798 
196 495 267 
574 276 613 
12 913 394 
270 144 246 
422 847 331 
502 724 746 
722 549 280 
3 374 171 
806 431 337 
204 238 995 
753 128 508 
910 313 575 
62 252 687 
37 950 753 
688 270 975 
910 111 502 
173 34 693 
111 173 536 
755 344 171 
185 139 527 
395 790 388 
731 119 685 
115 720 47 
269 286 583 
422 319 469 
385 113 947 
962 65 267 
420 47 635 
315 17 734 
933 607 537 
275 696 490 
450 630 547 
232 55 21 
612 715 203 
343 43 38 
846 602 854 
574 243 862 
451 113 907 
251 853 758 
234 308 101 
340 763 71 
492 111 907 
260 883 237 
871 363 704 
926 267 435 
709 138 737 
293 446 100 
658 807 23 
900 827 436 
912 331 614 
128 86 831 
212 986 695 
334 405 330 
9 72 548 
34 639 301 
457 208 369 
197 828 985 
7 206 155 
770 779 680 
288 16 240 
29 42 599 
410 404 878 
416 155 236 
307 515 415 
293 807 4 
677 835 704 
466 659 596 
491 730 669 
241 875 82 
217 41 566 
914 346 552 
794 853 598 
998 559 100 
142 188 953 
932 3 994 
125 910 319 
460 469 596 
783 275 58 
908 659 487 
53 13 342 
618 986 197 
9 400 361 
893 183 795 
178 132 428 
634 796 40 
47 233 147 
468 361 725 
836 723 72 
430 742 403 
653 198 246 
228 655 960 
38 199 833 
538 748 508 
447 773 987 
755 408 187 
824 716 792 
568 379 418 
445 64 936 
835 620 984 
521 243 832 
785 402 341 
790 880 992 
979 431 193 
359 533 579 
681 126 301 
966 610 673 
483 10 497 
107 597 217 
363 582 510 
453 326 641 
343 239 181 
884 100 576 
99 795 813 
6 521 5 
868 855 50 
520 142 203 
179 82 546 
297 712 454 
719 745 346 
930 699 137 
245 961 421 
270 765 234 
548 905 800 
763 489 531 
182 747 862 
582 862 779 
962 722 763 
168 925 449 
99 89 926 
8 495 943 
852 858 238 
861 488 930 
701 101 242 
373 993 805 
627 545 765 
76 615 614 
663 445 453 
192 740 911 
815 590 292 
950 404 714 
624 242 221 
941 736 577 
333 270 249 
756 433 919 
668 355 806 
789 953 710 
354 842 930 
529 979 240 
644 402 684 
659 160 858 
886 900 857 
566 347 254 
981 162 694 
895 486 409 
958 293 3 
571 256 754 
839 778 268 
149 291 43 
904 86 287 
550 185 598 
803 90 393 
953 668 345 
114 633 419 
338 200 536 
943 985 388 
330 834 343 
812 940 737 
151 464 885 
285 999 408 
567 847 655 
282 370 457 
649 567 86 
695 396 997 
498 211 687 
703 806 64 
727 648 185 
471 277 790 
48 445 815 
91 12 638 
113 856 782 
266 88 770 
722 565 43 
670 933 485 
150 640 949 
556 908 895 
780 822 232 
189 87 700 
432 370 153 
294 615 584 
671 768 262 
242 840 483 
142 253 691 
828 868 32 
421 426 769 
344 701 369 
877 748 182 
907 800 816 
561 982 84 
597 356 761 
458 260 418 
168 472 659 
576 95 628 
105 122 698 
672 595 696 
267 258 217 
336 469 78 
106 161 677 
210 52 593 
1 142 241 
60 761 598 
963 929 961 
669 839 666 
392 759 343 
577 795 316 
314 922 571 
476 366 849 
661 475 934 
888 432 283 
526 684 641 
744 931 781 
850 660 184 
272 217 712 
954 475 524 
315 389 805 
251 682 56 
495 598 484 
812 219 677 
113 122 63 
334 47 10 
950 377 0 
847 292 168 
939 591 403 
834 133 553 
183 503 148 
495 354 549 
184 555 524 
880 390 790 
579 537 563 
715 411 21 
745 531 347 
798 721 921 
828 231 373 
197 878 441 
520 46 296 
107 621 992 
388 830 489 
718 381 630 
582 17 693 
772 524 822 
192 664 158 
381 247 724 
943 365 745 
116 15 654 
845 978 838 
39 964 862 
795 869 654 
394 281 125 
756 619 759 
216 982 251 
554 757 184 
852 114 957 
837 215 334 
0 240 955 
668 765 731 
753 913 966 
799 683 137 
217 6 317 
892 995 904 
467 702 680 
728 442 480 
230 394 684 
848 383 283 
291 146 612 
53 710 657 
774 142 425 
695 648 556 
470 628 657 
367 210 910 
990 674 995 
246 908 312 
405 947 291 
983 388 613 
318 596 963 
56 710 403 
507 586 998 
520 111 731 
26 143 668 
800 633 604 
318 476 481 
688 166 180 
337 625 576 
349 89 525 
744 597 366 
619 204 546 
659 854 109 
466 401 542 
7 473 566 
261 896 57 
628 203 421 
737 952 62 
968 756 387 
385 390 492 
741 128 85 
331 557 541 
410 126 965 
650 600 487 
274 628 413 
397 170 425 
774 154 14 
430 707 104 
631 503 181 
177 837 403 
348 395 890 
338 749 244 
956 239 801 
143 546 796 
697 554 582 
551 996 243 
80 791 819 
623 412 66 
932 615 842 
431 266 0 
395 402 454 
469 611 354 
63 979 290 
371 892 377 
84 200 962 
370 632 313 
866 536 534 
492 417 990 
441 627 307 
738 533 2 
658 45 186 
76 856 792 
318 633 876 
102 872 310 
864 344 72 
801 993 737 
413 327 641 
870 599 883 
879 873 875 
741 621 395 
988 509 369 
443 22 51 
269 392 637 
893 578 46 
141 4 929 
265 467 635 
354 995 680 
140 165 611 
326 601 614 
957 179 20 
142 567 11 
740 756 735 
2 212 434 
447 998 618 
260 498 722 
785 539 94 
688 363 760 
46 46 54 
388 634 281 
177 100 885 
279 844 754 
627 534 714 
590 749 842 
396 819 43 
852 58 518 
268 934 704 
482 629 458 
252 719 436 
946 936 472 
663 675 224 
563 502 891 
937 60 546 
809 971 243 
640 939 453 
652 182 882 
532 597 233 
819 631 337 
209 695 50 
139 505 961 
925 431 6 
991 657 450 
316 426 390 
297 136 672 
348 231 549 
105 324 849 
358 502 665 
515 661 317 
705 765 902 
657 482 432 
427 719 339 
579 828 867 
712 314 66 
937 1 102 
753 335 544 
463 584 799 
773 269 790 
515 887 950 
243 33 553 
986 752 430 
687 363 764 
151 924 920 
635 402 594 
201 109 403 
756 268 553 
954 123 958 
660 162 203 
573 402 589 
330 450 224 
779 93 908 
931 145 62 
335 928 981 
685 60 897 
80 394 338 
609 581 597 
946 100 670 
530 808 726 
357 180 701 
639 432 509 
234 175 550 
455 855 716 
590 618 593 
340 214 691 
577 705 121 
925 665 953 
138 478 762 
119 237 368 
370 82 477 
451 601 607 
776 716 146 
37 798 724 
126 421 968 
224 803 708 
262 984 804 
255 497 5 
499 810 999 
428 866 117 
20 290 694 
491 181 323 
44 952 120 
4 486 230 
136 632 918 
516 877 474 
795 492 16 
129 785 391 
972 17 267 
224 679 851 
123 986 520 
19 490 742 
770 714 820 
276 286 768 
346 846 280 
879 611 580 
600 743 844 
191 857 265 
156 78 158 
259 269 886 
71 751 180 
586 315 576 
970 943 880 
138 827 833 
781 980 827 
264 721 413 
528 793 861 
504 651 930 
660 94 320 
694 595 519 
565 617 978 
332 616 545 
714 820 928 
265 313 320 
845 411 49 
669 588 736 
936 702 531 
735 896 252 
811 697 797 
907 563 37 
551 209 464 
909 805 574 
202 99 538 
771 66 129 
556 41 856 
484 166 990 
266 804 896 
766 390 195 
93 220 256 
103 970 180 
679 422 550 
302 153 917 
236 129 599 
557 365 378 
836 538 899 
879 30 329 
713 12 351 
734 894 273 
334 807 80 
518 558 521 
196 636 840 
621 44 538 
988 94 658 
656 811 929 
33 876 528 
745 178 159 
37 343 868 
922 529 627 
965 930 207 
185 197 605 
610 554 938 
872 276 902 
445 432 742 
747 859 721 
138 5 536 
541 540 66 
606 308 143 
616 260 821 
699 358 146 
927 92 396 
768 934 335 
352 853 325 
293 69 245 
500 746 1 
540 830 463 
644 424 866 
691 897 211 
828 800 778 
277 768 642 
540 624 794 
482 116 53 
532 201 324 
28 573 896 
87 920 43 
348 572 449 
629 351 698 
3 575 89 
657 892 562 
438 680 723 
359 721 153 
500 616 166 
485 240 508 
876 877 257 
397 913 166 
554 384 152 
352 501 288 
406 563 743 
206 683 287 
806 521 451 
111 754 839 
932 952 425 
237 345 803 
173 441 797 
781 856 873 
476 32 488 
79 443 920 
413 756 736 
948 430 470 
948 190 236 
127 276 57 
399 515 935 
662 36 534 
370 355 584 
639 655 673 
478 573 28 
0 220 229 
632 641 964 
557 160 495 
526 272 688 
507 851 406 
13 771 356 
711 487 71 
449 501 228 
480 949 43 
318 492 614 
45 967 938 
451 349 427 
150 831 631 
452 50 922 
594 363 298 
814 684 666 
906 86 136 
502 430 587 
407 874 997 
88 288 559 
283 997 453 
807 986 490 
812 897 133 
641 430 150 
424 709 503 
954 351 154 
451 750 505 
530 26 227 
240 830 999 
809 192 206 
419 565 290 
