712 211 853 
367 989 328 
3 151 917 
438 0 334 
106 781 786 
212 706 469 
90 955 253 
55 445 702 
436 894 266 
71 677 432 
494 906 427 
715 915 505 
682 526 743 
164 649 749 
561 548 712 
472 102 165 
41 761 473 
702 123 832 
498 574 169 
581 245 669 
849 704 611 
780 464 64 
950 762 762 
167 309 356 
168 191 360 
255 394 51 
357 101 140 
676 608 338 
550 599 154 
146 482 471 
376 34 322 
436 717 471 
378 391 978 
86 657 272 
489 769 557 
423 665 11 
196 324 3 
41 199 459 
739 108 17 
455 466 247 
933 978 424 
449 965 702 
519 136 879 
451 107 131 
426 958 318 
977 606 10 
584 707 66 
389 11 243 
527 930 972 
600 233 70 
597 679 661 
529 848 679 
630 923 742 
105 122 977 
118 123 593 
883 281 559 
470 467 377 
388 974 683 
154 481 774 
723 657 561 
937 998 993 
744 950 201 
636 896 560 
79 287 240 
559 84 846 
442 164 260 
494 55 713 
998 25 290 
71 114 316 
46 225 204 
45 460 454 
325 328 605 
668 301 289 
760 575 511 
923 0 658 
136 823 853 
36 149 473 
30 11 728 
268 576 55 
694 85 278 
684 449 844 
77 259 413 
551 330 227 
953 738 34 
857 956 409 
821 526 258 
254 88 311 
793 605 70 
992 748 972 
947 122 731 
672 421 124 
141 539 951 
237 107 298 
779 407 522 
955 931 447 
181 259 379 
577 357 189 
791 881 62 
79 141 220 
719 623 351 
893 813 523 
703 171 428 
469 215 416 
988 213 812 
476 444 848 
414 711 653 
999 935 110 
445 506 461 
133 279 699 
926 483 44 
360 215 499 
648 840 561 
303 859 270 
280 631 58 
51 641 526 
545 662 400 
917 880 535 
675 809 471 
377 871 16 
639 805 229 
169 487 563 
136 953 159 
324 213 746 
925 19 447 
614 690 409 
911 865 127 
256 453 900 
969 79 605 
862 799 188 
608 677 244 
9 902 186 
773 157 437 
899 216 194 
89 274 278 
846 832 234 
688 459 161 
865 826 74 
136 81 958 
773 560 585 
143 905 502 
873 600 402 
941 843 217 
640 372 68 
189 240 176 
761 147 93 
919 823 903 
309 778 275 
181 216 214 
504 321 739 
416 614 621 
635 986 431 
392 693 167 
694 104 603 
358 769 980 
24 126 877 
352 100 911 
640 805 203 
336 225 508 
439 691 763 
647 846 1 
9 29 287 
835 596 424 
222 790 576 
37 15 810 
765 575 375 
624 944 0 
237 581 905 
413 864 895 
112 308 850 
218 777 29 
954 976 630 
754 728 587 
188 476 385 
256 437 980 
250 698 36 
539 665 448 
48 671 302 
804 376 370 
217 617 580 
384 998 880 
676 741 403 
471 314 624 
90 287 66 
152 809 800 
410 738 879 
947 916 52 
665 44 736 
265 370 241 
134 961 362 
948 802 445 
597 49 304 
332 212 164 
79 812 465 
978 634 952 
235 818 145 
66 194 625 
454 622 676 
134 779 115 
718 464 873 
391 110 930 
380 765 597 
728 490 422 
946 178 434 
953 858 98 
889 672 923 
882 407 465 
567 311 241 
717 215 900 
239 353 389 
117 853 654 
595 961 663 
95 697 42 
750 910 809 
997 63 100 
527 88 451 
620 749 749 
617 418 883 
914 670 125 
339 905 471 
877 939 987 
886 547 27 
276 992 157 
630 787 287 
770 645 97 
907 0 535 
507 603 343 
957 717 129 
553 49 309 
964 401 7 
65 199 542 
716 703 110 
98 235 815 
337 451 823 
366 481 669 
114 586 624 
321 323 533 
557 695 6 
576 412 603 
878 429 636 
767 766 889 
66 805 725 
876 980 431 
943 582 64 
301 712 144 
745 586 939 
620 859 516 
265 603 486 
998 77 657 
127 692 916 
638 253 257 
363 699 422 
256 488 855 
850 574 530 
326 487 608 
381 829 443 
79 869 124 
185 20 188 
576 554 145 
910 124 988 
902 833 923 
505 437 867 
485 174 843 
812 348 780 
531 650 65 
500 88 554 
568 66 662 
412 581 788 
222 104 673 
644 557 877 
669 241 343 
697 361 108 
141 474 970 
174 136 226 
894 71 57 
505 997 289 
864 620 190 
123 548 636 
483 489 469 
794 114 33 
772 350 200 
264 547 974 
932 675 838 
995 14 378 
142 520 954 
934 998 636 
373 996 364 
766 395 689 
318 688 610 
669 845 124 
766 940 795 
340 122 327 
381 670 848 
866 428 35 
701 182 838 
897 748 790 
564 830 685 
479 104 165 
794 25 182 
733 558 114 
931 877 738 
842 774 212 
13 993 41 
124 752 348 
659 383 643 
942 382 33 
879 291 457 
541 713 248 
425 548 496 
38 17 719 
339 262 146 
710 34 902 
136 666 959 
321 628 356 
616 909 575 
257 917 854 
930 652 528 
728 295 203 
118 498 875 
183 352 925 
970 42 750 
931 671 229 
377 981 7 
17 867 797 
745 835 566 
802 932 605 
917 482 765 
999 739 874 
651 397 118 
552 897 722 
639 713 319 
506 698 751 
133 893 60 
890 542 711 
493 440 668 
212 452 407 
54 721 369 
702 811 829 
315 796 153 
983 87 120 
999 153 753 
871 491 178 
594 261 97 
138 183 634 
320 166 402 
14 202 651 
191 127 545 
551 268 14 
745 819 941 
698 725 132 
508 893 393 
145 338 819 
914 23 820 
816 613 416 
269 65 827 
635 276 178 
623 829 74 
847 848 220 
498 847 842 
507 853 258 
715 154 89 
779 117 917 
77 208 159 
765 196 582 
0 316 459 
594 689 746 
577 202 901 
412 26 378 
313 708 847 
283 610 179 
310 869 343 
579 722 717 
396 674 679 
570 911 600 
876 154 419 
249 893 137 
135 518 603 
633 75 918 
483 949 102 
682 304 207 
382 279 749 
42 333 84 
987 665 132 
506 763 454 
103 788 145 
31 708 460 
262 763 82 
549 328 219 
834 343 680 
723 316 252 
735 391 985 
465 734 810 
848 41 761 
794 864 99 
294 800 649 
372 504 371 
359 63 203 
516 972 537 
507 268 320 
633 750 969 
847 292 906 
184 152 687 
52 428 222 
661 942 932 
981 425 916 
99 706 741 
836 585 263 
296 911 759 
714 759 320 
552 729 826 
744 778 556 
919 892 12 
230 60 204 
650 505 885 
640 627 46 
478 481 444 
46 595 521 
333 152 443 
248 824 551 
50 604 115 
175 669 540 
139 477 889 
57 24 336 
468 977 184 
927 933 546 
211 847 952 
592 710 785 
49 91 379 
95 82 8 
941 89 88 
241 865 785 
671 892 40 
54 917 429 
433 881 100 
585 627 242 
937 808 24 
621 2 878 
869 991 925 
70 231 799 
371 203 223 
659 659 445 
774 752 874 
372 203 645 
505 228 921 
821 223 14 
726 807 957 
814 46 52 
304 926 255 
772 449 711 
716 621 417 
878 485 433 
696 27 862 
26 116 882 
227 397 863 
499 293 113 
785 996 486 
602 892 529 
985 278 503 
117 837 227 
90 560 104 
211 616 805 
808 526 355 
487 733 683 
65 319 570 
218 51 837 
74 888 71 
360 135 215 
371 203 533 
553 2 655 
574 66 284 
631 510 448 
269 716 239 
552 799 869 
303 621 867 
370 892 951 
275 37 810 
358 11 534 
876 426 590 
122 910 89 
741 439 299 
563 810 47 
386 590 507 
358 403 513 
514 785 784 
423 512 797 
135 346 625 
617 739 512 
555 322 785 
455 777 481 
985 609 669 
306 339 580 
305 940 872 
201 910 440 
27 446 358 
376 692 2 
275 853 404 
229 691 124 
336 650 211 
943 564 569 
552 764 200 
149 196 348 
240 879 238 
530 949 581 
970 341 137 
459 872 676 
927 652 585 
790 553 589 
371 915 228 
526 125 866 
190 542 22 
919 744 98 
465 952 998 
729 146 805 
675 143 116 
122 921 348 
675 459 174 
361 492 651 
970 46 333 
960 757 410 
103 862 493 
816 368 14 
693 243 421 
163 354 806 
52 274 119 
243 303 355 
408 541 581 
648 19 459 
466 57 890 
524 255 289 
189 858 100 
136 157 933 
162 582 860 
709 413 225 
151 802 647 
779 373 827 
40 28 369 
802 744 559 
43 241 591 
915 742 243 
643 344 586 
513 65 212 
753 15 824 
738 743 251 
6 501 306 
673 782 278 
609 966 625 
144 233 503 
825 548 35 
860 213 534 
361 983 870 
331 615 163 
497 950 806 
459 573 45 
243 89 12 
948 783 719 
502 142 279 
5 768 748 
108 527 780 
4 117 970 
186 902 72 
76 476 477 
424 413 56 
377 287 222 
110 101 829 
340 521 594 
585 656 667 
311 300 262 
120 771 445 
984 588 929 
950 455 593 
479 510 782 
217 987 408 
834 354 425 
145 586 735 
918 815 503 
675 866 52 
223 768 30 
970 989 782 
474 297 437 
391 577 363 
22 678 748 
440 520 216 
263 333 919 
164 60 448 
12 716 674 
102 494 189 
705 638 138 
154 373 694 
516 780 709 
859 817 207 
783 182 123 
486 578 833 
304 87 7 
162 863 440 
252 374 167 
872 974 375 
214 635 155 
56 875 278 
66 733 738 
984 15 663 
153 233 887 
909 211 700 
860 182 24 
744 693 723 
502 653 294 
826 689 873 
655 884 883 
762 219 144 
448 645 143 
937 0 710 
949 2 401 
257 709 642 
265 84 31 
723 885 783 
39 604 25 
460 549 526 
181 505 912 
35 560 101 
790 90 715 
670 498 744 
100 928 835 
168 22 58 
461 443 993 
235 983 947 
340 370 920 
305 651 979 
766 982 238 
973 37 31 
969 672 176 
497 41 460 
918 684 394 
340 212 52 
306 225 124 
299 616 820 
375 618 927 
163 852 550 
865 821 13 
999 362 616 
954 915 210 
975 716 642 
782 42 712 
746 780 893 
949 267 393 
899 996 933 
786 595 356 
893 859 280 
759 391 542 
126 117 157 
947 728 715 
197 592 319 
999 672 62 
349 938 239 
33 672 586 
737 225 337 
307 759 201 
444 146 776 
860 234 62 
768 703 426 
843 379 406 
439 372 48 
479 603 740 
776 197 41 
298 54 290 
359 31 752 
109 826 220 
723 139 956 
196 30 509 
752 348 677 
678 742 923 
765 536 818 
530 495 666 
919 97 350 
999 809 498 
418 845 960 
854 151 817 
288 435 7 
196 22 935 
244 380 429 
68 218 850 
269 768 329 
435 37 383 
192 237 16 
935 244 616 
747 280 345 
94 670 294 
192 72 425 
77 966 479 
214 199 885 
380 316 468 
827 388 892 
279 288 252 
636 793 470 
725 392 357 
961 419 545 
103 101 480 
430 313 783 
608 951 396 
812 536 944 
711 157 240 
378 719 628 
738 341 148 
456 367 266 
139 973 565 
38 357 511 
78 944 363 
844 551 795 
668 297 683 
726 654 597 
156 697 732 
962 974 147 
330 617 232 
422 610 997 
287 940 913 
984 801 499 
796 578 859 
419 49 865 
768 785 331 
914 230 988 
109 636 366 
748 810 893 
952 546 15 
615 961 403 
174 922 562 
590 688 221 
790 765 565 
223 935 120 
739 704 718 
996 505 781 
461 339 895 
887 363 845 
812 349 67 
157 68 456 
673 598 668 
964 587 892 
986 375 799 
959 358 194 
271 393 751 
820 325 745 
227 998 101 
328 55 817 
174 545 839 
779 164 350 
539 841 925 
477 95 775 
373 457 253 
178 553 253 
872 414 693 
915 104 243 
874 123 685 
658 896 783 
57 302 363 
747 287 590 
549 810 754 
943 368 531 
628 557 382 
178 356 106 
487 947 442 
672 550 594 
506 312 488 
438 122 5 
418 900 826 
410 7 775 
31 536 131 
501 804 500 
422 36 646 
437 904 348 
314 715 429 
62 38 611 
886 298 993 
511 500 863 
335 170 129 
978 244 577 
525 937 116 
821 578 34 
317 621 308 
693 859 89 
696 520 326 
505 456 449 
937 963 401 
190 345 988 
89 464 528 
974 672 94 
829 487 82 
406 970 50 
213 950 154 
351 702 617 
692 221 442 
269 361 120 
820 417 638 
750 858 243 
566 459 868 
503 872 724 
211 404 984 
288 81 225 
196 467 122 
861 429 364 
638 284 840 
22 595 973 
544 540 643 
224 866 533 
335 821 917 
320 624 704 
76 417 925 
216 961 808 
934 511 231 
347 692 227 
524 786 914 
995 537 992 
396 334 144 
385 395 388 
993 407 931 
624 529 567 
657 901 951 
824 83 878 
348 571 686 
906 759 198 
534 276 602 
243 270 696 
404 854 748 
906 244 27 
944 448 542 
749 417 408 
869 796 444 
556 694 518 
386 65 485 
294 500 696 
231 945 270 
35 227 637 
69 161 797 
148 142 429 
663 462 461 
769 6 350 
70 768 735 
195 20 584 
517 598 364 
422 297 403 
949 412 964 
568 502 918 
491 146 819 
874 591 495 
86 589 95 
639 726 690 
797 780 439 
53 851 672 
806 982 992 
597 518 81 
938 167 980 
154 985 542 
363 471 886 
8 541 29 
775 411 247 
268 544 840 
280 487 918 
187 758 227 
531 735 909 
489 986 902 
916 870 974 
606 221 759 
643 976 321 
810 928 417 
510 600 656 
571 15 535 
980 582 270 
724 958 752 
544 325 125 
636 237 509 
72 486 250 
232 424 660 
613 566 838 
897 244 501 
694 667 611 
342 159 36 
88 530 488 
213 909 598 
617 94 185 
457 995 787 
427 774 525 
617 44 725 
932 550 895 
907 550 533 
856 890 51 
353 823 628 
752 33 952 
969 609 82 
48 856 499 
994 413 393 
747 32 706 
153 94 874 
742 391 46 
278 904 323 
694 98 97 
654 283 407 
798 37 686 
183 841 847 
186 239 995 
526 326 640 
776 114 992 
192 982 256 
359 37 947 
66 139 329 
427 849 627 
265 339 501 
394 16 981 
197 111 689 
72 337 879 
234 339 332 
945 259 526 
128 950 405 
164 898 507 
151 121 100 
733 324 276 
257 920 161 
338 323 988 
202 519 440 
548 84 33 
363 588 733 
547 991 630 
336 26 206 
593 916 408 
640 816 236 
90 351 250 
993 808 439 
194 684 561 
211 661 504 
721 227 900 
475 664 313 
21 69 391 
658 946 378 
818 954 438 
842 597 496 
431 935 892 
721 437 990 
123 448 461 
878 438 979 
602 398 598 
160 641 699 
65 543 695 
895 148 961 
393 341 848 
566 711 377 
695 69 863 
573 777 196 
218 197 951 
551 637 924 
739 781 237 
288 602 830 
231 976 0 
72 964 477 
862 481 414 
126 65 239 
114 750 34 
659 474 33 
86 428 245 
820 930 16 
157 945 477 
301 276 394 
154 998 92 
469 120 961 
250 333 496 
461 606 729 
178 177 938 
150 531 239 
388 696 695 
535 850 605 
504 136 409 
146 993 41 
426 767 713 
214 194 814 
567 822 124 
90 390 969 
413 1 773 
23 443 619 
430 148 643 
549 736 423 
294 862 268 
105 383 171 
849 163 931 
5 236 417 
630 328 271 
883 758 519 
604 697 134 
827 551 766 
57 355 918 
126 97 173 
725 345 299 
722 2 609 
961 87 274 
448 548 567 
638 19 35 
295 822 667 
236 434 679 
394 422 906 
324 714 241 
24 143 489 
467 675 18 
217 703 252 
975 260 900 
890 168 692 
39 681 827 
280 398 990 
270 283 355 
