253 220 702 
2 992 895 
465 829 772 
228 789 894 
855 151 152 
698 679 403 
233 958 816 
610 96 212 
667 116 816 
40 385 454 
577 422 709 
750 731 842 
895 562 484 
236 860 554 
402 358 123 
696 5 651 
563 10 147 
741 336 817 
879 235 812 
818 844 174 
345 255 163 
486 965 393 
812 149 239 
307 592 424 
550 630 173 
734 337 357 
819 918 905 
820 260 993 
514 522 137 
289 352 640 
999 757 31 
845 608 466 
19 743 925 
335 53 496 
377 709 311 
139 729 113 
822 929 784 
384 910 541 
303 238 965 
400 666 322 
893 945 797 
817 557 693 
957 934 729 
223 715 435 
589 916 427 
495 641 5 
99 300 78 
930 134 531 
231 464 513 
511 226 6 
261 883 670 
586 243 360 
295 27 614 
134 788 98 
193 342 218 
314 561 851 
321 65 69 
435 36 570 
163 13 30 
561 572 545 
968 386 903 
262 559 862 
508 756 578 
171 30 231 
985 118 307 
868 817 896 
424 387 988 
18 813 81 
781 423 225 
281 73 269 
150 415 881 
718 396 633 
564 281 140 
642 593 296 
602 643 978 
783 918 536 
333 384 796 
157 748 261 
839 507 204 
19 740 907 
882 895 346 
110 265 392 
32 391 481 
800 327 85 
849 432 175 
240 245 223 
453 631 658 
103 433 908 
238 181 205 
893 254 307 
362 856 575 
827 29 858 
533 410 487 
364 394 974 
466 130 70 
478 974 249 
957 317 564 
789 758 458 
162 820 775 
318 773 322 
526 803 669 
386 650 310 
194 206 937 
353 388 244 
587 368 600 
853 883 181 
934 26 197 
162 759 957 
210 947 453 
729 129 653 
66 240 505 
671 682 487 
329 131 213 
327 272 785 
692 699 344 
505 109 329 
716 306 202 
23 355 796 
851 620 717 
471 460 704 
810 333 113 
264 626 75 
421 954 271 
415 994 777 
46 382 451 
525 869 501 
510 987 246 
986 389 485 
553 807 507 
317 961 521 
27 51 20 
67 196 657 
510 290 762 
871 711 269 
382 15 88 
284 205 607 
38 593 965 
463 461 151 
308 174 373 
293 195 670 
490 15 520 
808 773 306 
697 845 256 
850 340 90 
223 818 932 
846 914 166 
765 564 623 
624 913 432 
108 94 795 
184 978 493 
656 880 549 
308 365 290 
216 855 140 
896 669 853 
216 295 834 
753 168 914 
71 706 865 
728 292 687 
987 299 224 
515 21 646 
164 760 525 
434 333 908 
727 13 576 
101 623 815 
432 681 530 
770 236 846 
158 302 764 
947 659 399 
489 945 361 
28 988 754 
840 300 406 
612 302 174 
143 426 778 
269 323 896 
760 262 158 
208 510 920 
592 926 331 
471 692 524 
39 965 794 
19 550 662 
717 343 430 
966 14 845 
487 561 607 
243 914 774 
236 428 106 
377 315 312 
879 324 844 
588 610 73 
172 330 43 
63 52 328 
166 286 478 
205 460 688 
799 414 749 
958 912 212 
867 29 694 
375 801 451 
506 115 323 
490 851 173 
32 863 175 
386 233 415 
33 276 437 
136 732 586 
309 727 797 
267 35 115 
702 735 704 
44 823 874 
426 761 224 
934 180 70 
33 27 143 
86 594 262 
663 195 814 
60 488 95 
818 641 215 
757 396 657 
957 121 574 
649 78 489 
666 195 992 
415 768 965 
479 492 18 
205 717 418 
720 251 383 
950 503 595 
626 400 61 
93 308 792 
680 571 512 
935 404 238 
121 735 107 
109 855 728 
990 20 919 
168 914 557 
173 622 174 
197 957 740 
569 661 984 
262 200 147 
689 899 477 
293 326 79 
459 122 476 
786 470 69 
836 841 391 
302 954 231 
645 391 980 
63 176 312 
287 617 110 
351 684 111 
312 0 42 
122 159 28 
765 78 48 
321 277 166 
623 446 777 
158 95 289 
282 323 79 
47 692 745 
560 304 191 
905 900 364 
956 804 761 
958 635 889 
610 651 265 
495 766 911 
422 816 354 
757 21 674 
345 480 572 
978 940 218 
267 983 253 
360 138 641 
253 273 603 
60 62 386 
807 341 890 
695 60 167 
2 263 692 
410 251 117 
849 426 602 
830 60 455 
680 540 789 
534 537 814 
196 163 78 
857 646 553 
707 624 547 
904 475 883 
964 450 559 
879 163 690 
261 274 907 
177 325 649 
725 110 135 
96 860 482 
24 885 369 
109 996 409 
912 824 381 
900 203 440 
785 308 365 
843 594 505 
158 563 351 
113 589 932 
711 595 533 
932 789 26 
374 990 960 
344 268 498 
338 940 797 
677 896 921 
691 336 936 
677 737 687 
150 499 99 
105 482 309 
406 335 3 
185 414 787 
471 694 462 
167 850 260 
410 390 683 
470 273 563 
223 589 22 
876 837 218 
382 290 472 
63 996 448 
163 234 15 
894 222 879 
205 65 951 
722 881 440 
268 70 495 
877 349 628 
65 815 726 
667 442 336 
802 232 559 
368 211 546 
789 269 502 
661 182 332 
356 969 734 
265 794 575 
705 694 218 
320 367 996 
282 569 183 
28 67 294 
937 40 628 
594 960 972 
116 152 276 
938 527 50 
54 990 672 
403 508 870 
884 27 276 
917 839 335 
718 622 560 
450 522 719 
191 388 840 
161 311 444 
934 378 151 
117 988 853 
130 483 115 
127 494 521 
740 695 370 
1 806 369 
680 423 895 
230 530 738 
451 948 593 
359 970 942 
688 995 820 
168 263 541 
960 17 107 
527 410 388 
507 319 658 
389 342 566 
825 797 136 
540 31 810 
259 373 536 
862 706 372 
461 426 425 
411 670 912 
232 796 693 
746 583 79 
382 817 411 
513 114 725 
301 445 299 
822 924 793 
106 821 41 
248 660 859 
689 143 419 
443 471 454 
616 646 943 
590 703 628 
880 521 99 
273 105 354 
944 212 44 
730 631 239 
71 220 388 
11 87 166 
747 660 575 
756 89 149 
727 379 215 
711 424 790 
489 67 723 
137 333 682 
985 80 439 
308 813 818 
929 677 238 
528 568 689 
337 844 66 
664 355 319 
683 178 539 
411 198 23 
734 74 408 
971 884 769 
137 933 120 
813 404 35 
470 488 574 
764 148 928 
755 329 163 
909 68 201 
647 452 764 
711 353 484 
202 66 214 
924 481 561 
568 0 106 
665 314 454 
563 884 497 
913 393 112 
54 289 681 
217 425 589 
405 532 887 
855 714 497 
123 26 901 
907 267 458 
509 360 889 
311 604 168 
978 728 184 
715 156 104 
326 164 184 
320 302 900 
182 881 945 
588 360 763 
983 27 367 
527 365 935 
170 950 563 
676 221 372 
28 414 485 
453 886 69 
177 402 514 
396 237 607 
966 86 352 
332 853 742 
197 726 784 
673 663 290 
573 434 118 
189 750 857 
966 11 861 
849 158 738 
851 940 366 
178 168 494 
329 267 732 
707 370 491 
428 902 819 
378 920 791 
105 180 210 
63 172 123 
721 427 738 
63 995 67 
674 339 193 
198 630 452 
164 524 97 
688 501 719 
912 321 658 
759 342 485 
701 673 368 
867 102 883 
975 148 641 
254 387 44 
674 913 340 
531 165 406 
268 77 122 
627 729 474 
293 719 750 
634 12 70 
425 625 401 
411 431 939 
399 281 964 
932 530 119 
183 510 111 
870 265 376 
930 360 158 
608 503 630 
268 541 40 
997 776 195 
628 791 145 
147 345 722 
812 974 505 
799 110 119 
15 425 912 
946 21 335 
980 677 222 
720 23 913 
598 306 847 
61 233 119 
219 319 825 
893 305 175 
297 736 906 
507 62 855 
154 145 926 
975 836 172 
536 552 602 
925 107 298 
306 173 131 
203 485 317 
677 824 617 
779 292 445 
310 881 468 
827 677 395 
36 21 75 
709 713 935 
918 391 37 
948 631 54 
454 810 541 
152 106 580 
466 299 40 
916 343 682 
539 499 587 
885 784 566 
568 276 486 
550 590 121 
941 629 609 
407 302 248 
46 522 395 
269 907 268 
208 570 340 
201 734 15 
121 896 153 
114 276 367 
759 589 521 
890 160 686 
591 647 901 
227 563 889 
642 703 635 
158 541 486 
344 943 320 
329 788 429 
371 758 611 
82 954 487 
655 971 750 
853 283 128 
359 809 481 
684 591 982 
783 688 986 
567 843 39 
201 641 504 
741 374 228 
481 393 658 
395 586 636 
730 805 693 
772 57 664 
346 90 670 
730 824 933 
997 643 632 
504 668 146 
274 7 940 
482 847 729 
319 872 844 
570 112 956 
56 760 566 
266 485 264 
635 924 586 
493 49 990 
705 500 84 
821 300 422 
699 932 363 
699 303 997 
40 47 638 
969 948 4 
25 804 754 
692 641 704 
209 177 241 
508 303 972 
941 360 400 
902 808 136 
990 86 603 
314 635 263 
673 846 745 
692 823 674 
235 307 193 
887 324 52 
328 315 133 
733 663 28 
21 627 149 
125 760 583 
589 256 922 
282 936 120 
549 6 741 
378 405 43 
638 328 549 
923 324 369 
347 811 109 
768 118 374 
385 792 912 
927 229 145 
206 555 518 
881 540 336 
303 338 989 
318 574 51 
424 129 560 
126 663 128 
357 782 833 
165 502 51 
895 745 803 
324 52 499 
393 231 781 
741 264 808 
400 148 987 
131 105 994 
977 207 943 
929 600 834 
557 294 721 
99 260 247 
982 824 925 
874 408 492 
357 876 638 
308 170 147 
175 47 506 
41 152 808 
730 653 10 
17 164 839 
786 78 442 
536 612 955 
310 924 434 
562 28 469 
581 197 519 
885 31 588 
72 968 207 
916 214 667 
715 901 55 
213 212 301 
468 568 11 
278 130 444 
25 217 621 
793 549 390 
463 126 54 
722 638 643 
760 530 300 
695 332 586 
864 903 951 
253 329 980 
4 936 427 
263 310 31 
610 316 182 
819 771 369 
987 999 619 
73 519 534 
190 785 509 
524 361 405 
897 309 108 
320 848 53 
231 919 71 
436 661 721 
567 901 670 
893 685 932 
926 656 896 
187 443 754 
76 695 524 
59 651 883 
988 335 819 
585 206 891 
363 984 43 
186 918 527 
246 345 650 
372 913 60 
259 593 592 
675 193 195 
891 780 712 
401 634 46 
429 630 744 
103 782 282 
2 507 770 
971 361 537 
848 716 611 
20 972 375 
823 515 516 
300 511 13 
904 846 584 
541 680 390 
285 405 352 
751 818 58 
918 477 940 
956 811 746 
102 896 616 
742 278 548 
184 219 38 
775 3 139 
662 634 108 
62 550 7 
496 603 593 
492 998 962 
710 28 494 
300 168 491 
690 544 845 
259 913 612 
916 488 946 
923 311 956 
286 872 512 
767 558 888 
696 903 891 
573 475 392 
445 533 343 
897 435 565 
978 611 457 
387 539 646 
968 31 65 
953 127 181 
177 422 711 
785 275 992 
636 551 259 
242 151 487 
37 485 160 
730 73 181 
497 395 503 
200 14 948 
556 149 481 
676 522 637 
666 722 757 
624 451 977 
514 168 337 
960 738 346 
526 101 540 
782 644 501 
473 779 220 
466 169 359 
380 34 499 
971 327 32 
569 984 855 
145 34 48 
581 109 705 
451 561 119 
162 4 149 
971 413 927 
875 76 67 
81 0 535 
581 404 640 
271 789 510 
544 645 644 
813 890 900 
450 49 83 
895 387 501 
1 992 615 
404 728 125 
722 484 875 
625 82 242 
768 404 752 
154 916 240 
701 296 726 
609 309 680 
360 744 265 
558 231 517 
86 187 252 
214 779 253 
330 224 113 
186 480 184 
155 465 313 
15 460 741 
150 528 943 
110 118 567 
18 870 468 
112 124 925 
670 665 765 
481 286 197 
469 333 9 
750 788 413 
44 950 513 
811 743 770 
318 354 722 
980 169 309 
468 723 365 
714 858 729 
254 616 412 
857 700 386 
515 619 519 
471 159 173 
665 39 789 
351 593 949 
238 891 851 
260 578 0 
948 431 403 
250 356 176 
807 663 124 
708 516 384 
943 818 736 
762 245 470 
369 472 218 
703 942 847 
654 545 817 
413 93 655 
340 975 814 
321 448 638 
993 725 901 
205 138 645 
812 882 738 
221 368 654 
988 944 650 
59 261 358 
468 449 717 
844 709 141 
450 88 483 
830 115 415 
95 749 826 
988 90 609 
547 783 534 
243 993 81 
815 781 272 
503 216 418 
653 386 186 
618 737 530 
422 261 772 
226 332 569 
47 60 276 
858 802 810 
218 884 347 
798 7 328 
408 519 826 
457 572 265 
989 306 533 
287 531 230 
383 591 248 
731 937 386 
537 835 740 
838 427 993 
332 514 927 
405 575 878 
299 244 435 
741 915 247 
181 600 550 
149 659 440 
358 272 474 
303 63 377 
219 459 720 
817 233 320 
63 30 598 
441 759 790 
459 891 917 
202 822 318 
201 706 382 
553 927 769 
202 401 428 
965 79 213 
430 253 832 
193 781 575 
784 885 654 
261 59 818 
501 131 210 
520 722 464 
821 615 645 
335 427 208 
764 537 302 
94 955 256 
33 471 834 
226 835 633 
946 248 429 
515 481 594 
687 777 902 
394 25 843 
342 41 389 
355 605 617 
714 425 336 
673 322 356 
662 926 245 
223 919 412 
559 262 677 
745 293 396 
623 762 981 
3 229 965 
19 462 45 
250 992 326 
252 158 684 
712 0 925 
732 839 114 
699 55 67 
265 144 834 
141 193 70 
316 157 267 
808 187 355 
726 440 77 
87 707 21 
763 45 830 
904 656 984 
376 977 223 
634 809 147 
802 789 411 
536 943 969 
842 666 557 
619 384 344 
996 998 141 
337 42 368 
867 656 722 
627 551 467 
127 999 76 
594 343 369 
137 81 98 
234 419 130 
682 623 461 
106 804 648 
451 678 860 
335 39 554 
599 830 898 
93 418 197 
676 293 128 
375 519 250 
56 193 910 
722 589 926 
435 945 390 
434 37 202 
110 521 224 
710 439 266 
127 415 719 
413 20 162 
861 686 120 
103 468 350 
422 447 774 
61 290 889 
484 405 448 
144 545 774 
718 941 447 
810 803 404 
897 548 833 
350 447 697 
245 218 120 
523 656 960 
18 598 597 
804 429 209 
363 211 589 
435 229 878 
510 200 309 
424 10 478 
863 437 798 
656 729 552 
379 150 537 
241 208 527 
342 2 604 
772 424 541 
537 42 148 
764 916 220 
928 20 961 
251 797 510 
220 915 121 
843 682 331 
780 52 702 
760 587 676 
327 766 496 
226 694 829 
411 94 726 
851 441 543 
84 676 963 
743 822 235 
514 356 960 
764 965 772 
113 104 213 
236 524 227 
880 189 714 
549 833 228 
173 771 241 
60 312 601 
271 441 850 
879 939 692 
57 301 424 
182 811 100 
911 123 295 
155 568 541 
58 354 724 
770 838 151 
966 107 669 
411 79 681 
803 487 65 
110 937 920 
787 926 846 
28 284 168 
520 649 99 
884 752 785 
538 659 204 
835 90 982 
245 496 314 
156 145 560 
673 907 635 
322 83 906 
534 181 465 
880 745 901 
352 229 820 
101 796 228 
448 469 518 
497 61 696 
904 21 13 
925 313 242 
581 112 587 
749 948 989 
82 792 796 
304 287 96 
398 115 667 
682 298 421 
831 725 396 
108 304 252 
529 847 248 
579 600 42 
151 682 438 
550 993 211 
426 20 312 
676 664 350 
410 146 473 
507 342 970 
279 253 664 
493 574 209 
92 807 613 
762 559 748 
