430 84 284 
989 417 804 
764 459 201 
452 482 370 
287 627 516 
614 583 121 
92 971 90 
716 629 595 
476 644 945 
816 648 709 
32 34 871 
377 82 38 
631 911 278 
788 312 420 
291 443 738 
108 843 179 
722 5 592 
926 507 129 
646 612 153 
182 824 41 
625 451 791 
141 589 481 
789 401 188 
835 528 729 
661 524 426 
770 291 620 
509 856 492 
358 219 660 
132 633 755 
594 383 225 
128 379 172 
233 11 467 
157 864 265 
136 474 781 
328 717 197 
328 274 843 
224 278 44 
155 226 56 
881 882 1 
889 615 385 
106 730 475 
520 300 716 
888 159 906 
129 426 185 
359 800 129 
669 963 259 
945 858 4 
158 14 78 
816 959 845 
331 566 412 
438 623 21 
597 502 510 
844 79 760 
246 177 562 
723 279 805 
336 359 333 
388 691 49 
547 66 545 
38 150 49 
606 452 947 
760 39 852 
654 885 62 
756 280 226 
351 41 395 
861 606 529 
38 882 170 
918 352 748 
234 943 290 
368 691 361 
302 946 651 
442 526 161 
925 62 730 
5 585 866 
42 81 695 
358 396 563 
48 696 130 
449 234 699 
923 630 430 
207 588 553 
191 618 115 
126 664 147 
904 70 402 
775 761 242 
394 253 288 
885 580 684 
10 871 510 
188 687 757 
306 785 274 
390 721 172 
756 433 465 
21 977 514 
219 371 998 
219 203 483 
148 911 101 
983 54 802 
424 101 852 
188 914 424 
546 804 584 
917 736 905 
528 916 502 
12 93 982 
3 681 398 
597 762 500 
356 863 322 
545 101 948 
145 876 202 
263 444 622 
505 346 741 
169 944 929 
234 907 423 
241 206 62 
128 745 766 
160 230 182 
730 686 391 
469 813 203 
752 650 451 
743 331 541 
543 602 791 
652 182 792 
317 867 307 
263 642 256 
488 963 446 
331 542 986 
495 226 169 
163 170 204 
378 50 496 
651 50 334 
881 276 944 
324 792 707 
280 236 3 
15 425 9 
885 516 944 
191 481 912 
310 156 917 
781 635 144 
721 885 853 
369 899 940 
393 567 360 
143 604 151 
808 802 887 
707 911 247 
365 918 84 
355 243 846 
600 18 979 
314 916 331 
628 762 103 
134 513 605 
979 553 812 
853 107 434 
895 328 139 
15 471 680 
436 417 190 
946 938 719 
203 772 252 
127 304 55 
912 311 104 
339 528 361 
171 786 29 
861 695 356 
630 977 581 
346 141 900 
485 103 342 
296 334 200 
13 605 942 
941 419 962 
91 871 725 
958 684 33 
209 421 718 
267 693 830 
639 721 302 
577 465 90 
418 190 803 
748 266 200 
290 677 232 
593 591 445 
433 399 734 
487 766 140 
122 998 405 
67 112 380 
807 822 846 
894 182 669 
463 579 293 
273 287 355 
644 230 766 
348 246 30 
842 88 192 
571 45 763 
369 460 72 
856 313 729 
747 122 743 
378 562 368 
314 849 165 
26 52 728 
356 0 22 
893 725 890 
372 322 548 
362 415 624 
421 878 808 
812 753 641 
95 90 331 
265 865 358 
174 923 391 
209 181 842 
473 352 166 
71 262 233 
260 411 510 
215 255 23 
511 389 938 
972 689 142 
25 631 998 
570 149 916 
432 237 814 
435 353 546 
620 944 545 
717 969 116 
488 342 286 
705 465 378 
969 923 558 
283 144 882 
726 263 668 
4 416 86 
821 928 970 
125 334 76 
242 23 941 
263 992 443 
778 595 855 
545 184 923 
191 550 213 
219 656 544 
130 684 372 
691 599 862 
345 649 399 
568 249 392 
74 747 945 
821 357 724 
51 950 395 
209 663 853 
854 459 373 
465 782 593 
208 991 301 
221 415 5 
460 896 733 
839 14 688 
755 155 359 
842 807 422 
656 539 228 
105 810 424 
877 687 12 
93 406 397 
563 154 354 
812 308 442 
787 59 153 
709 505 932 
510 566 338 
185 320 846 
754 648 993 
687 311 874 
770 693 44 
625 365 286 
952 839 157 
403 674 779 
556 534 332 
407 809 443 
657 85 981 
67 299 672 
968 316 509 
678 517 756 
842 99 142 
644 385 777 
213 842 174 
451 865 574 
694 945 705 
54 262 310 
800 45 559 
933 933 606 
658 594 245 
446 661 709 
904 279 464 
936 517 537 
759 474 42 
436 675 781 
492 888 191 
769 391 853 
164 347 802 
607 690 192 
11 416 739 
172 147 457 
21 712 133 
948 165 183 
456 529 914 
529 126 216 
773 672 368 
286 595 264 
169 464 332 
676 764 828 
563 139 698 
568 818 58 
940 194 50 
475 233 30 
156 194 828 
606 967 928 
838 619 982 
33 507 474 
957 976 452 
522 360 195 
632 714 96 
513 631 408 
971 711 221 
611 999 338 
688 794 643 
294 326 37 
105 389 317 
257 676 588 
320 298 658 
399 19 944 
718 581 708 
44 285 878 
134 220 578 
576 891 594 
528 321 37 
411 524 239 
41 27 877 
940 784 205 
249 805 707 
528 917 809 
339 198 568 
414 795 558 
85 942 714 
193 491 866 
321 825 210 
837 845 590 
748 169 9 
994 350 415 
627 588 386 
343 769 330 
458 120 648 
383 283 873 
809 548 428 
630 544 131 
449 478 962 
950 928 145 
579 262 783 
743 458 416 
264 44 665 
393 851 736 
644 682 446 
346 189 295 
155 124 666 
938 790 337 
380 125 570 
547 277 716 
687 562 789 
832 849 991 
896 471 296 
534 63 401 
896 826 810 
590 517 954 
383 3 428 
25 610 828 
840 955 41 
139 968 340 
803 406 498 
539 132 183 
326 43 31 
69 369 250 
193 527 253 
665 262 953 
841 772 874 
759 362 237 
62 286 638 
657 460 330 
216 28 257 
202 789 144 
303 8 698 
600 644 324 
24 946 962 
280 109 947 
452 406 472 
373 377 478 
97 540 384 
732 211 334 
401 94 879 
816 180 419 
541 637 208 
430 897 913 
826 10 240 
132 95 504 
6 187 928 
587 830 368 
410 741 589 
489 750 146 
147 206 691 
906 583 988 
142 788 829 
574 284 710 
775 500 692 
865 966 563 
412 9 307 
780 94 419 
174 353 646 
823 825 569 
51 700 155 
973 775 259 
525 147 213 
323 970 120 
535 835 863 
91 760 63 
397 788 524 
906 15 827 
602 714 996 
469 684 192 
947 752 835 
566 878 544 
297 76 397 
363 684 995 
551 478 644 
250 191 651 
570 167 313 
882 884 165 
799 179 161 
499 381 734 
374 38 629 
906 362 261 
88 66 372 
410 562 166 
999 280 177 
885 56 471 
105 759 604 
964 462 401 
728 886 600 
778 806 660 
708 634 448 
18 501 835 
389 699 950 
663 61 208 
546 921 707 
646 690 831 
646 189 323 
61 643 908 
114 949 891 
802 684 394 
109 712 382 
549 184 475 
581 478 646 
845 787 884 
936 827 528 
863 498 17 
113 922 491 
800 575 895 
356 370 894 
131 818 773 
344 368 498 
427 366 841 
56 491 994 
728 67 423 
220 315 680 
798 687 934 
386 476 223 
946 43 590 
538 234 138 
562 800 358 
33 578 448 
400 993 705 
520 908 268 
598 168 997 
575 814 380 
451 602 214 
669 688 502 
597 930 57 
105 576 656 
338 137 88 
139 802 619 
590 280 446 
278 886 913 
417 33 281 
787 881 510 
124 328 365 
10 902 948 
170 89 359 
102 829 235 
668 245 995 
469 712 460 
444 885 908 
364 797 134 
310 228 861 
779 583 751 
447 380 334 
547 759 315 
163 393 936 
586 342 590 
761 90 942 
845 960 618 
205 246 614 
370 968 911 
435 91 725 
502 354 702 
53 536 565 
837 729 289 
699 298 57 
712 502 666 
974 438 529 
821 761 500 
222 788 357 
246 398 520 
856 623 562 
267 239 138 
750 541 255 
690 205 390 
287 167 432 
746 306 221 
55 550 772 
323 714 566 
26 989 801 
384 19 87 
360 696 253 
630 598 601 
416 180 533 
165 208 8 
324 874 422 
776 943 905 
885 556 368 
163 562 896 
375 642 668 
230 685 89 
411 413 294 
217 286 90 
173 89 620 
641 545 562 
100 328 941 
124 24 512 
598 944 140 
761 85 660 
645 769 980 
436 868 441 
173 427 705 
901 550 77 
53 453 865 
368 151 140 
96 751 464 
52 574 762 
803 532 656 
710 436 504 
562 700 825 
163 550 505 
981 668 303 
274 289 906 
75 161 110 
20 895 176 
278 66 781 
161 144 298 
33 7 689 
960 137 21 
224 541 378 
793 786 970 
615 509 20 
177 973 442 
591 992 274 
753 590 76 
619 47 171 
470 557 291 
23 772 819 
424 720 126 
166 602 316 
435 459 551 
748 464 398 
755 605 749 
916 383 768 
332 54 976 
264 343 969 
55 923 116 
10 475 82 
327 880 639 
859 357 138 
624 310 696 
103 624 652 
860 556 936 
818 716 903 
446 358 98 
387 314 897 
970 645 798 
874 633 994 
274 972 79 
427 346 365 
894 241 173 
559 462 683 
945 380 559 
934 824 722 
370 260 601 
454 908 429 
653 597 552 
714 247 21 
280 809 351 
625 720 842 
275 36 319 
799 266 421 
91 306 183 
865 255 697 
102 695 123 
557 246 724 
849 193 27 
399 671 797 
607 734 990 
633 948 679 
342 671 456 
875 515 505 
622 284 921 
274 685 176 
431 217 215 
269 907 263 
248 468 314 
554 505 555 
706 66 568 
858 686 920 
974 520 989 
383 684 821 
663 826 155 
271 125 781 
863 779 764 
72 239 33 
750 926 531 
475 429 220 
762 758 756 
828 512 526 
157 977 464 
616 352 733 
796 544 134 
822 630 979 
979 952 953 
551 409 380 
289 895 407 
957 556 795 
166 331 971 
604 899 689 
345 884 37 
329 991 356 
157 831 394 
119 581 210 
698 996 679 
359 919 369 
299 232 490 
306 60 658 
925 377 159 
20 32 752 
897 771 105 
714 405 98 
991 279 966 
519 267 718 
759 297 436 
45 933 981 
270 163 381 
944 422 551 
527 487 300 
730 695 10 
989 86 844 
983 139 546 
942 522 556 
414 921 754 
76 241 897 
631 568 210 
392 304 536 
731 811 473 
352 641 198 
929 491 680 
271 769 101 
644 14 992 
291 562 438 
948 33 244 
840 188 728 
68 853 536 
889 248 102 
554 19 171 
386 214 21 
573 251 195 
344 112 397 
350 84 467 
4 188 838 
860 81 501 
387 6 72 
432 971 939 
770 585 28 
514 194 672 
914 449 629 
635 320 950 
635 283 614 
855 373 188 
544 474 858 
109 254 342 
322 584 125 
856 189 140 
617 10 617 
13 701 741 
7 421 633 
400 417 460 
343 209 706 
515 42 599 
834 591 219 
426 108 104 
553 75 653 
105 284 845 
891 522 94 
333 424 200 
415 21 698 
639 100 859 
721 742 692 
617 676 32 
790 918 696 
75 185 906 
638 865 394 
214 79 540 
628 401 54 
263 575 216 
755 911 911 
341 272 216 
944 832 73 
908 91 467 
597 878 712 
662 803 853 
0 460 811 
428 245 709 
667 606 960 
154 338 294 
135 767 677 
189 49 738 
507 629 255 
650 502 386 
793 98 817 
921 866 701 
440 408 130 
804 425 164 
414 19 150 
586 541 145 
587 965 137 
446 522 366 
784 127 496 
146 839 188 
243 277 522 
115 603 132 
162 502 27 
928 699 263 
627 534 385 
803 730 508 
431 212 677 
478 539 561 
486 486 593 
624 595 874 
659 300 277 
248 906 82 
425 996 363 
700 143 881 
577 200 12 
774 842 331 
814 976 825 
103 435 134 
640 884 671 
26 688 491 
520 899 143 
949 935 999 
52 57 46 
221 345 757 
384 40 294 
804 169 48 
406 670 940 
611 24 997 
139 377 589 
395 718 85 
624 449 267 
959 151 507 
222 894 725 
967 333 43 
297 60 195 
296 382 991 
383 944 592 
24 824 680 
744 715 263 
291 684 203 
137 227 758 
153 471 107 
743 754 76 
994 536 862 
291 425 53 
300 531 334 
711 828 208 
913 948 21 
958 43 652 
196 612 71 
195 534 163 
849 982 260 
834 259 20 
389 296 774 
458 555 989 
444 267 411 
92 332 234 
79 505 576 
598 145 243 
49 9 853 
254 482 860 
369 585 25 
771 553 911 
130 704 306 
931 246 463 
961 709 977 
638 420 907 
344 990 157 
326 913 778 
303 491 389 
179 785 2 
232 317 88 
422 410 162 
530 41 365 
801 204 107 
654 299 996 
520 681 105 
219 20 238 
853 954 923 
616 964 61 
72 683 893 
797 754 853 
449 240 86 
845 223 283 
53 344 754 
191 20 219 
57 649 546 
67 403 140 
529 664 4 
673 20 328 
809 894 313 
655 628 701 
274 36 476 
659 454 624 
29 449 864 
239 159 911 
297 624 861 
604 414 313 
141 555 32 
596 639 655 
20 102 963 
110 447 222 
604 532 352 
123 563 135 
194 685 969 
247 740 750 
740 656 950 
498 885 816 
2 585 36 
932 229 645 
497 439 17 
38 248 906 
736 523 80 
350 55 156 
48 830 284 
883 198 138 
166 272 398 
470 872 819 
779 978 113 
821 725 914 
467 839 639 
470 141 436 
171 916 144 
275 925 600 
355 276 721 
605 627 299 
241 678 722 
730 535 14 
330 81 196 
413 694 353 
123 803 158 
831 628 151 
902 892 144 
665 169 136 
942 814 791 
494 601 689 
784 43 574 
878 268 504 
573 290 825 
191 611 102 
103 891 265 
763 835 80 
430 783 30 
497 588 213 
306 496 9 
115 336 808 
820 301 985 
574 113 118 
975 190 907 
431 367 554 
53 8 142 
749 157 188 
965 542 838 
849 666 40 
897 292 588 
230 79 123 
819 764 662 
684 145 968 
741 84 833 
864 181 233 
235 709 614 
480 97 492 
283 283 225 
205 555 242 
830 845 837 
346 69 342 
895 547 434 
351 235 388 
557 126 279 
617 701 897 
415 212 846 
796 385 842 
762 652 237 
260 122 722 
567 485 751 
132 794 356 
89 341 611 
695 522 285 
583 79 488 
987 842 771 
614 614 37 
653 415 763 
771 465 598 
745 968 43 
316 536 935 
487 886 256 
926 268 523 
974 480 858 
431 745 911 
3 855 267 
51 478 810 
627 348 230 
719 383 112 
441 233 590 
841 596 516 
460 590 756 
530 118 644 
919 775 517 
809 673 701 
88 838 339 
861 498 390 
653 51 715 
903 572 892 
379 851 623 
199 56 659 
515 549 744 
425 735 678 
450 513 802 
42 71 508 
703 520 135 
640 906 598 
421 375 981 
158 92 145 
156 849 123 
609 911 612 
627 402 669 
363 306 916 
252 422 328 
727 23 431 
999 722 297 
316 303 705 
942 671 959 
617 73 303 
800 72 432 
971 499 150 
428 731 875 
682 676 667 
685 459 88 
501 212 596 
523 242 377 
714 610 269 
511 29 994 
427 564 232 
366 802 260 
863 181 725 
632 605 370 
522 572 911 
381 625 918 
353 63 897 
97 714 667 
752 401 6 
719 438 618 
280 58 919 
73 922 687 
323 596 883 
912 892 429 
779 206 36 
649 542 700 
768 791 18 
244 764 772 
199 553 676 
636 643 844 
797 987 199 
778 62 817 
137 321 54 
403 14 131 
787 638 932 
660 148 391 
961 982 740 
254 172 804 
115 313 390 
355 675 277 
964 196 4 
599 508 533 
988 192 882 
