637 407 284 
879 304 817 
746 684 732 
63 191 40 
778 857 457 
460 560 28 
496 798 918 
459 245 871 
114 877 379 
728 199 122 
182 274 256 
27 71 977 
195 629 49 
595 672 114 
278 635 625 
988 219 661 
683 207 139 
661 114 978 
791 129 523 
913 754 159 
130 554 474 
484 956 649 
346 315 767 
739 989 30 
294 619 166 
203 649 677 
51 646 577 
621 271 439 
112 499 806 
768 207 597 
699 430 433 
992 93 761 
765 229 193 
569 81 476 
889 39 441 
80 474 797 
247 55 819 
11 989 163 
529 295 94 
994 632 224 
234 495 163 
263 784 962 
964 315 821 
59 728 879 
419 382 298 
658 798 787 
47 939 928 
830 481 759 
339 702 557 
745 38 820 
952 348 49 
185 982 792 
427 860 162 
911 363 495 
26 330 915 
45 922 605 
304 866 537 
907 534 854 
881 303 761 
640 559 305 
270 44 90 
361 199 256 
168 876 462 
873 620 528 
513 812 420 
637 59 179 
151 353 836 
143 684 720 
518 972 589 
775 488 590 
34 259 80 
206 730 267 
817 969 61 
695 189 869 
781 587 83 
496 114 444 
193 183 964 
229 349 71 
259 318 941 
396 651 626 
431 372 84 
948 258 831 
365 22 251 
134 520 29 
52 652 17 
444 534 61 
56 419 288 
234 542 931 
48 774 260 
225 685 601 
182 821 959 
182 839 527 
102 442 926 
981 632 132 
38 106 231 
187 220 502 
366 961 17 
70 299 858 
855 424 680 
144 801 158 
772 623 594 
628 655 624 
224 655 754 
796 737 284 
708 255 3 
83 594 782 
874 190 654 
374 98 473 
464 275 957 
616 786 417 
446 415 756 
411 492 338 
216 22 490 
546 137 80 
299 929 669 
258 475 794 
241 352 824 
664 91 673 
735 441 570 
95 604 694 
665 445 241 
978 227 224 
543 12 721 
539 211 643 
31 459 207 
534 4 875 
57 253 408 
829 113 375 
40 718 428 
473 820 37 
926 551 2 
152 228 218 
276 442 967 
206 4 933 
789 311 167 
640 385 575 
999 253 283 
895 315 410 
818 496 929 
105 621 388 
620 638 737 
622 448 277 
861 723 474 
886 353 539 
741 54 685 
912 935 547 
510 834 330 
875 555 980 
782 410 709 
839 68 966 
653 448 301 
744 232 113 
976 714 173 
609 827 967 
736 672 937 
804 679 436 
810 905 208 
9 696 707 
493 800 917 
681 560 407 
554 481 625 
561 179 7 
975 521 782 
73 923 200 
522 226 768 
697 476 665 
254 917 860 
333 582 273 
382 407 839 
632 388 100 
871 205 394 
350 165 809 
498 614 987 
485 605 311 
842 533 362 
994 981 361 
249 746 855 
465 865 243 
313 621 327 
588 811 254 
176 726 236 
380 869 752 
277 829 941 
689 759 287 
9 305 77 
818 353 628 
956 229 644 
515 726 859 
212 768 694 
402 536 271 
327 696 387 
924 13 106 
826 901 628 
210 610 861 
319 852 80 
113 177 917 
202 90 232 
321 850 816 
511 736 411 
376 298 531 
292 898 669 
65 18 393 
989 425 691 
967 624 35 
932 373 688 
815 19 788 
18 289 737 
939 957 576 
687 101 550 
770 617 758 
504 54 472 
442 73 605 
18 682 520 
261 572 28 
619 396 615 
29 269 501 
112 998 683 
546 890 416 
560 855 846 
886 174 854 
650 222 677 
981 904 123 
953 672 405 
202 379 747 
746 126 570 
457 127 962 
634 498 755 
771 66 836 
537 840 931 
873 548 70 
757 625 210 
412 604 420 
471 864 903 
750 585 317 
249 175 400 
778 176 838 
752 823 3 
138 87 702 
401 420 313 
964 692 156 
772 187 813 
334 821 253 
529 688 729 
367 888 36 
120 456 398 
861 939 188 
347 791 342 
337 653 112 
345 469 597 
132 936 418 
431 330 555 
808 634 665 
256 501 448 
877 507 563 
800 948 407 
718 943 688 
895 832 973 
457 702 555 
187 160 460 
859 906 746 
441 821 94 
199 692 824 
258 302 813 
55 942 71 
961 687 475 
380 643 675 
342 693 527 
586 27 503 
738 138 217 
376 789 219 
147 865 632 
898 583 696 
380 760 495 
329 81 231 
437 945 78 
849 804 111 
854 316 729 
255 199 814 
744 493 711 
913 19 802 
735 962 110 
717 857 236 
493 313 502 
381 894 255 
608 849 140 
368 230 43 
712 905 118 
773 468 572 
796 167 114 
511 769 756 
302 779 855 
245 373 962 
881 208 541 
766 503 441 
523 698 406 
819 556 752 
822 18 635 
943 654 304 
361 973 450 
939 579 937 
948 584 837 
286 41 886 
733 437 434 
297 898 842 
258 201 738 
648 720 998 
987 92 746 
754 809 411 
937 252 278 
345 124 828 
696 479 629 
240 557 904 
703 986 625 
336 569 123 
376 722 884 
393 15 604 
808 152 796 
945 173 679 
414 547 397 
410 774 274 
991 504 173 
286 694 680 
272 437 632 
21 631 225 
690 931 243 
185 953 988 
709 122 163 
236 459 682 
100 37 821 
129 941 616 
246 357 182 
633 46 680 
668 461 452 
784 198 987 
737 467 33 
12 56 52 
716 904 401 
598 981 775 
156 92 746 
568 755 779 
492 697 617 
885 278 116 
646 147 979 
707 972 310 
885 616 740 
258 178 763 
473 695 665 
504 647 861 
419 756 564 
667 708 228 
500 764 880 
450 851 687 
114 325 299 
642 960 252 
573 459 411 
752 828 138 
306 859 629 
837 805 800 
722 241 511 
839 598 771 
925 165 372 
793 676 814 
224 351 327 
305 622 873 
789 455 993 
330 385 446 
636 399 835 
824 885 187 
924 635 536 
456 119 621 
879 903 202 
494 646 20 
388 242 604 
601 272 217 
342 652 600 
637 110 40 
405 456 858 
438 810 719 
559 189 561 
86 715 837 
125 505 625 
788 23 277 
935 562 252 
505 28 760 
738 572 574 
936 691 388 
400 744 35 
920 896 129 
76 403 270 
367 217 326 
864 36 943 
208 514 965 
806 292 187 
704 319 639 
915 608 217 
229 857 583 
92 848 513 
152 214 979 
907 670 731 
737 494 196 
903 517 810 
305 639 773 
246 799 982 
776 614 553 
371 145 358 
439 672 536 
20 31 805 
419 15 642 
323 686 886 
736 381 116 
28 456 936 
768 615 896 
131 965 311 
398 385 142 
60 321 843 
507 752 447 
627 600 435 
811 828 436 
453 578 909 
443 311 235 
884 16 74 
705 15 411 
457 686 869 
3 899 597 
531 712 648 
124 99 431 
261 621 695 
99 402 39 
259 820 960 
173 665 151 
952 419 918 
634 951 801 
65 506 749 
214 907 267 
333 393 457 
611 703 518 
311 651 217 
668 424 459 
92 159 592 
353 763 711 
938 766 62 
308 261 405 
820 36 489 
393 535 539 
976 218 833 
662 895 979 
413 964 627 
387 0 849 
529 821 751 
896 686 175 
226 748 733 
972 621 123 
839 990 47 
672 596 451 
187 147 703 
355 700 159 
960 972 470 
800 171 297 
151 736 558 
654 565 164 
272 648 225 
135 781 973 
768 899 78 
8 171 183 
141 686 908 
329 30 266 
97 921 825 
89 285 376 
51 172 185 
524 885 920 
442 137 444 
59 980 781 
623 340 781 
648 840 71 
204 749 393 
221 591 378 
816 660 388 
776 197 712 
351 687 16 
101 419 442 
367 200 52 
730 781 369 
520 953 55 
983 638 406 
495 736 902 
216 795 379 
312 480 593 
485 961 127 
545 132 65 
241 116 266 
495 837 218 
994 989 835 
351 872 432 
361 471 408 
248 361 633 
751 950 346 
80 565 939 
89 564 623 
293 739 424 
552 804 714 
668 743 387 
883 722 937 
578 216 702 
732 361 438 
398 389 799 
797 81 294 
583 495 516 
192 380 159 
159 440 275 
792 847 713 
367 423 516 
215 43 438 
802 427 967 
317 429 288 
197 879 742 
344 118 895 
627 203 718 
765 842 886 
534 920 661 
196 320 289 
865 244 652 
474 0 414 
801 698 911 
451 264 327 
34 496 554 
182 404 422 
162 697 466 
610 813 901 
863 620 54 
751 802 14 
358 35 971 
987 224 553 
173 521 163 
893 652 124 
393 392 56 
369 988 520 
259 875 271 
513 868 974 
298 54 966 
598 640 889 
842 722 803 
130 584 59 
847 271 661 
939 972 168 
726 548 565 
966 851 718 
853 32 623 
908 737 90 
636 587 321 
330 355 176 
792 352 201 
725 994 753 
765 528 61 
616 301 272 
360 826 73 
437 657 780 
887 787 563 
955 725 282 
844 504 958 
358 228 430 
635 302 25 
49 523 730 
72 637 325 
414 734 800 
898 85 588 
333 112 412 
313 358 736 
597 65 309 
81 996 739 
471 646 474 
561 694 850 
707 856 233 
404 286 335 
882 445 481 
653 612 510 
566 515 558 
759 133 840 
512 938 711 
539 122 638 
61 851 612 
464 995 363 
965 947 141 
473 3 200 
932 565 699 
97 532 687 
926 519 565 
969 913 723 
556 540 671 
561 294 558 
917 289 57 
544 137 848 
678 638 888 
587 758 528 
459 387 400 
534 445 340 
909 688 612 
807 897 115 
121 224 685 
527 245 225 
957 813 738 
221 91 134 
900 10 727 
495 834 61 
92 449 789 
873 191 996 
44 946 838 
964 888 596 
411 755 251 
105 740 286 
368 287 769 
604 791 103 
177 977 864 
786 720 545 
969 630 121 
39 117 990 
548 709 347 
304 877 550 
544 464 169 
823 722 314 
877 125 483 
725 349 600 
854 866 421 
620 121 868 
120 696 126 
617 738 135 
344 438 996 
460 719 778 
260 699 552 
193 558 395 
115 424 860 
895 602 432 
365 411 428 
859 228 732 
555 836 464 
144 0 739 
668 957 872 
246 146 758 
835 459 512 
351 482 793 
151 297 474 
519 860 673 
361 836 638 
331 244 598 
315 37 290 
814 686 462 
617 192 553 
221 443 528 
250 69 132 
784 686 342 
731 598 399 
247 355 826 
987 759 93 
941 419 588 
563 294 844 
139 619 630 
301 533 350 
99 374 186 
316 193 25 
255 878 372 
968 595 544 
947 419 928 
849 14 291 
933 752 872 
448 816 429 
631 564 241 
641 952 994 
585 50 944 
678 169 279 
614 979 128 
357 844 739 
532 84 875 
782 897 633 
286 378 31 
400 127 778 
349 469 966 
415 756 623 
928 912 15 
66 604 735 
286 936 793 
658 978 100 
563 714 979 
66 516 932 
77 526 383 
562 664 464 
695 373 15 
600 71 952 
568 19 99 
60 122 794 
659 500 125 
60 543 940 
403 752 190 
819 597 145 
625 146 136 
965 492 96 
190 220 821 
531 808 218 
653 781 73 
552 163 809 
822 350 64 
856 538 461 
397 405 334 
628 328 569 
989 978 398 
747 102 914 
602 648 947 
928 979 331 
374 462 884 
449 635 315 
21 579 680 
241 399 841 
656 337 413 
48 719 797 
574 999 257 
690 950 996 
156 816 228 
790 339 536 
327 646 412 
449 537 111 
761 694 78 
383 914 696 
69 449 492 
243 245 673 
115 911 11 
515 715 790 
31 584 12 
988 527 686 
524 928 75 
194 782 982 
480 901 752 
735 0 200 
674 990 838 
710 298 23 
575 973 461 
374 108 943 
408 120 508 
155 893 866 
727 547 600 
93 509 635 
649 699 836 
469 660 257 
856 627 340 
600 317 338 
918 425 873 
343 697 685 
300 257 788 
150 385 546 
320 230 702 
587 116 298 
39 675 320 
410 210 588 
721 296 3 
171 90 778 
31 786 956 
429 981 683 
580 232 552 
923 594 475 
242 176 507 
987 171 441 
60 371 623 
313 15 807 
165 463 858 
248 643 300 
450 175 599 
42 767 504 
265 990 617 
317 676 570 
904 659 259 
274 921 285 
24 32 476 
636 383 126 
794 200 66 
504 956 389 
958 899 503 
76 922 822 
28 925 775 
467 980 158 
739 506 912 
347 552 659 
846 482 282 
557 919 825 
61 880 598 
366 284 636 
795 155 30 
124 29 381 
707 754 591 
319 845 543 
1 952 234 
623 295 653 
557 191 718 
788 132 21 
819 774 980 
899 318 152 
712 430 811 
391 809 17 
17 253 943 
713 339 92 
406 405 349 
446 332 917 
713 831 318 
539 750 831 
346 426 802 
504 823 970 
814 952 641 
996 224 3 
513 824 94 
113 249 41 
446 847 861 
34 267 973 
605 504 481 
731 415 19 
385 785 137 
985 224 673 
524 969 963 
571 948 993 
581 701 668 
765 576 997 
694 725 34 
565 744 513 
719 1 370 
435 980 855 
428 585 396 
460 221 518 
75 999 142 
900 815 749 
645 289 431 
264 397 803 
548 260 674 
56 780 608 
738 726 725 
733 311 716 
102 126 945 
659 161 84 
489 573 781 
413 377 472 
921 521 31 
263 594 528 
583 286 909 
651 720 791 
384 654 375 
742 474 638 
615 877 563 
605 739 805 
718 767 890 
146 692 591 
961 89 162 
196 678 584 
82 330 536 
763 695 318 
260 711 457 
985 395 636 
457 80 503 
588 663 758 
484 186 679 
919 43 472 
457 802 793 
210 872 161 
199 337 802 
808 683 485 
718 408 659 
810 509 711 
833 893 734 
358 506 283 
317 431 777 
526 934 256 
993 845 979 
432 495 239 
294 957 550 
732 264 600 
364 88 183 
622 321 357 
526 811 423 
244 38 317 
789 535 426 
18 566 550 
49 55 583 
428 477 711 
998 245 728 
884 526 710 
230 813 654 
145 917 227 
553 116 9 
937 128 197 
836 417 36 
220 218 749 
768 925 787 
744 210 744 
362 754 834 
631 730 929 
35 827 801 
891 991 355 
988 85 16 
195 361 862 
528 541 292 
909 209 998 
337 59 353 
335 864 935 
718 646 719 
101 183 697 
881 66 970 
383 556 134 
418 907 825 
206 817 710 
212 860 395 
351 890 182 
587 185 387 
72 566 169 
301 367 909 
123 216 284 
377 320 424 
384 447 190 
477 586 635 
884 774 250 
136 72 964 
913 877 807 
899 559 124 
529 795 993 
20 406 645 
13 94 529 
512 123 460 
759 308 434 
349 468 982 
931 134 323 
929 854 371 
447 870 24 
58 274 850 
326 576 137 
966 136 861 
643 92 261 
763 309 285 
574 612 419 
671 210 1 
900 876 518 
727 779 166 
318 635 69 
278 765 126 
540 563 93 
420 903 48 
819 471 779 
775 666 600 
547 913 434 
333 311 751 
293 270 708 
931 334 698 
952 967 110 
439 848 399 
292 790 968 
779 152 820 
486 916 701 
284 507 352 
505 866 303 
137 2 972 
64 455 526 
617 414 726 
759 867 303 
170 913 232 
474 15 473 
132 754 741 
412 987 737 
792 986 794 
38 125 469 
165 964 321 
713 475 225 
652 714 925 
912 906 565 
574 187 562 
436 909 408 
992 657 661 
799 93 373 
701 37 238 
910 27 632 
338 811 532 
960 220 214 
191 166 777 
45 463 108 
619 860 815 
632 36 930 
936 134 391 
790 909 386 
151 151 224 
367 91 549 
149 846 113 
519 780 782 
232 858 780 
636 450 290 
795 55 205 
816 410 931 
723 600 549 
585 975 126 
576 479 768 
909 957 753 
475 563 243 
507 824 997 
232 441 143 
250 934 910 
115 270 764 
477 180 230 
915 576 795 
242 361 74 
478 332 171 
67 219 860 
