838 454 706 
993 365 409 
90 831 986 
96 796 142 
404 881 711 
5 900 519 
495 203 278 
801 987 740 
615 576 321 
645 112 66 
476 948 872 
744 140 593 
680 264 436 
971 719 824 
632 256 134 
200 757 893 
822 834 978 
70 613 81 
276 795 16 
699 384 128 
906 765 258 
151 451 233 
346 771 4 
822 798 564 
326 213 818 
402 410 195 
875 559 507 
584 276 358 
688 218 320 
274 229 318 
806 693 209 
381 715 694 
603 919 313 
581 957 999 
548 342 419 
995 869 927 
557 478 984 
672 951 635 
200 982 282 
656 283 580 
923 797 856 
7 345 24 
988 901 396 
510 316 913 
665 903 572 
261 330 287 
294 844 402 
69 327 370 
118 826 699 
403 151 87 
520 837 644 
539 584 540 
741 16 937 
496 378 353 
439 868 337 
426 600 437 
95 820 88 
333 373 691 
443 699 4 
822 328 433 
276 699 285 
530 981 700 
820 766 537 
306 613 779 
201 940 198 
153 235 780 
134 698 245 
878 975 653 
356 222 417 
750 429 157 
371 83 804 
520 36 877 
963 741 815 
65 850 362 
334 242 277 
436 982 13 
107 153 968 
193 330 282 
679 953 832 
129 301 327 
29 163 928 
870 148 481 
866 436 576 
121 358 242 
843 900 22 
210 730 908 
354 428 932 
420 786 541 
481 300 869 
652 32 839 
58 898 736 
722 427 934 
368 116 602 
82 418 597 
892 69 994 
636 450 566 
156 680 638 
377 683 91 
938 2 358 
974 428 611 
838 789 797 
787 570 633 
681 798 875 
859 418 515 
515 436 397 
694 736 278 
918 969 847 
237 846 9 
388 896 514 
820 605 847 
232 170 686 
176 59 175 
808 425 309 
227 962 268 
188 147 689 
346 277 960 
323 301 957 
697 712 527 
943 592 265 
392 615 415 
163 848 69 
381 357 34 
94 632 108 
336 188 368 
592 209 709 
510 215 492 
713 816 695 
799 348 970 
121 464 452 
722 761 896 
213 159 554 
423 64 407 
694 192 666 
116 131 666 
432 362 945 
431 777 48 
544 589 316 
465 39 870 
751 774 47 
431 161 890 
702 258 904 
353 735 935 
484 525 150 
86 917 846 
57 762 463 
221 187 866 
659 134 330 
201 898 904 
16 440 778 
603 70 77 
411 436 4 
275 611 671 
398 541 165 
474 681 448 
673 882 483 
748 437 765 
967 790 896 
819 336 989 
895 17 893 
559 369 683 
27 200 421 
806 856 991 
531 983 707 
164 968 875 
522 913 419 
460 387 229 
516 365 43 
183 381 643 
173 821 16 
351 771 136 
439 52 48 
611 963 114 
798 633 916 
764 378 769 
680 588 21 
151 543 505 
182 440 570 
562 219 297 
467 402 463 
356 376 288 
477 912 962 
193 962 555 
426 388 465 
743 210 106 
192 551 473 
600 703 261 
464 547 553 
321 834 375 
219 551 777 
860 873 606 
507 517 200 
337 412 926 
902 715 868 
641 397 692 
673 805 903 
610 511 989 
388 934 284 
400 598 797 
929 305 717 
623 562 661 
639 927 430 
637 199 575 
369 215 678 
936 711 261 
863 635 244 
506 828 303 
943 812 135 
999 309 955 
827 159 673 
508 416 579 
169 466 205 
732 20 514 
495 352 79 
281 792 773 
175 180 931 
98 824 164 
700 129 44 
900 892 373 
752 200 578 
716 256 124 
326 321 723 
302 638 761 
849 177 635 
455 736 870 
838 406 646 
417 668 675 
457 214 505 
429 970 751 
433 986 657 
67 409 359 
17 76 579 
883 308 308 
984 73 25 
253 904 552 
217 780 974 
440 562 289 
183 979 803 
638 641 246 
790 977 343 
883 51 736 
314 172 361 
672 564 654 
903 50 334 
952 153 451 
794 662 702 
110 538 62 
398 160 495 
814 273 335 
878 368 123 
568 437 236 
571 532 43 
424 803 382 
693 198 530 
459 724 586 
292 943 212 
239 571 896 
792 741 231 
393 361 465 
121 29 830 
0 525 798 
268 529 661 
753 414 543 
739 704 217 
823 255 756 
566 252 630 
972 882 493 
195 126 347 
224 815 609 
0 637 173 
781 211 722 
16 800 3 
662 653 381 
785 883 349 
571 252 645 
947 351 848 
626 268 719 
906 501 228 
245 878 483 
124 380 353 
873 817 153 
731 208 817 
777 52 983 
15 603 943 
427 870 194 
499 324 945 
506 814 655 
65 316 157 
852 504 39 
71 667 866 
933 127 128 
707 623 832 
408 115 102 
227 71 478 
991 611 208 
705 442 946 
664 423 360 
820 799 433 
374 73 492 
611 962 137 
883 291 649 
375 6 989 
770 600 958 
690 483 317 
860 392 190 
203 792 258 
847 900 109 
775 437 727 
591 304 946 
458 754 75 
777 383 344 
749 267 973 
110 260 710 
93 277 683 
67 469 320 
246 730 954 
126 253 420 
486 750 590 
469 593 802 
99 348 267 
930 90 104 
7 749 283 
776 52 862 
764 127 733 
793 569 379 
408 561 79 
953 364 327 
663 934 875 
361 760 972 
79 692 461 
135 881 983 
286 643 412 
31 458 124 
264 672 649 
81 651 735 
760 782 346 
249 102 629 
429 310 291 
249 224 216 
1 622 501 
810 642 336 
407 911 736 
366 922 577 
340 499 534 
698 951 121 
315 626 524 
722 486 669 
94 116 417 
0 261 976 
456 480 684 
976 479 815 
654 850 250 
309 303 22 
781 575 63 
896 642 430 
873 818 952 
478 938 657 
224 361 900 
673 251 272 
402 432 456 
565 22 213 
242 376 830 
515 525 996 
814 845 561 
373 726 496 
55 625 780 
663 304 152 
45 15 533 
377 460 256 
569 290 293 
517 179 683 
451 56 40 
568 93 205 
797 314 680 
177 434 129 
750 974 721 
887 260 334 
934 651 105 
674 97 417 
706 886 494 
467 858 50 
862 910 351 
719 646 404 
528 620 197 
137 10 989 
908 468 866 
143 982 604 
844 962 350 
588 346 139 
631 61 753 
77 790 574 
566 220 869 
922 165 190 
369 919 529 
629 570 902 
96 21 203 
164 982 839 
791 116 914 
592 444 750 
805 633 604 
104 86 147 
325 72 227 
839 394 227 
899 263 371 
925 494 940 
56 589 749 
829 499 156 
670 881 490 
291 664 770 
852 614 781 
982 491 824 
261 747 967 
884 111 822 
276 549 603 
199 66 843 
682 685 642 
898 71 738 
344 825 711 
2 755 700 
35 30 762 
663 511 823 
25 807 82 
457 33 262 
542 366 77 
355 426 363 
256 84 322 
275 508 257 
8 406 6 
798 204 846 
741 429 631 
430 402 525 
917 744 497 
251 57 609 
629 819 922 
50 449 707 
819 318 131 
460 705 467 
283 262 293 
839 745 824 
609 865 5 
832 727 248 
88 989 989 
604 480 286 
29 575 144 
814 137 639 
774 671 548 
780 597 904 
355 456 259 
949 338 584 
493 825 723 
302 375 115 
273 655 728 
706 418 688 
769 421 275 
288 630 668 
134 457 957 
285 207 377 
692 860 836 
240 999 90 
394 557 582 
672 212 889 
133 728 255 
303 350 256 
569 87 393 
789 295 110 
979 856 238 
164 276 967 
545 745 162 
338 97 780 
964 136 267 
594 993 423 
570 40 974 
660 318 509 
846 364 357 
918 83 544 
957 111 51 
254 883 459 
319 426 406 
897 885 297 
397 963 581 
837 455 963 
648 994 329 
285 444 67 
25 83 516 
826 626 305 
924 499 688 
278 243 347 
379 723 729 
890 249 571 
48 914 68 
351 927 331 
442 677 176 
5 395 212 
627 441 318 
895 940 421 
564 68 704 
201 966 967 
653 642 313 
695 999 251 
407 509 462 
659 210 213 
613 792 362 
59 182 989 
598 707 320 
66 615 372 
762 465 967 
66 906 416 
313 278 694 
304 466 853 
948 705 324 
410 869 960 
276 984 524 
726 562 392 
108 430 165 
740 567 418 
57 310 635 
418 360 543 
534 643 245 
440 299 640 
313 246 125 
248 180 110 
144 139 829 
421 55 586 
789 602 431 
218 781 355 
323 445 336 
993 425 597 
554 889 745 
389 504 471 
974 103 610 
857 429 963 
979 741 795 
723 601 840 
427 392 40 
957 444 943 
913 262 608 
734 591 377 
697 942 250 
986 15 668 
860 25 997 
439 345 112 
9 224 892 
868 641 761 
725 973 923 
140 967 27 
957 537 197 
559 140 83 
676 755 696 
239 651 391 
891 466 455 
577 802 527 
179 456 380 
978 421 253 
208 771 500 
687 556 450 
5 209 656 
515 685 834 
208 894 481 
961 896 647 
361 691 506 
389 891 667 
683 592 955 
604 227 60 
880 846 355 
637 746 674 
585 941 599 
500 311 113 
726 44 690 
757 43 769 
230 423 480 
395 911 103 
380 83 866 
305 349 921 
314 371 394 
154 918 233 
99 412 127 
739 258 127 
408 72 242 
1 838 186 
709 174 63 
909 260 651 
767 533 888 
741 845 827 
534 707 76 
595 230 837 
757 670 428 
31 786 815 
111 606 869 
131 184 53 
663 322 789 
572 189 717 
738 846 725 
339 673 214 
902 628 32 
901 493 81 
161 283 996 
837 840 520 
373 108 381 
429 604 247 
945 19 458 
497 741 775 
590 626 37 
745 350 549 
540 952 835 
903 242 941 
122 207 224 
808 615 636 
627 426 652 
136 623 288 
40 335 499 
376 146 867 
18 564 612 
120 538 392 
621 183 429 
161 815 105 
901 84 111 
25 221 488 
754 159 42 
2 172 21 
120 395 644 
439 737 640 
124 452 208 
541 557 91 
532 958 959 
916 64 956 
205 789 655 
897 783 517 
556 264 257 
657 8 684 
953 368 245 
707 270 964 
799 294 636 
888 546 360 
579 649 687 
768 255 906 
944 285 819 
216 842 550 
207 342 51 
27 872 246 
313 827 894 
613 482 466 
889 442 689 
975 932 755 
550 952 756 
571 239 98 
426 132 394 
433 12 861 
861 223 514 
448 492 221 
211 859 497 
76 576 456 
66 302 968 
307 580 902 
83 504 422 
649 171 519 
808 559 140 
309 306 522 
443 440 161 
794 668 822 
4 2 494 
339 757 226 
906 477 179 
530 849 621 
867 456 747 
853 175 679 
403 56 775 
76 543 490 
940 774 862 
142 876 393 
43 750 615 
982 758 674 
304 595 201 
184 567 474 
151 628 859 
409 544 52 
117 422 746 
259 151 813 
930 896 363 
647 848 778 
857 424 976 
322 992 942 
421 21 94 
657 536 893 
203 587 718 
75 103 709 
375 754 515 
43 523 307 
845 917 103 
657 357 739 
397 976 620 
157 146 991 
565 292 280 
919 195 952 
180 391 242 
231 834 782 
162 47 348 
700 926 64 
730 548 827 
217 923 850 
900 269 1 
757 594 954 
378 82 736 
526 139 61 
396 670 408 
732 906 324 
439 41 979 
148 418 516 
234 787 890 
139 639 565 
609 919 181 
969 272 853 
862 139 463 
453 150 47 
51 26 284 
973 105 862 
197 285 153 
730 619 839 
454 991 931 
295 65 324 
500 596 925 
148 75 268 
766 891 564 
558 515 253 
35 171 898 
91 32 937 
930 978 880 
550 468 66 
728 677 731 
289 237 952 
946 289 575 
547 956 173 
668 760 351 
195 960 117 
282 693 370 
862 53 594 
538 7 328 
69 423 931 
580 919 309 
634 21 694 
219 138 233 
440 803 261 
634 653 74 
499 663 689 
631 508 657 
99 192 988 
801 678 984 
59 159 993 
30 296 853 
348 799 57 
930 873 402 
178 210 117 
868 72 802 
114 658 752 
570 714 44 
136 235 978 
242 610 296 
393 93 561 
762 827 328 
561 515 918 
288 455 779 
280 726 746 
65 491 438 
277 569 54 
720 227 76 
354 611 757 
917 942 409 
898 56 367 
862 60 405 
559 274 75 
634 784 926 
776 383 998 
235 48 722 
518 206 923 
418 639 943 
584 9 324 
521 327 19 
610 460 218 
811 844 182 
233 53 161 
656 425 438 
847 116 64 
359 430 933 
487 49 755 
831 44 34 
191 301 299 
133 668 649 
729 664 588 
85 709 951 
685 393 611 
574 437 334 
454 747 381 
415 650 58 
101 311 275 
874 877 629 
213 52 619 
548 761 524 
14 135 432 
153 830 994 
623 734 445 
675 463 323 
654 263 72 
269 553 298 
314 658 448 
230 592 617 
193 756 737 
525 56 65 
940 907 751 
263 895 497 
805 277 108 
630 657 369 
465 704 418 
17 547 841 
181 145 518 
819 977 750 
867 434 618 
489 918 145 
424 919 74 
292 947 302 
204 228 381 
162 153 538 
132 838 5 
219 971 678 
425 993 741 
688 8 346 
589 739 774 
921 108 55 
661 755 408 
108 918 300 
893 719 41 
840 874 639 
216 429 635 
502 798 77 
815 883 999 
410 141 28 
908 506 728 
248 783 202 
684 858 749 
159 515 850 
940 727 153 
638 354 142 
288 574 895 
877 521 285 
785 717 384 
699 802 601 
618 111 72 
536 358 554 
345 2 725 
903 216 754 
839 750 456 
426 772 24 
900 149 179 
4 49 645 
338 304 817 
876 635 244 
421 736 648 
432 318 464 
403 21 928 
155 804 609 
867 736 503 
84 111 799 
449 528 179 
574 135 213 
666 112 747 
730 907 409 
932 432 572 
132 441 888 
882 637 898 
37 416 626 
732 236 129 
316 566 656 
819 428 412 
234 658 272 
992 389 950 
284 159 63 
339 229 895 
116 787 250 
811 869 754 
331 313 958 
333 683 905 
644 575 50 
210 301 130 
11 314 66 
335 989 721 
607 498 516 
291 356 452 
479 256 116 
598 796 450 
386 976 488 
171 883 731 
747 216 902 
841 159 429 
976 511 977 
934 389 171 
185 296 561 
232 364 378 
900 404 289 
27 339 690 
944 449 243 
80 453 843 
737 383 100 
500 453 506 
679 605 69 
462 411 333 
214 637 289 
575 445 78 
376 472 627 
428 55 452 
575 9 592 
124 261 488 
984 518 940 
748 460 850 
261 319 13 
692 592 683 
220 330 417 
823 176 579 
111 23 188 
290 565 787 
502 607 594 
681 506 24 
715 737 605 
705 216 654 
869 629 923 
900 782 935 
892 234 639 
490 154 606 
107 25 861 
527 324 675 
7 563 474 
263 225 933 
496 352 593 
746 743 22 
456 345 636 
241 810 917 
197 682 191 
400 442 799 
470 629 758 
947 553 842 
652 600 28 
848 462 994 
567 233 16 
985 67 21 
411 402 665 
481 174 11 
718 853 255 
297 691 135 
999 192 680 
145 60 238 
528 788 968 
556 184 80 
102 762 402 
681 612 566 
246 183 604 
241 15 674 
357 646 659 
248 287 64 
629 925 660 
590 189 326 
673 678 918 
922 572 76 
96 53 55 
532 628 314 
146 236 453 
220 655 479 
630 217 31 
279 158 180 
90 186 24 
277 908 392 
23 319 378 
118 879 806 
452 330 615 
555 373 180 
194 662 941 
325 476 455 
416 983 666 
401 15 849 
282 747 116 
189 130 219 
890 455 508 
889 987 516 
975 198 404 
413 121 456 
491 15 520 
523 385 760 
232 365 225 
455 46 621 
328 544 531 
433 535 244 
341 84 268 
729 711 392 
991 523 313 
277 392 326 
922 982 542 
655 593 92 
593 574 284 
177 713 986 
679 75 680 
937 166 900 
610 714 934 
346 373 129 
621 151 267 
814 650 271 
