1 618 229 
405 163 617 
381 686 814 
64 571 730 
44 528 589 
485 234 831 
824 754 973 
588 951 637 
838 909 600 
131 366 199 
9 696 205 
369 480 661 
355 662 544 
19 833 789 
854 921 834 
758 611 325 
860 340 733 
363 963 521 
509 448 564 
642 285 873 
918 825 75 
509 252 977 
862 163 23 
161 298 545 
425 424 830 
635 101 881 
138 316 234 
835 149 4 
318 384 693 
239 383 120 
968 933 877 
761 23 491 
91 509 555 
397 356 409 
455 614 314 
205 517 982 
785 148 677 
230 315 858 
199 91 60 
589 857 821 
510 497 581 
411 511 268 
442 85 862 
411 283 686 
604 439 388 
796 399 912 
408 412 770 
108 392 71 
752 371 222 
19 760 122 
871 471 2 
203 159 760 
160 93 239 
65 864 821 
705 122 101 
489 692 15 
597 469 803 
251 541 452 
871 314 800 
188 101 8 
839 878 83 
169 98 464 
603 38 4 
833 314 808 
853 49 434 
413 106 178 
323 940 647 
847 945 198 
700 112 343 
227 581 695 
961 182 531 
378 135 71 
952 165 333 
227 624 563 
311 761 266 
353 34 123 
774 599 142 
351 65 524 
288 193 660 
413 475 912 
187 641 334 
602 961 452 
881 812 904 
54 633 177 
974 863 387 
462 603 658 
53 776 15 
131 464 715 
360 350 962 
385 321 710 
863 11 511 
798 456 662 
829 823 844 
933 215 335 
522 622 283 
874 169 444 
203 392 983 
593 55 163 
21 150 800 
683 507 400 
624 623 328 
552 660 274 
810 264 723 
296 372 893 
448 780 446 
765 307 392 
733 238 183 
311 603 849 
956 890 337 
769 980 53 
625 300 147 
797 321 573 
871 649 913 
995 935 394 
398 969 552 
889 543 635 
83 291 772 
434 594 523 
310 628 777 
316 49 595 
353 617 127 
552 471 212 
958 236 540 
167 401 563 
846 466 829 
869 531 257 
441 610 165 
753 73 65 
673 128 68 
326 394 94 
160 142 962 
555 968 208 
809 838 164 
313 214 344 
598 172 514 
427 661 396 
996 474 578 
880 775 646 
896 946 87 
889 401 715 
730 507 427 
751 324 263 
721 696 763 
906 269 514 
185 95 92 
90 656 969 
610 75 592 
222 980 551 
371 821 661 
31 385 876 
712 647 415 
184 28 473 
923 73 477 
460 531 97 
303 297 563 
170 494 641 
604 465 465 
822 370 323 
805 749 302 
330 533 965 
90 483 534 
23 964 120 
833 289 201 
525 658 977 
691 361 678 
354 589 43 
153 910 59 
38 717 393 
742 867 814 
533 309 682 
555 831 647 
780 807 862 
557 431 725 
771 525 479 
138 209 753 
302 636 282 
629 640 993 
868 639 869 
506 303 258 
403 558 523 
914 832 499 
914 716 233 
255 7 62 
602 45 890 
873 115 170 
90 623 290 
439 453 159 
347 122 47 
302 777 549 
692 431 567 
8 108 731 
456 209 722 
204 351 162 
864 763 164 
35 923 209 
956 846 495 
963 404 546 
431 182 321 
511 507 74 
38 321 958 
404 947 135 
930 427 15 
250 539 875 
762 467 117 
448 98 349 
90 642 80 
650 540 631 
373 666 755 
543 326 389 
588 305 721 
634 975 58 
803 600 923 
829 448 865 
144 470 966 
911 848 737 
679 670 698 
200 217 386 
77 201 771 
489 750 549 
806 56 198 
821 310 764 
147 264 131 
727 138 991 
256 371 861 
457 7 386 
982 714 863 
283 912 454 
412 601 862 
212 858 309 
404 125 13 
116 406 660 
903 620 936 
223 415 592 
938 572 26 
434 144 759 
577 392 604 
671 527 167 
840 353 445 
204 108 67 
364 490 976 
403 959 781 
159 704 594 
109 320 710 
482 454 250 
999 419 268 
891 597 448 
404 653 340 
75 278 541 
548 809 759 
170 396 888 
466 735 138 
607 942 196 
839 883 715 
687 295 290 
486 611 598 
470 708 122 
766 168 699 
501 533 365 
228 188 747 
986 621 28 
458 807 843 
252 734 707 
260 555 419 
453 995 307 
870 329 716 
10 380 759 
727 51 974 
900 921 200 
790 659 222 
369 452 396 
164 734 833 
39 832 348 
572 270 723 
912 610 100 
207 390 56 
797 100 876 
29 915 312 
840 915 178 
330 18 212 
769 855 191 
8 645 134 
60 340 796 
30 779 519 
523 927 517 
871 964 701 
52 713 736 
513 420 916 
965 835 357 
262 980 330 
183 465 338 
931 659 110 
376 864 114 
185 825 535 
333 468 863 
420 919 830 
971 841 907 
636 999 633 
453 887 266 
140 40 726 
543 324 788 
274 442 215 
313 15 729 
741 452 907 
530 353 21 
519 686 821 
331 546 218 
685 381 245 
478 566 782 
369 109 64 
379 949 607 
317 380 971 
630 182 604 
106 867 403 
919 982 348 
711 160 3 
573 655 428 
921 767 103 
910 977 913 
245 360 86 
130 489 466 
871 1 377 
66 49 617 
484 17 457 
52 428 574 
342 410 678 
825 173 942 
606 446 678 
709 211 139 
740 100 753 
32 322 694 
966 643 961 
351 140 420 
254 663 765 
220 560 78 
109 349 543 
576 513 325 
304 358 837 
413 901 241 
371 304 57 
547 712 683 
321 908 616 
720 478 133 
106 542 151 
493 654 888 
12 206 18 
440 445 235 
428 808 760 
824 90 325 
554 6 821 
609 701 418 
116 611 239 
136 429 309 
259 865 342 
402 929 710 
290 282 936 
976 999 187 
4 286 211 
829 715 858 
135 459 737 
273 76 265 
67 332 770 
326 584 735 
504 559 420 
614 389 277 
94 999 493 
957 729 400 
423 987 112 
782 371 58 
234 311 361 
977 446 677 
148 821 504 
47 822 23 
968 989 605 
810 692 248 
795 644 700 
875 355 286 
651 986 295 
226 13 806 
383 344 676 
322 68 973 
141 374 138 
728 511 989 
947 610 179 
861 25 66 
623 186 516 
810 637 167 
529 945 33 
194 83 422 
247 771 331 
230 498 617 
891 98 746 
425 801 976 
709 436 991 
180 30 947 
934 402 410 
57 763 123 
815 750 642 
322 519 780 
455 322 339 
728 780 406 
275 686 475 
148 49 161 
437 310 917 
134 492 431 
115 60 699 
879 593 858 
181 803 164 
12 242 300 
330 868 334 
266 11 969 
92 76 473 
559 497 311 
422 786 50 
993 764 568 
79 433 55 
195 545 869 
143 847 302 
110 658 574 
798 796 430 
149 862 346 
684 235 41 
518 896 918 
470 943 349 
89 477 379 
701 318 859 
92 646 188 
382 239 249 
821 274 25 
323 735 409 
725 142 629 
673 934 258 
449 103 534 
141 936 561 
489 978 906 
897 921 141 
820 342 798 
437 292 917 
954 250 656 
796 726 325 
476 815 836 
967 30 84 
123 474 583 
152 168 947 
33 580 336 
833 639 147 
630 408 110 
634 994 30 
70 738 937 
622 228 402 
179 523 184 
580 749 124 
509 2 307 
318 938 386 
610 87 125 
877 223 382 
943 581 736 
217 80 580 
813 646 991 
290 945 411 
365 702 107 
449 751 333 
140 18 735 
633 500 547 
254 160 54 
389 912 934 
68 342 931 
685 448 804 
605 192 585 
410 578 159 
294 115 119 
37 650 986 
822 253 260 
540 398 315 
729 550 773 
479 648 184 
469 339 914 
259 25 118 
389 286 243 
186 172 60 
891 207 172 
506 718 386 
484 244 224 
137 602 55 
615 101 518 
305 14 570 
918 173 490 
874 726 354 
437 733 9 
483 148 277 
520 633 695 
414 230 125 
133 331 974 
186 962 59 
65 350 110 
875 456 649 
426 165 450 
135 161 965 
122 232 649 
748 137 214 
806 414 579 
806 601 510 
520 535 146 
514 418 808 
815 449 694 
734 119 800 
193 43 895 
292 64 410 
344 617 308 
847 772 825 
704 948 499 
361 848 317 
366 741 64 
77 911 380 
646 74 19 
278 197 803 
893 18 479 
625 761 291 
654 395 161 
706 479 700 
879 184 3 
328 424 794 
747 60 401 
295 760 562 
321 301 813 
748 907 495 
457 592 166 
315 620 625 
618 695 206 
286 410 692 
534 820 528 
507 478 927 
489 284 345 
893 791 918 
821 875 629 
216 363 578 
866 742 943 
753 677 104 
150 390 313 
276 36 598 
85 403 864 
601 443 528 
988 244 386 
741 124 366 
579 24 770 
572 509 75 
324 192 557 
561 811 171 
141 20 288 
771 503 196 
909 288 503 
234 190 217 
891 58 370 
340 367 791 
114 682 449 
640 444 512 
630 544 172 
770 559 171 
736 842 747 
957 831 558 
554 445 69 
888 764 70 
437 766 348 
222 652 178 
756 679 477 
108 734 130 
855 179 828 
764 87 4 
628 849 723 
601 92 109 
189 130 182 
426 568 352 
400 379 250 
982 754 430 
733 491 869 
400 451 282 
517 355 278 
939 674 611 
722 778 569 
718 952 116 
882 529 39 
810 350 719 
41 223 958 
564 47 155 
451 616 258 
706 261 536 
280 711 418 
542 38 665 
246 520 712 
968 473 358 
290 81 194 
341 122 332 
110 648 373 
679 236 847 
514 563 648 
96 303 396 
794 305 678 
118 714 415 
867 851 155 
768 997 834 
633 661 622 
497 88 868 
873 811 98 
426 87 540 
333 158 790 
633 711 96 
71 492 262 
688 226 285 
81 755 904 
269 964 847 
237 124 356 
504 488 746 
480 836 632 
427 215 456 
109 939 116 
862 95 736 
843 566 831 
967 255 881 
473 191 601 
196 850 90 
519 465 740 
418 215 778 
763 928 966 
367 387 207 
17 159 544 
935 751 378 
186 838 121 
293 731 985 
223 927 558 
896 177 296 
125 935 822 
586 839 480 
140 831 372 
334 69 2 
966 981 643 
954 599 565 
336 152 873 
878 396 713 
38 461 75 
407 124 260 
898 75 940 
247 606 37 
960 667 66 
972 263 257 
627 736 486 
672 457 764 
452 537 20 
706 210 732 
136 567 725 
207 743 285 
881 87 882 
807 956 135 
972 567 965 
173 298 564 
951 460 187 
207 62 876 
816 740 380 
894 111 101 
328 75 378 
706 68 77 
159 645 153 
773 660 962 
401 242 602 
116 881 747 
330 763 33 
564 824 601 
129 317 955 
435 378 977 
717 885 55 
585 486 398 
534 984 559 
179 430 82 
493 495 814 
493 405 832 
328 946 422 
381 616 165 
455 123 621 
935 358 511 
619 869 34 
222 299 521 
854 968 912 
638 715 786 
974 58 368 
107 736 756 
193 359 622 
796 929 391 
18 978 805 
833 101 966 
486 355 747 
383 514 499 
984 55 128 
450 389 259 
511 352 707 
25 146 985 
131 82 801 
108 751 302 
111 500 489 
719 92 631 
166 598 686 
811 318 418 
977 129 754 
391 472 530 
450 778 262 
855 51 243 
278 269 50 
275 995 620 
680 117 317 
184 633 713 
209 672 338 
803 579 780 
895 322 11 
108 158 109 
185 84 779 
144 550 843 
569 4 560 
595 162 924 
530 147 339 
51 254 31 
727 588 80 
985 991 617 
104 625 994 
981 611 544 
375 173 79 
466 996 920 
569 186 89 
920 37 879 
910 761 297 
212 78 942 
215 134 135 
771 45 350 
815 4 802 
862 573 733 
999 353 424 
459 15 890 
88 415 644 
462 399 875 
120 14 316 
5 614 677 
908 224 35 
368 349 466 
483 547 448 
721 164 896 
474 950 545 
386 736 371 
732 120 452 
808 780 4 
656 185 862 
99 942 812 
251 552 617 
399 542 441 
292 854 520 
867 165 618 
402 738 718 
869 414 856 
672 17 435 
734 683 976 
259 632 663 
406 146 107 
728 59 725 
674 570 910 
205 942 305 
771 855 476 
26 668 993 
480 340 485 
370 655 237 
897 487 418 
386 907 638 
262 495 831 
681 560 47 
454 88 239 
313 560 211 
914 279 428 
787 200 684 
427 156 990 
185 171 834 
210 684 559 
212 815 621 
996 81 634 
254 630 909 
760 287 760 
216 82 692 
995 452 969 
531 94 962 
876 749 739 
479 65 249 
131 272 55 
295 359 287 
521 72 103 
440 911 383 
856 77 727 
588 942 897 
585 413 826 
885 983 769 
628 302 955 
715 601 999 
563 455 743 
192 56 372 
950 51 829 
262 785 382 
922 527 458 
914 815 809 
163 527 910 
10 712 850 
681 557 571 
724 75 193 
783 72 187 
208 46 248 
586 446 278 
821 958 380 
638 321 807 
672 190 314 
630 483 612 
254 518 662 
795 62 42 
114 438 40 
998 595 675 
645 994 376 
986 459 833 
457 388 136 
856 149 409 
164 305 815 
209 497 143 
701 940 562 
828 709 22 
861 711 668 
218 174 297 
949 711 138 
918 122 96 
197 456 825 
548 696 911 
886 574 738 
806 97 376 
458 407 100 
104 878 286 
492 941 243 
522 145 74 
738 280 747 
80 387 554 
747 251 585 
445 875 995 
418 752 507 
794 745 32 
697 997 689 
992 316 244 
160 38 709 
627 445 681 
995 659 160 
950 522 427 
941 114 430 
367 309 498 
634 131 769 
662 55 17 
99 548 371 
766 163 96 
296 611 794 
73 814 134 
847 407 887 
929 876 49 
916 66 844 
251 1 650 
891 132 985 
994 690 509 
831 166 733 
789 987 893 
123 298 678 
57 297 451 
626 73 948 
177 608 102 
425 643 23 
555 826 632 
238 85 680 
142 198 338 
736 162 167 
590 787 321 
406 88 381 
763 719 107 
458 399 37 
960 256 193 
291 945 149 
449 30 529 
638 853 793 
535 304 606 
452 176 455 
416 970 628 
441 970 710 
433 182 206 
66 292 87 
971 827 103 
487 453 668 
540 602 238 
77 431 425 
694 535 489 
831 422 911 
401 692 651 
917 941 139 
781 673 406 
273 711 785 
721 981 449 
272 658 847 
576 14 628 
574 496 608 
867 17 712 
972 834 161 
507 924 95 
122 351 948 
420 325 550 
737 146 787 
146 921 910 
504 558 921 
469 209 287 
350 140 59 
641 803 359 
554 582 340 
683 546 473 
469 880 606 
353 875 694 
347 529 772 
512 735 188 
101 606 956 
941 696 316 
275 829 272 
592 134 966 
803 401 255 
964 586 707 
974 308 440 
815 643 716 
701 30 632 
769 638 398 
610 592 954 
302 860 684 
691 819 496 
158 631 733 
11 787 251 
188 948 583 
499 396 513 
599 632 463 
589 916 14 
73 90 763 
745 823 543 
426 508 721 
38 101 765 
991 565 718 
608 751 766 
195 630 588 
845 826 82 
2 462 295 
993 926 345 
902 539 979 
963 595 266 
695 738 254 
118 124 948 
869 650 386 
213 866 575 
273 307 548 
738 332 447 
801 301 538 
987 712 639 
439 602 636 
888 439 81 
333 278 890 
648 113 493 
234 300 536 
102 313 684 
413 111 688 
422 384 835 
258 382 320 
141 384 386 
598 646 773 
341 100 713 
49 94 525 
960 699 716 
662 949 504 
856 314 910 
288 927 59 
997 551 307 
196 579 417 
445 932 809 
903 961 868 
147 78 13 
426 633 974 
519 454 843 
712 91 17 
353 777 46 
142 948 899 
697 465 765 
723 285 572 
647 477 984 
48 643 75 
754 400 737 
645 71 192 
989 546 712 
221 949 652 
384 647 710 
810 472 905 
150 159 679 
154 930 479 
842 187 892 
346 596 600 
352 489 298 
772 59 582 
550 452 833 
