985 578 781 
741 53 570 
679 389 367 
178 391 247 
405 655 738 
840 404 972 
590 166 475 
178 74 424 
196 911 855 
516 177 809 
270 457 467 
573 216 826 
725 65 900 
842 7 298 
579 442 262 
362 544 501 
729 121 956 
901 879 383 
678 628 244 
948 223 208 
11 876 802 
715 44 699 
634 134 806 
80 359 666 
232 57 352 
147 522 699 
524 786 953 
339 572 245 
39 270 256 
765 248 922 
354 947 616 
679 287 167 
755 494 801 
359 733 36 
609 609 416 
18 538 358 
251 837 97 
242 431 501 
961 52 53 
484 916 390 
723 420 467 
561 838 845 
54 169 50 
203 63 216 
612 312 40 
962 400 91 
669 613 22 
116 236 458 
487 626 25 
700 14 972 
518 308 322 
8 216 695 
768 171 452 
253 741 78 
480 302 369 
553 87 834 
854 358 76 
149 912 461 
40 726 239 
136 686 243 
823 474 131 
91 673 1 
675 471 618 
692 742 94 
569 922 562 
451 334 634 
146 141 814 
193 828 595 
179 91 409 
650 64 89 
173 484 842 
883 854 63 
546 322 201 
135 960 300 
407 40 385 
661 375 413 
777 807 118 
270 3 318 
665 18 748 
155 507 817 
72 530 770 
763 109 578 
243 35 196 
280 734 746 
198 744 876 
321 186 34 
156 727 540 
973 462 874 
514 746 775 
350 960 600 
139 583 507 
463 328 973 
266 675 990 
379 257 367 
613 540 224 
467 600 403 
872 188 941 
508 789 15 
662 93 742 
722 513 403 
937 206 339 
994 332 988 
940 684 575 
83 500 277 
693 556 844 
233 730 410 
838 147 870 
289 510 907 
678 970 666 
274 980 480 
317 541 765 
322 809 980 
96 69 794 
510 591 413 
128 819 549 
633 333 469 
816 368 269 
996 952 371 
538 349 909 
257 439 814 
191 73 261 
664 574 55 
801 993 338 
702 542 278 
509 110 263 
882 333 850 
709 901 422 
130 478 963 
491 568 63 
759 205 392 
320 324 516 
601 517 665 
666 114 382 
511 335 179 
964 976 183 
81 475 741 
264 781 279 
779 128 226 
639 412 867 
578 967 790 
137 764 17 
458 718 267 
291 491 315 
806 732 488 
851 47 975 
624 912 251 
698 33 267 
149 809 589 
186 591 939 
226 835 750 
318 92 583 
648 351 689 
714 789 873 
329 319 39 
943 816 113 
352 805 210 
203 911 695 
938 361 686 
437 598 680 
50 263 834 
752 872 674 
15 594 825 
573 832 44 
274 309 105 
393 778 907 
549 797 144 
640 258 550 
697 391 59 
39 779 176 
98 214 561 
37 560 293 
628 749 450 
478 434 87 
25 71 861 
992 447 84 
259 469 601 
292 165 964 
405 228 254 
85 289 672 
978 734 805 
968 336 147 
479 847 430 
653 49 646 
951 505 289 
71 724 825 
853 598 492 
848 504 913 
33 255 902 
873 929 157 
16 625 933 
435 60 394 
522 380 12 
585 657 668 
129 96 829 
808 964 217 
937 539 744 
354 643 497 
120 105 425 
955 1 913 
974 731 443 
509 257 946 
833 225 795 
925 370 672 
699 470 460 
527 15 319 
469 225 9 
153 821 68 
396 58 635 
944 705 685 
338 888 202 
884 239 905 
875 808 74 
823 432 289 
575 391 102 
545 696 391 
602 250 192 
770 928 32 
727 903 138 
169 749 865 
189 617 309 
330 497 570 
832 944 229 
641 378 793 
884 452 197 
115 640 159 
864 580 833 
62 587 400 
810 828 250 
681 729 769 
739 809 161 
27 558 659 
710 580 513 
991 228 577 
237 284 483 
962 912 543 
555 413 775 
930 945 389 
616 328 883 
376 714 397 
198 383 1 
531 633 126 
586 215 781 
427 823 129 
563 19 263 
10 354 208 
725 728 764 
551 284 941 
477 85 356 
774 959 130 
499 727 724 
542 419 628 
505 663 227 
898 354 517 
629 875 360 
909 748 696 
693 929 760 
130 256 416 
504 33 953 
418 722 909 
594 484 329 
859 31 898 
620 543 4 
450 663 480 
378 485 25 
513 734 33 
737 811 14 
609 373 992 
553 454 592 
482 90 958 
335 338 791 
811 113 885 
588 591 465 
65 288 475 
241 989 33 
919 789 118 
553 604 137 
661 476 165 
479 214 84 
979 785 4 
427 407 695 
712 876 219 
662 57 807 
714 13 973 
671 366 717 
525 402 912 
853 334 644 
937 807 84 
696 343 851 
785 260 812 
693 499 968 
105 493 180 
891 663 316 
659 642 566 
262 528 374 
662 424 516 
177 987 742 
782 909 990 
873 434 416 
885 332 117 
111 477 514 
204 878 646 
126 25 890 
605 335 743 
419 415 581 
533 138 736 
612 686 994 
100 660 554 
230 53 10 
693 951 155 
616 533 216 
649 83 889 
552 780 974 
436 211 311 
307 777 70 
993 465 929 
405 296 911 
351 915 239 
555 653 588 
899 71 56 
778 195 104 
661 715 342 
365 399 211 
294 601 225 
299 594 676 
565 878 609 
676 735 732 
818 899 372 
477 817 534 
988 323 436 
626 526 84 
651 523 91 
451 518 266 
306 330 296 
834 859 102 
601 527 615 
527 234 707 
524 651 505 
966 655 494 
181 386 474 
599 627 441 
685 226 238 
611 168 949 
206 591 663 
962 839 469 
854 824 98 
782 539 246 
800 641 244 
686 11 635 
629 993 919 
194 708 372 
405 918 176 
23 673 269 
715 822 97 
81 520 414 
526 40 535 
797 335 183 
310 422 400 
620 90 488 
850 951 547 
915 468 315 
917 558 495 
647 370 31 
375 844 933 
248 125 883 
954 930 521 
725 746 465 
877 157 730 
500 61 413 
506 351 874 
500 107 831 
30 969 594 
241 98 879 
865 287 812 
813 237 816 
284 353 802 
507 484 920 
282 672 312 
284 412 755 
243 955 585 
134 441 200 
986 417 691 
600 534 953 
333 147 800 
562 620 900 
860 858 899 
695 786 412 
20 543 275 
934 803 841 
193 647 966 
624 115 808 
225 901 205 
894 135 627 
614 641 227 
589 659 277 
363 645 801 
850 614 985 
287 658 180 
395 594 254 
700 342 827 
461 491 785 
859 290 440 
225 454 457 
725 135 789 
431 111 122 
542 555 886 
707 542 716 
528 628 630 
360 704 331 
307 758 573 
281 887 760 
149 433 486 
553 512 807 
803 495 672 
7 608 109 
694 135 212 
712 24 730 
455 900 470 
490 713 810 
261 305 753 
552 259 636 
586 133 560 
149 135 63 
941 771 62 
555 679 128 
707 536 356 
391 83 297 
542 72 529 
821 357 529 
814 677 846 
450 625 129 
89 693 446 
215 113 105 
282 281 85 
730 533 410 
307 142 632 
725 236 502 
510 505 907 
903 175 917 
686 556 840 
972 631 114 
62 349 421 
687 664 538 
771 728 245 
779 58 486 
467 503 426 
36 22 766 
547 920 433 
261 291 883 
887 470 184 
511 50 908 
284 788 109 
184 705 703 
853 659 554 
663 569 697 
217 733 499 
734 903 63 
623 152 566 
369 328 968 
522 394 282 
750 870 102 
714 648 442 
653 129 358 
98 695 583 
165 882 314 
885 79 278 
802 451 36 
734 411 840 
647 719 798 
95 814 148 
742 582 215 
515 358 803 
60 172 897 
231 83 132 
821 500 669 
352 348 819 
881 733 945 
557 820 764 
988 972 830 
778 361 314 
860 566 635 
823 270 996 
673 920 125 
774 411 466 
579 346 539 
751 918 783 
658 79 450 
369 134 959 
514 908 421 
423 507 669 
632 789 30 
147 279 976 
975 381 181 
103 822 221 
504 463 114 
506 671 579 
893 123 984 
422 216 199 
981 916 955 
434 410 198 
249 674 134 
165 830 784 
676 334 822 
745 965 667 
140 396 803 
706 627 126 
988 478 781 
849 825 907 
309 619 234 
800 827 451 
113 437 971 
798 455 604 
922 839 262 
980 711 950 
653 279 802 
863 417 190 
188 67 590 
315 530 572 
130 43 287 
441 338 295 
828 521 60 
815 15 397 
96 879 878 
518 803 990 
582 622 97 
265 932 82 
878 23 87 
605 282 909 
40 568 511 
794 656 804 
920 372 484 
530 759 337 
423 794 131 
242 733 825 
149 18 415 
102 429 300 
623 970 510 
402 530 807 
730 994 709 
681 459 899 
925 906 344 
645 31 506 
760 526 488 
227 261 817 
675 754 432 
842 421 169 
262 932 438 
794 468 883 
551 798 164 
861 186 260 
811 762 570 
365 894 381 
408 523 705 
955 919 882 
139 889 933 
431 954 66 
662 749 262 
85 990 302 
205 85 291 
622 74 858 
437 540 731 
820 579 2 
670 488 347 
147 374 100 
438 340 264 
780 798 603 
260 135 148 
916 171 555 
226 819 12 
580 386 587 
882 164 897 
933 830 549 
156 196 356 
682 197 245 
124 363 714 
741 920 151 
794 362 981 
84 725 531 
896 322 311 
996 934 621 
416 729 128 
713 43 299 
513 528 1 
881 165 807 
729 230 439 
263 551 480 
271 535 334 
705 679 22 
843 414 937 
614 752 181 
351 756 473 
587 158 796 
358 531 919 
330 805 595 
947 691 740 
377 51 522 
520 986 314 
286 869 315 
927 584 299 
665 58 491 
881 74 98 
820 488 102 
401 705 767 
528 813 814 
326 63 484 
210 113 626 
171 640 507 
192 523 370 
532 300 49 
527 625 655 
936 717 879 
904 556 578 
683 990 246 
636 297 263 
703 9 967 
873 179 888 
604 165 716 
134 747 155 
896 965 622 
689 376 591 
145 221 477 
968 741 578 
49 441 13 
15 927 993 
672 402 681 
286 939 692 
748 649 274 
974 34 64 
667 666 76 
909 528 396 
585 907 871 
639 159 512 
959 892 549 
726 793 261 
490 772 601 
671 254 826 
935 590 260 
458 582 322 
992 9 929 
63 890 492 
845 731 79 
920 583 393 
753 281 978 
602 171 396 
733 891 218 
49 359 473 
659 728 784 
873 757 461 
357 220 275 
501 671 856 
921 24 633 
130 215 849 
988 318 775 
232 121 425 
919 640 787 
502 916 492 
238 789 587 
765 152 290 
997 319 146 
17 206 146 
202 263 162 
875 169 131 
981 426 364 
948 141 519 
353 788 743 
46 200 426 
362 921 699 
390 619 373 
644 621 62 
500 665 116 
263 193 302 
88 442 235 
128 644 293 
64 625 933 
79 779 933 
159 965 441 
0 275 137 
652 162 88 
663 986 704 
93 150 888 
519 777 871 
216 207 929 
582 923 787 
928 970 407 
641 670 954 
872 890 887 
549 333 567 
972 750 594 
429 191 43 
379 40 911 
64 120 368 
636 845 587 
913 356 769 
94 725 628 
865 554 566 
834 641 619 
515 151 277 
591 897 842 
892 605 235 
47 2 818 
615 423 105 
638 366 417 
211 533 328 
846 327 602 
306 987 725 
22 13 991 
223 574 324 
539 807 203 
458 777 295 
778 413 445 
561 987 627 
457 555 71 
55 605 214 
115 760 811 
52 410 183 
833 915 430 
59 999 834 
519 266 32 
655 108 278 
461 123 629 
17 397 267 
548 119 129 
804 976 927 
419 121 297 
477 7 420 
554 295 674 
703 223 322 
255 869 504 
112 904 707 
150 920 138 
148 507 299 
185 525 822 
214 634 638 
603 977 288 
146 305 954 
173 939 861 
7 858 220 
357 590 971 
997 262 267 
801 285 286 
750 803 631 
798 925 95 
355 999 709 
513 543 38 
937 678 226 
794 621 939 
966 217 850 
622 399 242 
165 526 892 
710 406 263 
465 336 898 
573 574 635 
366 754 376 
811 745 82 
802 3 68 
187 280 566 
272 699 495 
937 532 425 
356 789 42 
550 304 682 
477 236 4 
383 594 420 
335 175 431 
398 393 557 
652 153 379 
392 293 762 
902 825 169 
17 52 281 
722 824 863 
104 929 677 
716 192 941 
878 42 144 
360 508 957 
372 6 272 
978 778 843 
161 15 759 
64 112 537 
344 338 171 
680 133 39 
222 675 647 
989 912 635 
139 609 152 
775 334 817 
936 156 504 
751 74 470 
805 562 344 
800 598 330 
80 564 319 
784 619 327 
929 768 159 
188 991 772 
666 555 486 
134 367 14 
118 761 157 
144 605 341 
10 923 75 
509 616 268 
928 710 854 
332 977 847 
47 502 769 
480 239 600 
788 624 233 
576 727 447 
341 364 443 
196 151 990 
289 924 884 
106 671 32 
742 662 496 
833 14 221 
986 3 312 
559 113 139 
482 97 177 
478 215 532 
32 144 88 
117 810 182 
90 872 198 
280 683 578 
758 190 317 
202 172 638 
429 706 263 
632 805 968 
901 6 669 
963 331 587 
465 325 935 
358 308 284 
630 451 594 
820 954 622 
379 341 411 
685 339 924 
535 82 622 
232 764 465 
889 795 737 
612 219 308 
861 921 795 
269 287 500 
395 998 428 
22 642 749 
847 970 992 
919 43 416 
346 472 956 
456 173 715 
604 60 31 
174 721 818 
249 590 771 
413 192 650 
620 679 27 
174 56 461 
855 927 803 
55 150 493 
114 738 927 
522 585 924 
886 982 644 
4 620 805 
937 659 921 
645 683 435 
942 831 505 
282 791 529 
269 610 301 
742 257 265 
42 219 547 
576 614 439 
761 451 510 
494 399 924 
644 970 590 
684 977 751 
838 542 935 
680 892 697 
860 339 79 
971 616 6 
244 949 511 
133 210 767 
250 578 800 
816 296 519 
882 105 170 
594 794 839 
797 533 739 
516 312 794 
384 977 4 
792 539 426 
947 44 114 
758 418 534 
732 497 472 
231 746 208 
985 420 304 
960 44 866 
962 443 399 
518 611 184 
884 439 977 
622 189 715 
765 684 860 
370 686 280 
565 547 213 
851 236 682 
843 310 571 
754 766 179 
380 844 602 
753 37 276 
157 261 465 
709 19 82 
27 209 504 
886 413 678 
92 432 766 
272 568 985 
50 495 439 
374 92 941 
807 615 223 
694 655 463 
498 860 666 
201 921 110 
810 35 104 
285 72 626 
19 187 528 
490 8 944 
585 463 790 
98 33 269 
7 224 944 
784 945 843 
595 665 522 
434 345 590 
913 0 74 
837 714 596 
243 684 897 
949 405 752 
56 912 798 
521 795 880 
983 918 785 
672 364 98 
381 175 75 
26 634 353 
724 561 581 
342 127 691 
212 818 666 
578 717 97 
937 680 81 
100 472 490 
735 763 293 
181 140 113 
312 425 784 
743 36 574 
621 870 447 
214 913 253 
565 353 890 
586 323 463 
297 817 175 
958 335 343 
773 800 340 
481 301 311 
886 54 688 
912 270 157 
888 730 431 
861 503 585 
952 335 296 
436 553 217 
858 919 386 
34 315 197 
190 974 633 
597 782 957 
868 200 267 
244 871 309 
139 671 581 
609 125 9 
8 334 391 
282 796 767 
828 851 274 
973 852 817 
921 513 755 
460 551 783 
107 627 806 
611 421 862 
521 138 931 
360 253 632 
241 719 605 
977 706 432 
61 238 479 
620 128 471 
538 377 245 
223 745 998 
52 368 709 
296 103 388 
522 170 195 
965 817 516 
790 978 521 
650 954 486 
973 599 23 
302 287 239 
544 215 1 
22 747 338 
860 272 308 
61 410 910 
43 224 149 
801 401 32 
859 87 722 
715 41 295 
244 545 580 
330 719 531 
150 624 484 
570 557 180 
135 71 840 
406 345 955 
91 115 230 
474 931 746 
