850 272 471 
267 24 803 
560 296 728 
4 868 279 
641 900 984 
357 821 718 
582 76 702 
187 456 616 
389 335 790 
165 701 999 
663 895 926 
714 763 30 
270 745 263 
196 153 228 
874 99 49 
27 612 392 
258 165 303 
438 252 209 
157 41 795 
543 865 960 
171 489 90 
126 340 499 
321 61 293 
804 35 303 
277 920 642 
490 221 468 
455 751 562 
78 130 208 
910 998 514 
412 566 652 
631 272 22 
263 157 987 
0 671 555 
6 611 185 
569 70 608 
85 273 591 
760 452 83 
823 114 267 
508 101 25 
815 434 508 
985 548 182 
839 26 990 
356 139 797 
499 942 619 
883 59 412 
28 901 53 
184 399 582 
935 566 548 
893 129 481 
208 423 679 
481 86 169 
33 832 843 
627 297 659 
473 215 353 
382 610 521 
214 216 327 
185 436 254 
244 283 448 
115 809 984 
764 61 240 
669 786 795 
309 649 553 
586 191 621 
85 31 922 
427 462 31 
334 921 463 
434 744 135 
952 5 411 
699 859 935 
827 478 360 
812 102 616 
949 485 447 
758 158 624 
951 940 68 
587 290 221 
669 92 68 
143 913 916 
238 444 52 
555 313 962 
516 77 878 
532 425 233 
695 426 460 
18 541 156 
845 990 695 
900 877 676 
508 472 548 
490 542 270 
128 261 131 
75 652 202 
857 452 856 
441 605 6 
818 305 864 
728 49 142 
942 198 82 
7 508 145 
489 180 917 
449 150 261 
482 980 153 
590 316 865 
147 367 391 
893 675 487 
309 127 689 
536 627 295 
146 933 564 
464 817 488 
792 223 639 
281 321 547 
294 489 682 
620 592 901 
693 473 526 
637 287 993 
216 499 993 
331 153 761 
686 793 115 
244 252 535 
862 77 97 
634 88 734 
476 267 90 
354 572 202 
383 788 545 
456 178 105 
173 693 347 
394 519 959 
637 562 724 
364 439 166 
930 279 869 
738 202 678 
578 16 129 
676 804 851 
371 370 988 
738 45 801 
849 168 750 
435 776 303 
680 759 858 
485 465 491 
706 895 793 
683 681 915 
239 719 352 
986 660 411 
618 625 732 
521 27 496 
228 753 136 
555 68 752 
708 775 931 
22 869 959 
65 825 369 
724 406 719 
872 947 116 
897 703 64 
683 756 854 
584 329 545 
975 196 211 
115 179 889 
101 688 19 
973 82 233 
440 828 241 
252 711 616 
76 121 4 
919 750 313 
634 222 16 
314 373 755 
879 727 204 
785 286 364 
758 517 548 
424 928 85 
650 403 352 
95 859 478 
593 967 728 
650 491 835 
895 841 766 
545 791 817 
683 856 867 
615 135 91 
793 592 557 
2 157 682 
711 323 886 
273 889 606 
973 997 754 
6 334 753 
823 690 69 
702 726 252 
582 470 748 
577 640 453 
195 87 575 
146 108 421 
524 451 333 
891 396 734 
775 211 666 
628 134 671 
505 879 933 
338 27 733 
710 587 247 
373 36 643 
458 125 725 
360 620 270 
846 714 294 
80 933 490 
733 287 21 
707 342 895 
218 376 814 
491 42 429 
612 168 475 
578 862 537 
390 882 133 
716 392 266 
118 217 145 
860 821 739 
419 547 56 
311 217 665 
125 409 281 
117 33 846 
336 152 55 
781 32 606 
665 742 776 
825 749 692 
552 697 567 
175 512 41 
255 265 844 
819 287 555 
726 443 756 
848 776 944 
526 527 139 
695 925 582 
242 194 186 
817 564 326 
327 426 234 
474 196 667 
246 267 135 
551 251 588 
95 422 327 
507 245 103 
506 791 784 
520 393 965 
659 528 52 
962 885 222 
752 771 85 
915 953 760 
672 66 544 
239 633 887 
829 68 331 
901 121 926 
974 914 995 
525 651 149 
141 632 334 
736 394 43 
791 944 534 
61 837 537 
690 751 696 
279 242 25 
33 751 885 
398 280 292 
169 248 306 
749 296 839 
397 91 627 
714 57 105 
857 768 636 
756 644 904 
570 442 384 
628 368 438 
304 668 611 
425 552 719 
426 446 393 
300 941 964 
340 663 528 
542 398 200 
152 638 884 
525 184 837 
452 223 272 
784 311 946 
787 229 359 
325 572 235 
352 970 269 
231 278 848 
379 579 140 
939 993 105 
20 805 719 
749 344 14 
870 56 539 
351 3 353 
684 477 838 
213 624 512 
158 856 812 
763 476 268 
772 590 232 
390 955 447 
235 664 31 
631 98 144 
920 488 579 
504 565 572 
800 471 890 
193 445 989 
242 401 639 
291 206 94 
859 353 631 
483 1 401 
237 989 931 
680 980 88 
485 885 632 
150 139 506 
718 450 417 
160 846 515 
123 799 232 
60 354 282 
130 776 208 
577 435 755 
120 480 135 
755 637 933 
648 77 565 
543 717 316 
785 233 169 
213 316 166 
99 70 893 
679 318 556 
43 560 676 
652 997 304 
172 593 515 
615 660 156 
4 762 693 
250 404 177 
42 495 810 
922 996 568 
244 607 990 
294 191 602 
271 598 351 
296 129 534 
622 195 717 
66 789 354 
233 716 261 
980 144 2 
736 361 644 
634 881 865 
458 168 597 
773 857 488 
604 907 585 
278 624 216 
748 978 905 
862 12 474 
330 69 833 
680 724 518 
605 19 132 
18 278 233 
379 57 742 
729 971 550 
363 358 681 
327 198 872 
876 675 298 
373 240 908 
891 989 870 
108 473 315 
460 804 711 
543 156 664 
852 272 220 
158 886 815 
122 405 853 
23 378 706 
907 688 869 
405 142 626 
319 26 728 
911 30 604 
980 49 986 
764 956 387 
597 167 227 
300 992 701 
636 557 191 
582 845 732 
690 311 588 
505 425 154 
197 814 20 
475 501 379 
540 631 510 
431 761 304 
407 483 489 
499 542 504 
226 186 845 
281 276 220 
439 339 406 
730 989 528 
203 358 450 
259 337 140 
791 830 750 
322 963 88 
831 188 91 
226 166 712 
618 368 335 
312 917 893 
967 677 70 
798 42 880 
98 929 887 
469 985 151 
250 449 610 
836 639 274 
777 864 206 
61 334 789 
855 609 418 
481 978 635 
672 462 531 
828 326 340 
121 429 23 
496 778 483 
463 533 581 
628 42 817 
931 721 969 
195 986 246 
810 744 488 
236 755 333 
448 528 322 
743 876 461 
804 206 8 
36 800 280 
558 196 919 
314 180 716 
19 136 126 
492 625 958 
576 884 92 
359 413 116 
591 994 837 
915 919 542 
822 356 547 
770 250 418 
9 294 233 
476 22 520 
467 475 129 
591 756 784 
220 668 804 
674 560 334 
482 902 293 
996 924 791 
99 429 142 
565 896 275 
589 522 21 
910 238 911 
591 517 783 
141 984 760 
26 583 87 
801 914 181 
378 728 579 
292 287 741 
443 41 58 
889 966 916 
437 837 786 
473 114 900 
665 177 518 
117 604 135 
27 104 674 
583 77 409 
869 393 910 
682 117 787 
745 667 3 
572 823 821 
500 69 425 
133 816 978 
98 348 478 
318 360 298 
222 821 960 
386 522 258 
251 209 402 
377 312 752 
83 471 791 
146 923 213 
168 639 507 
204 70 342 
105 674 523 
385 265 506 
328 882 232 
602 897 732 
885 846 636 
372 276 602 
212 614 112 
796 838 564 
597 168 591 
497 807 445 
528 892 266 
652 95 744 
503 825 11 
752 431 474 
795 656 23 
261 492 622 
633 351 566 
32 355 62 
633 615 365 
527 113 176 
252 844 3 
476 167 37 
323 5 58 
903 28 737 
335 731 667 
195 517 789 
0 204 898 
156 9 673 
245 881 493 
110 449 809 
602 208 783 
117 780 904 
723 561 731 
900 632 497 
711 687 403 
358 651 193 
969 952 971 
449 206 382 
163 766 707 
818 541 189 
555 80 871 
245 650 108 
599 70 570 
370 179 904 
12 273 57 
216 720 833 
232 741 937 
156 354 809 
895 545 414 
731 634 771 
950 985 855 
928 938 914 
147 821 734 
930 274 783 
927 943 914 
916 253 336 
305 776 366 
485 183 212 
392 841 114 
824 80 764 
308 129 315 
453 211 150 
359 789 557 
492 592 574 
413 82 43 
731 414 711 
760 345 307 
886 753 723 
569 580 57 
763 562 88 
451 100 407 
665 736 365 
481 798 964 
24 76 454 
886 400 800 
503 554 232 
541 444 317 
33 642 40 
204 380 210 
847 82 861 
924 164 572 
416 830 717 
850 877 253 
835 356 55 
676 797 990 
827 574 972 
298 52 49 
624 633 67 
218 186 29 
363 270 35 
894 459 204 
625 199 20 
277 138 156 
498 957 913 
827 248 273 
606 36 116 
540 18 805 
697 600 72 
111 403 734 
230 751 902 
674 267 169 
439 638 819 
952 180 192 
749 539 799 
627 997 148 
557 911 694 
658 917 510 
399 1 261 
341 878 19 
238 642 787 
381 567 264 
435 400 343 
565 413 19 
892 268 960 
434 656 579 
811 549 75 
659 423 671 
444 463 359 
472 433 260 
800 290 919 
516 851 717 
867 310 471 
135 710 989 
131 387 727 
443 873 413 
290 923 838 
680 590 576 
222 148 669 
253 717 903 
404 169 496 
647 698 574 
394 441 694 
863 963 529 
537 524 818 
166 234 579 
578 137 944 
677 35 530 
450 98 480 
615 730 657 
774 490 809 
104 612 830 
260 789 5 
478 467 335 
138 866 794 
892 229 911 
305 679 585 
777 310 437 
261 919 426 
269 535 108 
729 674 445 
461 323 838 
222 500 328 
628 160 856 
952 58 378 
447 599 705 
153 785 856 
731 113 682 
129 888 961 
531 12 965 
57 237 77 
818 231 988 
479 733 140 
828 642 136 
822 651 767 
708 854 739 
612 209 610 
634 714 691 
549 879 347 
674 970 234 
66 910 568 
233 291 773 
991 35 305 
251 457 771 
182 653 507 
963 405 474 
290 546 915 
942 491 164 
228 548 259 
44 218 303 
757 48 304 
869 842 809 
229 817 962 
710 781 35 
648 84 1 
462 324 452 
165 734 19 
145 834 964 
113 284 434 
472 550 902 
913 818 365 
641 140 501 
609 259 185 
416 3 721 
638 817 343 
668 245 840 
53 370 781 
486 931 843 
692 113 615 
494 480 645 
105 680 117 
560 623 65 
896 225 435 
947 771 774 
551 943 865 
202 281 246 
257 327 513 
800 663 333 
839 693 285 
55 977 598 
130 630 466 
223 433 820 
407 187 546 
919 851 36 
245 385 506 
78 554 504 
66 782 686 
398 901 692 
600 647 843 
626 170 786 
125 248 3 
719 972 822 
489 868 576 
957 708 803 
764 554 997 
339 359 360 
861 881 222 
345 266 658 
60 448 204 
928 531 614 
606 872 404 
680 8 420 
163 985 729 
289 446 249 
226 863 20 
986 518 296 
778 194 549 
159 928 778 
24 839 851 
314 623 981 
299 382 501 
475 453 170 
213 617 347 
813 718 226 
214 421 658 
880 230 679 
532 693 616 
768 648 664 
470 933 556 
616 29 668 
708 248 672 
846 532 191 
377 625 446 
635 696 717 
795 105 452 
627 926 227 
518 5 804 
534 21 70 
152 391 419 
879 563 530 
759 59 40 
823 460 160 
318 562 143 
771 390 508 
493 582 412 
971 35 552 
763 619 535 
577 321 607 
140 240 378 
64 67 444 
864 425 340 
851 999 925 
684 498 439 
733 105 298 
467 514 208 
435 934 835 
423 608 445 
756 575 510 
343 987 761 
674 417 416 
706 439 143 
400 217 664 
805 462 149 
80 195 623 
451 203 207 
368 28 561 
892 230 670 
543 720 690 
361 153 827 
615 250 576 
835 233 100 
36 580 116 
905 670 957 
526 961 525 
391 762 610 
75 598 458 
21 547 170 
176 201 57 
975 305 105 
453 527 807 
528 94 578 
521 749 303 
44 369 497 
681 941 41 
357 869 806 
235 41 228 
94 676 887 
517 348 181 
966 994 767 
118 371 199 
850 950 601 
607 779 3 
457 949 226 
482 85 205 
919 332 174 
309 508 174 
53 259 177 
59 519 964 
215 544 185 
541 124 723 
147 194 765 
321 657 65 
658 923 396 
394 154 636 
408 477 752 
618 86 496 
389 470 58 
204 301 81 
431 467 382 
325 517 136 
98 790 301 
954 846 843 
635 950 426 
189 602 769 
73 699 182 
279 411 838 
627 155 950 
272 147 947 
324 988 540 
886 293 986 
783 597 372 
530 485 340 
367 914 972 
412 945 165 
783 710 514 
826 948 909 
958 702 23 
176 194 471 
756 348 378 
327 698 570 
520 745 155 
210 600 123 
607 819 863 
927 936 669 
673 456 208 
541 33 454 
134 709 619 
765 632 462 
997 32 650 
914 829 262 
797 146 692 
895 603 33 
440 621 919 
500 943 465 
417 286 431 
152 607 731 
194 746 103 
145 23 440 
969 295 716 
183 697 139 
767 629 169 
219 580 439 
358 215 737 
396 969 497 
205 122 798 
907 398 443 
753 36 458 
691 828 518 
350 977 149 
927 266 112 
964 249 197 
953 203 112 
413 206 374 
72 398 533 
465 889 348 
111 25 80 
868 964 642 
139 372 173 
376 216 875 
974 226 474 
963 102 200 
50 755 780 
957 814 177 
696 871 576 
765 947 411 
478 376 507 
414 729 163 
103 279 572 
612 212 320 
363 27 18 
579 949 668 
118 40 880 
469 164 52 
208 134 880 
718 75 568 
913 340 612 
310 155 610 
306 328 176 
194 908 791 
83 239 723 
651 448 259 
28 631 123 
657 184 294 
459 445 266 
743 315 639 
901 492 621 
686 703 273 
627 673 222 
743 948 568 
806 944 647 
922 164 428 
206 928 361 
282 906 614 
326 675 31 
178 585 153 
573 85 210 
917 666 446 
500 261 247 
270 627 676 
37 790 686 
547 147 308 
449 997 200 
557 499 81 
823 276 126 
728 812 488 
712 918 209 
596 525 374 
149 272 527 
62 2 757 
275 594 377 
22 441 972 
292 594 760 
145 352 726 
659 662 973 
182 292 841 
876 660 580 
116 700 809 
756 669 192 
425 459 377 
928 900 156 
414 723 158 
122 488 198 
319 243 235 
988 518 343 
335 129 809 
812 434 172 
696 784 799 
745 784 857 
284 121 179 
612 33 495 
884 40 212 
695 664 430 
442 388 320 
776 960 22 
123 147 879 
631 57 410 
726 265 450 
856 433 118 
924 786 880 
411 668 182 
642 937 923 
660 280 985 
338 120 414 
308 17 569 
188 956 440 
298 755 723 
121 498 778 
878 452 145 
96 61 202 
985 892 889 
766 654 465 
3 965 940 
181 445 190 
917 144 591 
509 635 26 
25 577 752 
485 224 629 
543 482 751 
612 278 887 
882 581 811 
574 826 950 
32 9 112 
525 852 913 
232 242 584 
653 316 360 
98 576 41 
818 417 635 
994 442 399 
882 816 261 
996 563 450 
914 900 968 
263 129 759 
542 53 224 
960 302 180 
801 909 80 
133 247 658 
712 209 719 
290 201 663 
788 116 981 
757 418 46 
574 993 92 
472 847 725 
865 167 284 
446 961 956 
977 351 942 
905 550 87 
590 847 207 
811 324 847 
113 513 766 
947 400 58 
353 376 382 
395 320 579 
175 689 692 
797 456 910 
389 180 813 
452 831 103 
865 597 936 
957 416 877 
677 867 49 
692 708 832 
351 436 765 
575 287 979 
881 121 475 
421 221 4 
525 298 320 
763 952 263 
647 179 695 
620 553 592 
361 289 230 
866 52 806 
