28 815 511 
66 841 346 
522 722 611 
748 225 939 
883 156 621 
344 461 509 
855 815 754 
297 370 482 
774 892 664 
313 124 239 
89 933 261 
268 333 123 
615 757 651 
675 970 140 
978 236 182 
678 308 397 
16 57 907 
115 651 406 
460 354 371 
253 680 442 
93 685 616 
504 211 772 
737 613 804 
417 477 983 
127 947 505 
50 471 157 
270 115 26 
594 398 353 
804 439 528 
488 418 873 
479 659 488 
43 988 797 
971 619 132 
245 282 762 
141 44 263 
519 746 499 
956 608 917 
342 169 260 
244 583 481 
303 476 960 
228 378 898 
593 552 798 
809 778 384 
589 21 413 
367 582 422 
804 877 131 
456 90 168 
792 463 905 
190 178 992 
935 511 378 
995 765 751 
629 237 503 
785 857 129 
185 351 494 
358 171 317 
782 556 819 
966 938 808 
612 687 419 
887 160 615 
506 240 423 
976 628 377 
980 567 998 
507 928 406 
953 842 702 
260 713 348 
618 514 168 
788 207 598 
922 406 723 
692 68 858 
9 656 270 
958 906 49 
659 435 305 
271 609 10 
266 229 209 
119 326 17 
620 299 6 
385 311 648 
466 24 109 
286 893 837 
344 147 6 
412 772 334 
853 342 160 
316 223 180 
586 876 937 
393 437 485 
629 397 529 
959 972 245 
304 398 848 
728 664 35 
444 725 466 
518 355 928 
310 710 674 
395 897 896 
435 937 908 
94 535 806 
490 46 279 
442 6 156 
254 580 214 
138 78 235 
608 787 22 
880 663 591 
942 703 458 
376 223 629 
193 420 441 
923 277 923 
57 336 971 
432 103 541 
397 917 714 
601 109 655 
248 149 991 
848 982 26 
370 643 1 
782 26 474 
494 486 789 
899 212 861 
527 385 628 
875 317 519 
58 745 611 
951 835 192 
378 832 490 
25 2 39 
609 335 343 
28 720 760 
43 565 381 
339 776 281 
369 156 112 
714 187 747 
107 397 35 
570 828 606 
469 469 745 
332 287 459 
285 19 737 
395 283 377 
240 538 73 
440 167 345 
623 322 683 
795 834 19 
738 988 802 
968 39 45 
804 189 772 
443 860 996 
452 601 779 
786 667 258 
369 683 525 
656 544 590 
296 834 204 
115 496 799 
130 256 149 
266 132 459 
738 718 759 
714 916 304 
425 534 205 
652 834 342 
484 152 902 
952 987 357 
476 546 477 
883 758 79 
346 588 237 
925 624 25 
144 346 383 
488 265 999 
273 671 828 
405 213 842 
837 596 607 
809 501 203 
333 365 344 
153 944 713 
838 370 685 
837 677 509 
967 733 831 
498 219 936 
197 665 504 
948 240 909 
273 399 359 
488 104 921 
338 616 760 
741 330 919 
823 150 19 
528 694 606 
935 397 927 
482 728 70 
850 473 209 
20 708 707 
9 19 468 
103 934 229 
235 268 186 
748 776 321 
124 416 349 
688 70 710 
121 548 318 
305 219 452 
380 554 743 
344 615 779 
353 520 100 
594 563 956 
340 889 756 
102 776 122 
72 604 828 
775 486 249 
701 159 746 
259 952 69 
743 431 185 
539 48 800 
877 556 155 
823 516 974 
522 509 414 
326 864 723 
33 766 269 
98 164 865 
998 551 611 
503 700 838 
736 940 479 
143 170 435 
950 774 773 
769 790 172 
734 788 205 
276 424 473 
81 256 632 
308 706 648 
433 338 25 
820 677 995 
820 298 66 
308 759 337 
964 440 536 
726 468 102 
798 587 933 
782 359 589 
430 838 549 
615 361 609 
165 386 264 
526 412 462 
286 278 149 
938 409 919 
91 623 178 
422 296 339 
398 721 24 
345 349 930 
973 493 284 
16 607 917 
161 472 631 
851 379 560 
481 80 691 
748 884 867 
826 770 248 
838 273 319 
434 633 215 
917 62 688 
851 148 978 
47 190 652 
371 246 443 
133 999 792 
55 358 678 
797 847 90 
709 24 330 
312 200 394 
780 121 884 
797 963 645 
966 453 858 
102 667 752 
440 406 717 
103 204 181 
695 132 423 
570 542 827 
934 346 868 
222 851 863 
785 448 823 
239 56 563 
494 422 827 
612 79 230 
348 676 710 
554 90 858 
823 138 412 
508 745 585 
253 557 589 
690 556 928 
922 385 46 
986 479 462 
842 358 708 
700 265 322 
125 375 233 
870 291 116 
884 597 81 
58 65 251 
712 974 215 
663 407 262 
417 11 963 
179 123 750 
543 825 392 
410 312 250 
37 945 464 
102 453 194 
477 855 953 
906 492 553 
331 366 719 
567 912 445 
49 536 417 
338 522 833 
60 830 900 
132 36 868 
536 325 9 
934 549 389 
956 798 526 
400 572 278 
695 186 46 
305 468 966 
581 410 838 
510 38 874 
475 190 918 
272 609 211 
570 928 6 
826 443 926 
223 778 532 
635 139 995 
937 718 35 
528 662 143 
49 472 433 
748 90 75 
581 742 530 
176 43 774 
42 227 743 
681 104 58 
693 451 899 
417 119 943 
920 484 532 
292 255 298 
862 204 84 
265 583 622 
402 916 193 
435 746 393 
241 566 516 
206 519 804 
904 636 685 
866 236 796 
602 174 586 
998 969 190 
276 617 995 
141 919 749 
421 892 961 
819 815 637 
305 470 83 
674 506 331 
70 484 763 
75 638 136 
70 337 16 
867 867 991 
237 551 312 
67 72 293 
119 343 903 
122 172 230 
747 783 585 
882 781 256 
993 307 839 
782 789 178 
213 591 902 
531 814 819 
808 137 643 
322 838 43 
770 265 960 
436 415 196 
134 329 368 
53 200 931 
963 194 812 
636 39 581 
954 830 428 
493 983 359 
80 185 460 
9 702 21 
955 773 645 
949 30 840 
682 630 68 
462 651 692 
392 731 770 
942 303 201 
754 566 390 
811 536 620 
262 135 857 
882 917 674 
372 443 786 
886 164 132 
261 463 885 
548 72 291 
64 352 982 
471 500 575 
799 86 531 
548 29 780 
318 314 630 
169 726 978 
446 530 336 
759 912 465 
252 371 344 
20 171 186 
73 283 914 
524 30 979 
471 665 575 
144 47 172 
74 583 329 
490 675 145 
435 436 370 
299 527 511 
248 642 481 
557 61 724 
272 988 784 
386 606 405 
340 498 126 
143 180 137 
497 450 875 
606 389 455 
90 537 3 
924 831 210 
403 262 734 
454 350 471 
455 955 624 
951 67 885 
704 326 444 
186 525 391 
985 343 246 
601 163 798 
854 815 822 
183 603 255 
863 43 466 
224 935 935 
104 308 697 
613 999 21 
638 895 75 
28 426 221 
160 668 58 
374 426 205 
509 346 777 
653 404 638 
671 184 303 
169 934 896 
262 891 171 
377 376 510 
769 451 108 
396 900 554 
410 656 963 
10 908 217 
737 715 94 
480 776 324 
503 394 610 
268 139 241 
493 788 239 
142 418 65 
473 273 443 
501 625 33 
295 637 943 
974 699 693 
658 684 438 
983 578 746 
761 714 412 
832 561 359 
24 632 18 
207 391 202 
810 145 422 
51 888 448 
898 25 263 
0 271 757 
730 585 929 
483 302 740 
214 653 934 
506 110 27 
463 452 952 
223 18 557 
578 333 639 
236 668 544 
123 534 58 
736 449 96 
516 111 582 
66 20 754 
460 150 428 
677 357 624 
153 55 186 
304 919 901 
943 874 363 
482 452 847 
319 260 451 
228 485 650 
624 984 868 
321 522 468 
520 414 989 
666 521 686 
569 168 658 
337 3 566 
43 148 382 
922 366 430 
910 797 699 
451 793 591 
600 116 738 
13 489 391 
346 451 199 
778 965 492 
424 251 343 
150 236 883 
385 99 599 
826 956 9 
295 348 985 
403 764 552 
730 129 911 
737 824 515 
504 789 778 
547 168 291 
255 871 223 
801 273 501 
83 644 182 
578 639 225 
556 179 779 
856 200 341 
245 672 803 
119 844 533 
353 301 285 
398 367 920 
196 123 560 
576 849 716 
373 531 948 
693 887 96 
118 598 234 
68 766 270 
992 790 476 
935 502 710 
781 804 671 
655 940 191 
755 70 234 
584 412 754 
17 80 37 
819 451 820 
72 112 953 
316 82 544 
371 978 276 
386 532 744 
369 600 518 
763 775 350 
625 108 44 
105 571 805 
607 498 453 
857 367 505 
914 603 652 
823 829 744 
464 492 54 
545 546 510 
112 441 591 
155 634 813 
757 750 592 
361 285 717 
957 831 356 
771 111 722 
974 553 311 
761 560 160 
452 391 241 
194 187 238 
891 846 333 
172 116 922 
885 598 460 
122 412 482 
658 262 899 
689 575 834 
821 544 919 
520 734 111 
551 40 859 
50 343 975 
951 46 782 
165 256 862 
396 512 204 
459 649 670 
347 442 727 
712 82 47 
374 603 681 
647 356 704 
850 403 886 
298 942 600 
584 807 270 
708 413 272 
435 747 460 
315 130 543 
663 792 775 
150 489 840 
269 133 843 
97 992 74 
850 638 295 
448 721 875 
545 428 631 
695 483 236 
109 98 803 
710 854 381 
796 86 475 
273 590 330 
850 200 449 
424 754 416 
774 47 398 
718 770 74 
628 927 896 
793 864 729 
650 802 241 
792 460 429 
384 500 877 
589 417 312 
778 241 792 
69 153 75 
337 269 167 
304 635 172 
54 206 994 
57 735 660 
527 106 592 
874 607 253 
18 370 605 
275 25 510 
588 414 840 
545 310 700 
385 162 474 
156 887 810 
125 468 856 
871 479 957 
425 641 393 
983 616 905 
320 126 448 
250 649 206 
101 679 361 
938 285 540 
447 119 190 
737 689 736 
745 585 648 
819 875 465 
609 224 636 
43 848 530 
278 266 467 
534 964 344 
608 424 532 
700 380 933 
307 311 58 
604 123 453 
980 277 339 
192 680 603 
331 56 938 
582 187 512 
554 72 887 
962 322 162 
921 314 39 
79 531 71 
601 910 198 
134 408 453 
421 593 61 
640 95 301 
354 761 373 
889 767 338 
761 770 226 
942 870 251 
866 189 514 
122 600 670 
437 126 419 
439 996 900 
294 103 719 
81 944 861 
83 474 16 
346 708 743 
259 137 659 
718 580 710 
112 979 686 
980 276 877 
985 737 326 
268 62 212 
504 103 873 
751 653 954 
226 695 289 
868 272 336 
933 326 627 
406 837 576 
164 678 336 
757 875 51 
68 359 589 
148 523 974 
440 522 798 
129 348 864 
644 287 927 
931 903 399 
29 673 619 
875 499 637 
747 27 942 
792 811 390 
685 13 980 
227 160 499 
303 798 179 
77 625 231 
211 261 223 
52 819 956 
879 38 211 
903 338 841 
926 124 930 
412 415 290 
563 377 160 
38 385 863 
22 298 631 
906 956 776 
415 284 802 
716 179 781 
713 687 342 
414 830 344 
23 140 409 
524 827 679 
897 7 695 
434 175 947 
839 533 219 
965 550 438 
70 455 994 
686 309 783 
427 455 590 
863 568 243 
891 94 797 
80 912 132 
877 216 98 
890 369 853 
174 576 74 
898 460 376 
904 860 422 
663 567 95 
608 620 235 
493 390 297 
81 473 244 
495 737 610 
950 78 115 
315 165 225 
197 287 595 
952 662 546 
755 519 362 
458 104 516 
291 148 376 
790 160 971 
180 840 108 
556 759 157 
510 781 24 
478 945 347 
14 479 895 
315 576 919 
7 400 974 
990 767 339 
375 177 512 
481 983 184 
461 758 805 
657 95 263 
311 902 353 
645 362 929 
946 629 834 
455 500 677 
249 106 712 
329 32 489 
92 267 144 
883 723 665 
651 104 231 
353 500 512 
93 615 440 
620 164 719 
711 586 380 
997 291 999 
335 697 540 
101 223 809 
349 436 940 
919 775 181 
8 754 47 
41 353 944 
934 360 801 
776 14 693 
590 357 500 
598 673 423 
623 186 653 
836 667 859 
542 844 705 
419 260 242 
695 955 202 
902 551 679 
175 151 383 
69 785 766 
669 628 976 
630 637 713 
830 47 704 
660 969 505 
514 81 931 
702 193 59 
943 128 557 
835 15 730 
136 190 126 
707 459 276 
39 956 498 
845 504 579 
733 646 7 
376 668 921 
776 885 167 
874 624 386 
31 406 169 
894 972 327 
450 874 796 
802 929 119 
789 73 32 
808 975 611 
418 42 913 
33 896 591 
966 757 653 
298 252 867 
530 797 73 
817 638 775 
210 227 542 
217 137 311 
653 143 898 
647 800 908 
730 956 553 
557 805 975 
853 976 90 
460 940 422 
341 368 653 
403 522 953 
252 767 169 
572 641 76 
26 808 933 
480 277 938 
219 253 438 
915 673 371 
948 220 314 
383 869 114 
682 684 680 
435 789 824 
398 656 860 
298 557 861 
461 655 107 
523 918 276 
419 895 925 
662 487 980 
623 749 555 
403 419 415 
529 795 610 
921 151 131 
6 463 513 
963 804 837 
107 603 335 
342 160 355 
330 449 40 
562 58 605 
193 587 302 
873 685 409 
220 533 340 
843 865 631 
926 434 340 
350 783 415 
479 979 343 
113 179 261 
133 581 664 
627 855 950 
414 804 545 
228 35 42 
608 545 928 
101 721 918 
994 548 522 
988 571 839 
109 590 210 
880 925 468 
301 735 430 
659 138 148 
254 744 421 
496 257 771 
408 268 685 
896 677 75 
468 552 449 
340 255 574 
382 63 53 
318 856 760 
600 656 337 
9 296 802 
788 634 222 
11 2 524 
487 756 44 
372 563 617 
205 619 209 
245 955 441 
329 700 731 
1 869 49 
206 752 901 
992 675 343 
326 294 322 
129 174 468 
843 86 22 
787 241 869 
948 985 710 
432 28 521 
723 617 563 
809 356 187 
432 893 383 
579 815 681 
951 253 779 
683 105 291 
968 511 834 
368 74 364 
259 363 213 
331 210 471 
154 952 894 
295 458 537 
614 439 874 
532 111 525 
724 46 793 
295 446 909 
500 870 776 
262 996 375 
551 643 478 
379 2 860 
598 972 333 
606 471 984 
842 954 174 
586 424 212 
459 475 309 
147 580 768 
824 64 216 
389 668 816 
269 407 226 
100 79 935 
670 632 502 
571 163 520 
186 166 614 
69 958 864 
644 607 438 
0 385 13 
398 373 214 
497 136 836 
270 359 906 
724 141 883 
658 789 13 
257 550 839 
47 480 396 
223 611 928 
955 596 124 
523 621 632 
634 832 57 
954 661 618 
505 440 98 
791 789 865 
862 436 529 
953 533 118 
842 398 277 
243 832 887 
620 559 937 
908 674 307 
539 960 973 
887 131 267 
263 336 62 
740 614 469 
298 100 552 
683 691 413 
352 49 6 
442 689 302 
755 960 38 
317 492 770 
980 555 172 
370 181 455 
422 707 234 
80 475 340 
108 845 215 
823 63 541 
577 63 307 
142 645 15 
624 251 128 
40 989 575 
39 267 589 
238 37 212 
151 555 615 
247 377 740 
613 772 560 
826 55 14 
39 172 649 
306 169 963 
541 51 332 
895 548 738 
661 377 512 
770 225 194 
601 714 351 
904 770 795 
16 617 575 
113 512 904 
150 311 84 
981 847 931 
799 577 944 
464 931 599 
786 554 401 
213 778 757 
389 314 708 
966 313 130 
531 3 291 
820 214 398 
830 76 919 
596 2 997 
629 12 137 
174 460 412 
392 189 86 
717 973 122 
616 294 515 
450 35 502 
632 780 478 
851 551 239 
709 455 86 
290 16 82 
342 286 650 
731 602 622 
75 192 303 
703 429 150 
391 826 200 
634 833 686 
682 101 640 
