598 970 531 
374 919 339 
908 585 381 
959 419 317 
387 795 275 
959 318 301 
743 222 718 
297 633 691 
730 909 930 
948 753 118 
675 109 973 
141 938 181 
394 890 977 
664 229 851 
137 294 879 
569 764 631 
929 615 695 
25 601 927 
758 120 706 
827 153 64 
554 165 716 
386 516 340 
821 617 142 
363 990 368 
798 192 915 
913 557 814 
557 748 5 
815 813 875 
367 729 692 
999 333 435 
351 160 750 
261 968 797 
120 450 151 
62 631 771 
704 987 147 
624 501 364 
816 421 268 
603 416 16 
180 737 451 
59 561 164 
390 618 703 
106 105 418 
82 260 211 
451 636 282 
240 612 304 
927 930 410 
980 985 509 
196 243 719 
372 678 0 
543 194 544 
311 755 819 
755 61 103 
41 751 576 
42 74 788 
728 135 110 
131 821 87 
534 783 731 
708 112 422 
856 740 471 
174 590 992 
799 118 987 
600 191 570 
845 854 703 
762 372 875 
585 640 704 
449 612 868 
193 935 747 
741 182 922 
788 670 445 
510 580 43 
688 1 591 
143 409 592 
670 244 308 
345 482 357 
547 395 188 
627 551 270 
791 66 665 
3 877 240 
449 823 229 
306 278 802 
358 74 44 
622 94 776 
676 302 692 
332 749 340 
683 190 832 
511 231 362 
465 728 2 
843 25 887 
927 875 657 
23 448 412 
745 770 867 
70 558 794 
983 477 305 
462 908 838 
636 797 841 
791 729 505 
247 248 803 
363 466 266 
629 744 935 
386 129 941 
585 121 504 
4 678 387 
272 218 399 
275 245 924 
260 615 862 
918 477 853 
320 903 942 
202 456 884 
962 26 217 
624 416 826 
333 973 19 
125 352 874 
851 102 760 
337 777 955 
945 964 903 
451 534 899 
22 420 642 
180 785 787 
164 431 199 
193 808 381 
158 550 345 
37 851 532 
29 258 174 
171 706 813 
505 124 484 
754 81 893 
440 609 422 
760 866 588 
245 32 363 
816 508 793 
39 818 645 
450 290 71 
444 146 163 
263 378 644 
232 456 284 
481 441 307 
798 761 585 
956 201 669 
686 11 732 
380 914 26 
30 183 42 
523 657 83 
427 384 114 
203 861 790 
45 936 432 
582 718 670 
659 825 266 
579 267 544 
868 751 104 
454 443 899 
476 2 521 
191 4 372 
262 92 569 
715 107 643 
200 577 354 
656 45 252 
610 942 583 
458 81 920 
476 904 522 
906 485 799 
607 218 949 
620 536 102 
275 642 688 
642 366 29 
304 446 248 
958 821 874 
819 222 789 
503 417 529 
63 908 472 
537 168 721 
9 908 274 
12 265 411 
759 469 497 
31 475 32 
592 858 120 
247 801 871 
418 113 543 
64 42 611 
860 690 361 
170 737 415 
410 666 680 
815 874 925 
357 732 595 
963 235 425 
915 619 163 
413 932 556 
134 698 549 
586 996 69 
822 960 21 
850 441 878 
13 941 611 
479 149 254 
65 394 364 
314 200 91 
445 603 365 
438 801 28 
3 783 229 
874 242 776 
222 674 764 
920 145 203 
236 12 863 
136 440 365 
685 349 77 
495 314 82 
537 65 914 
465 659 669 
800 896 287 
45 64 876 
901 944 889 
890 385 360 
386 563 822 
417 268 811 
932 33 956 
686 328 454 
212 776 522 
384 15 151 
938 749 307 
136 908 314 
332 82 387 
517 986 330 
777 980 532 
436 955 601 
934 84 475 
701 14 382 
16 781 133 
712 785 374 
368 489 278 
137 118 974 
55 507 516 
137 838 347 
940 350 591 
920 477 292 
144 399 451 
876 371 30 
447 890 40 
760 25 645 
919 677 817 
636 28 213 
702 846 827 
754 38 190 
827 319 556 
786 375 184 
447 574 575 
847 566 946 
13 536 562 
781 947 914 
980 604 67 
3 374 634 
710 54 318 
742 45 667 
932 444 774 
652 668 161 
86 632 175 
775 821 974 
380 824 360 
167 316 754 
55 431 803 
456 814 938 
418 929 225 
576 130 800 
177 436 131 
663 875 431 
194 488 656 
603 473 737 
623 983 944 
3 197 127 
401 32 751 
316 105 870 
943 959 811 
740 914 389 
246 48 522 
728 575 859 
887 307 857 
74 552 591 
856 258 223 
470 606 854 
107 803 541 
208 919 444 
235 362 439 
566 75 39 
435 956 975 
156 700 203 
275 636 588 
188 646 148 
466 358 874 
900 842 384 
762 550 988 
185 243 311 
195 348 787 
255 893 443 
86 855 938 
926 840 261 
213 888 381 
199 47 103 
539 618 219 
350 425 829 
813 552 465 
791 164 899 
296 506 694 
551 823 506 
379 618 74 
246 505 953 
813 938 358 
741 671 718 
565 991 742 
111 31 249 
546 968 34 
67 622 405 
0 927 352 
51 926 745 
978 551 909 
238 289 298 
894 873 827 
709 413 324 
646 239 952 
137 115 448 
249 476 721 
233 503 236 
277 755 315 
751 679 728 
766 351 209 
369 376 181 
936 797 195 
0 221 163 
166 306 733 
365 421 8 
404 689 78 
891 473 869 
567 984 203 
502 146 960 
945 180 674 
732 374 518 
464 314 955 
749 790 381 
47 272 524 
371 50 948 
937 144 863 
21 73 378 
79 838 325 
578 34 97 
545 454 449 
707 678 37 
991 79 704 
904 934 573 
225 457 845 
303 316 835 
447 800 526 
566 775 761 
399 581 799 
98 95 694 
480 465 651 
861 516 162 
598 45 695 
179 36 501 
228 434 738 
626 980 941 
329 734 169 
518 522 173 
425 65 483 
688 453 276 
199 569 313 
10 988 873 
334 995 518 
49 59 228 
737 659 875 
958 292 212 
799 238 24 
728 220 976 
239 794 159 
232 394 551 
53 991 307 
134 23 735 
625 830 67 
412 74 219 
526 566 739 
327 805 679 
314 153 242 
293 301 253 
675 420 811 
800 303 131 
319 262 314 
178 430 241 
432 173 374 
112 598 911 
582 938 292 
655 557 597 
630 327 66 
824 850 599 
234 305 540 
909 529 427 
516 510 47 
656 802 742 
652 815 496 
720 798 906 
365 514 574 
31 65 841 
780 353 380 
684 831 74 
938 871 814 
823 377 967 
860 680 707 
540 974 739 
190 936 408 
796 65 891 
206 770 762 
744 879 496 
66 792 699 
583 857 97 
797 893 990 
490 347 653 
119 222 330 
923 279 434 
463 217 405 
901 664 418 
313 691 561 
986 233 462 
515 313 850 
857 910 291 
307 146 223 
293 922 132 
221 397 186 
782 550 886 
636 700 846 
367 338 432 
231 823 995 
676 268 888 
696 862 727 
501 429 272 
115 129 51 
980 835 269 
155 713 337 
909 429 252 
635 311 78 
877 960 417 
384 868 633 
463 27 409 
634 862 641 
750 423 272 
272 465 716 
164 272 553 
556 881 148 
708 539 727 
685 946 71 
930 898 42 
489 739 564 
856 170 317 
662 743 800 
25 874 848 
976 15 486 
447 973 890 
685 671 358 
758 913 306 
14 984 262 
822 493 858 
627 959 732 
729 106 869 
878 133 567 
250 641 877 
573 34 204 
429 883 303 
883 197 781 
744 29 775 
935 822 751 
484 332 939 
89 627 965 
351 478 87 
670 264 225 
364 506 829 
10 734 342 
495 832 550 
691 469 329 
242 789 466 
125 752 361 
597 17 23 
499 413 159 
202 29 711 
114 137 627 
614 759 717 
683 653 135 
384 939 811 
777 463 387 
460 316 206 
897 272 658 
678 547 323 
672 293 734 
608 291 58 
221 931 732 
547 94 633 
12 277 871 
862 539 759 
686 891 905 
604 118 337 
695 603 324 
831 264 708 
337 275 138 
546 435 169 
513 655 779 
822 122 32 
203 807 76 
663 665 371 
402 167 516 
841 629 271 
360 911 343 
310 420 81 
755 231 344 
442 320 913 
787 642 428 
734 587 461 
157 926 886 
123 547 927 
525 249 385 
91 937 107 
562 47 517 
156 56 659 
827 892 263 
706 499 908 
257 488 373 
945 554 595 
607 123 492 
967 603 633 
845 786 776 
91 724 833 
145 4 522 
693 882 946 
837 502 694 
858 840 386 
70 485 710 
41 372 9 
342 848 997 
933 304 201 
173 774 254 
883 205 727 
902 827 7 
760 91 319 
466 301 795 
35 9 777 
283 50 949 
136 134 522 
243 382 589 
100 593 863 
744 670 849 
28 930 151 
328 918 595 
767 432 603 
568 96 25 
370 653 477 
847 724 890 
510 645 113 
347 189 423 
604 529 968 
501 741 22 
51 955 241 
926 681 493 
527 248 271 
368 57 236 
461 956 205 
591 698 230 
639 914 651 
897 478 465 
455 252 536 
135 818 887 
18 158 380 
711 159 644 
861 649 60 
161 528 131 
990 813 521 
254 929 630 
676 592 167 
423 828 165 
681 549 492 
398 164 339 
645 562 83 
941 181 456 
204 609 728 
247 994 505 
206 773 759 
533 481 659 
52 174 985 
217 166 670 
157 462 942 
554 896 624 
718 49 318 
10 35 846 
634 452 355 
553 62 331 
892 965 93 
17 807 738 
440 495 223 
802 107 935 
962 281 403 
279 523 413 
823 463 497 
965 808 980 
175 118 87 
685 97 633 
457 298 872 
8 65 644 
178 671 450 
991 681 687 
591 477 430 
325 514 100 
658 546 125 
599 713 260 
648 339 379 
201 719 15 
464 555 551 
727 175 911 
430 90 316 
720 188 70 
300 976 393 
750 62 183 
756 658 519 
964 422 900 
810 928 377 
75 242 234 
144 256 278 
781 756 406 
264 229 543 
87 721 704 
105 257 813 
730 477 71 
518 473 856 
587 360 215 
765 178 32 
654 399 984 
985 718 100 
898 421 505 
611 371 125 
79 506 982 
821 997 734 
178 455 361 
127 11 562 
737 967 197 
863 697 480 
708 767 178 
535 375 548 
704 257 595 
883 436 184 
787 931 48 
129 340 125 
890 118 239 
423 735 923 
912 23 41 
303 972 144 
379 649 943 
956 345 740 
699 799 692 
289 44 267 
171 144 841 
269 621 394 
925 996 371 
45 3 649 
619 853 896 
7 415 172 
666 496 443 
654 943 754 
357 875 384 
453 760 417 
820 881 176 
990 833 776 
346 655 965 
61 316 168 
819 496 887 
313 664 680 
77 32 85 
187 917 665 
96 77 788 
415 635 290 
981 37 6 
242 41 30 
575 696 50 
453 744 950 
993 978 81 
425 783 778 
140 181 89 
786 24 357 
444 415 37 
993 776 436 
391 732 794 
233 773 96 
201 445 632 
729 857 888 
881 251 318 
392 331 928 
784 718 320 
386 389 131 
616 265 245 
628 747 50 
463 191 424 
117 872 849 
14 385 987 
982 39 622 
252 612 589 
94 775 469 
228 912 726 
991 664 939 
479 937 359 
636 147 852 
14 692 907 
140 2 49 
206 905 781 
792 45 742 
993 939 591 
965 968 836 
48 629 417 
342 20 506 
815 124 858 
960 795 650 
571 475 18 
668 818 389 
114 630 261 
293 910 104 
714 888 424 
926 13 671 
814 138 117 
5 29 806 
247 699 458 
122 977 50 
272 198 345 
381 339 989 
134 184 891 
862 164 632 
156 112 837 
153 250 249 
803 918 634 
491 842 345 
612 283 778 
399 429 344 
898 774 944 
861 248 197 
564 194 237 
209 17 597 
869 872 332 
897 244 732 
746 488 148 
814 825 19 
547 235 346 
602 425 920 
331 914 456 
509 281 18 
500 425 250 
561 713 771 
449 305 92 
471 138 840 
538 45 765 
209 644 762 
943 502 372 
401 204 447 
234 546 338 
116 839 613 
390 978 738 
564 257 94 
344 322 173 
484 70 387 
994 442 379 
761 558 606 
905 328 488 
432 810 263 
229 405 830 
187 972 634 
266 122 500 
129 413 361 
549 811 701 
210 411 978 
607 806 567 
426 610 275 
553 667 260 
258 600 645 
951 808 761 
401 276 822 
134 336 431 
751 133 571 
850 229 722 
709 204 137 
431 161 290 
221 527 851 
229 48 682 
446 220 349 
154 930 32 
136 245 983 
637 775 867 
570 689 200 
807 771 613 
612 939 593 
848 528 283 
11 11 492 
4 212 255 
619 366 25 
259 229 11 
266 41 316 
868 346 136 
73 849 61 
884 50 941 
886 585 931 
597 114 799 
509 325 252 
767 767 339 
886 740 608 
695 584 589 
111 183 984 
103 319 378 
455 479 930 
490 836 292 
256 292 623 
11 476 748 
924 244 211 
137 905 522 
42 815 878 
736 396 628 
937 39 741 
746 266 444 
397 659 602 
878 180 299 
531 253 942 
191 307 542 
476 955 851 
707 775 337 
22 127 705 
990 25 991 
602 78 806 
612 99 912 
204 845 651 
316 414 34 
212 856 838 
851 201 10 
838 358 334 
448 483 736 
412 563 951 
939 648 882 
257 549 782 
211 395 681 
999 660 256 
391 204 552 
600 262 134 
45 977 706 
316 433 611 
833 56 277 
425 103 455 
706 895 857 
194 760 916 
654 629 390 
293 282 188 
179 219 628 
645 635 843 
943 910 69 
609 54 220 
953 576 376 
717 495 551 
156 987 298 
131 286 301 
916 949 630 
443 139 312 
506 950 697 
178 738 481 
897 140 57 
736 797 528 
275 612 821 
950 722 768 
802 107 555 
996 696 870 
757 627 665 
920 473 699 
487 664 645 
264 290 784 
123 621 263 
119 335 552 
353 44 133 
201 225 28 
792 983 673 
336 752 871 
351 302 67 
474 821 554 
532 185 780 
424 432 351 
81 873 645 
756 424 968 
965 330 501 
488 113 182 
682 692 65 
44 681 10 
911 655 643 
516 299 644 
90 29 785 
50 409 685 
31 888 307 
481 570 530 
80 698 152 
146 940 112 
985 319 186 
426 647 853 
815 85 52 
944 96 743 
730 822 949 
223 917 657 
895 347 717 
605 532 180 
352 908 588 
498 876 83 
732 416 306 
969 935 172 
70 756 692 
13 563 767 
155 153 195 
820 385 290 
228 946 292 
429 127 451 
80 295 529 
213 671 587 
916 571 463 
268 848 407 
213 836 395 
326 967 535 
120 232 639 
751 987 98 
988 308 211 
474 835 600 
784 598 802 
140 867 946 
781 810 669 
252 546 937 
664 45 790 
654 265 415 
378 310 215 
805 169 836 
990 100 624 
144 148 380 
728 815 436 
602 232 497 
913 102 634 
619 282 587 
16 137 436 
8 904 96 
93 571 291 
845 428 533 
619 14 567 
214 986 443 
972 205 120 
7 489 763 
12 105 679 
509 43 610 
528 581 647 
586 705 300 
574 20 731 
454 884 562 
268 121 379 
606 690 251 
670 783 16 
280 37 348 
833 285 603 
744 856 244 
867 690 106 
404 81 455 
140 219 373 
30 30 187 
641 688 513 
263 156 435 
4 89 120 
714 610 561 
869 26 480 
340 192 226 
562 654 615 
96 221 389 
467 796 271 
668 720 492 
891 304 864 
220 704 531 
531 591 593 
642 459 606 
119 93 564 
76 835 283 
657 436 40 
944 161 559 
292 564 113 
222 687 920 
35 272 85 
215 51 488 
558 503 242 
279 868 244 
484 569 636 
911 204 22 
229 664 672 
280 470 237 
471 396 348 
853 454 31 
985 533 714 
854 328 94 
903 202 117 
178 207 190 
90 761 951 
54 403 876 
123 798 691 
141 506 636 
624 201 140 
267 441 283 
584 821 823 
495 609 588 
833 463 840 
797 114 605 
990 169 726 
358 504 113 
