747 43 536 
548 976 894 
848 142 570 
306 903 107 
598 495 472 
914 306 753 
466 506 3 
481 273 283 
289 39 769 
869 759 973 
926 124 311 
155 71 599 
603 610 240 
443 845 231 
383 473 375 
655 798 713 
687 729 463 
826 258 717 
958 375 306 
343 128 527 
306 575 577 
152 14 840 
283 281 71 
762 666 843 
316 599 309 
452 548 791 
295 328 192 
113 907 99 
886 382 798 
912 95 643 
766 967 18 
459 769 430 
306 550 504 
175 66 331 
698 682 729 
965 773 671 
513 141 463 
378 369 91 
834 715 338 
834 470 968 
374 728 505 
234 884 614 
466 73 736 
10 475 365 
792 639 548 
738 970 62 
3 814 937 
115 49 779 
886 774 665 
836 306 436 
298 717 306 
489 372 859 
91 636 591 
645 37 920 
526 606 924 
739 995 440 
505 804 844 
639 16 142 
907 647 731 
643 59 394 
123 415 622 
186 78 579 
356 944 636 
217 13 486 
723 403 808 
959 379 611 
724 825 12 
46 531 452 
947 306 375 
698 428 56 
188 827 537 
672 965 643 
992 593 971 
18 114 921 
120 833 848 
279 58 428 
664 42 355 
552 862 598 
676 642 382 
131 690 57 
189 681 657 
601 391 788 
221 469 842 
919 103 576 
354 608 996 
464 839 505 
130 952 64 
270 123 449 
82 56 844 
780 44 925 
144 206 82 
625 189 896 
105 37 152 
58 578 114 
900 676 416 
90 725 73 
379 12 763 
704 335 186 
370 872 702 
248 206 423 
442 211 340 
55 487 860 
428 966 653 
776 450 512 
659 701 996 
331 358 619 
110 879 618 
364 641 792 
584 585 266 
889 581 483 
510 247 867 
539 779 87 
272 687 338 
701 908 665 
113 762 465 
149 149 561 
619 70 172 
78 286 590 
816 971 327 
353 352 337 
611 956 945 
119 11 208 
73 794 145 
29 68 121 
92 20 127 
668 927 101 
26 465 929 
129 651 298 
981 349 61 
358 121 500 
720 642 827 
424 721 452 
168 21 842 
620 134 698 
581 944 769 
301 370 722 
563 9 687 
544 180 774 
935 367 762 
334 827 205 
905 847 245 
578 59 386 
36 306 635 
479 242 706 
300 211 585 
900 750 671 
219 608 152 
614 649 457 
17 755 811 
850 264 540 
951 971 52 
39 525 76 
782 479 270 
12 827 123 
524 382 221 
91 877 729 
560 512 385 
667 802 655 
43 497 20 
602 477 653 
725 419 555 
461 166 126 
506 564 344 
322 449 847 
761 483 229 
174 790 319 
443 557 395 
890 631 789 
789 65 121 
204 264 576 
831 534 572 
960 997 551 
250 969 473 
238 677 335 
547 687 76 
428 57 901 
579 210 577 
953 345 931 
992 588 133 
871 40 470 
530 561 622 
192 929 759 
64 500 501 
500 781 686 
561 715 967 
599 366 410 
372 231 473 
961 99 204 
417 309 729 
403 118 934 
99 770 589 
833 821 855 
632 850 921 
985 410 378 
300 745 320 
561 586 124 
635 217 738 
984 338 103 
235 16 269 
237 302 454 
212 40 206 
12 677 540 
74 400 565 
535 435 657 
678 937 728 
874 830 574 
503 842 192 
573 86 700 
20 976 967 
858 585 112 
362 610 675 
892 149 458 
864 238 743 
69 860 370 
234 113 124 
628 198 356 
551 253 882 
572 648 537 
509 848 201 
633 675 558 
578 576 955 
1 583 499 
741 830 487 
250 609 324 
601 558 570 
349 73 998 
106 613 39 
74 911 567 
608 163 851 
478 871 125 
545 287 468 
674 323 960 
300 956 473 
629 553 790 
699 287 504 
343 320 737 
144 693 887 
393 610 298 
611 686 164 
597 107 564 
616 504 807 
586 394 474 
799 212 478 
728 45 42 
783 732 123 
28 509 562 
439 304 630 
811 419 130 
540 272 184 
566 79 629 
275 149 506 
391 792 938 
8 3 75 
568 337 437 
645 650 96 
618 91 142 
180 842 963 
15 574 293 
192 485 530 
961 684 419 
838 957 173 
829 687 550 
936 332 443 
971 722 584 
234 934 566 
897 678 714 
592 353 425 
612 408 409 
973 775 299 
935 830 560 
331 713 380 
90 198 329 
869 847 428 
668 367 21 
746 536 803 
328 811 890 
725 25 790 
530 80 459 
659 948 198 
709 583 59 
269 209 384 
59 533 505 
866 123 222 
464 159 966 
63 420 509 
837 857 14 
97 914 898 
347 649 419 
757 651 367 
9 782 419 
506 829 955 
625 503 166 
303 948 876 
273 464 837 
549 493 488 
174 31 121 
224 837 194 
789 376 396 
764 42 852 
601 24 303 
369 789 750 
777 693 179 
236 589 907 
712 210 653 
174 737 322 
918 813 85 
86 594 325 
368 500 774 
100 40 421 
154 169 840 
475 224 138 
927 192 331 
781 252 347 
70 104 528 
670 637 11 
312 691 732 
651 78 717 
931 226 75 
874 434 682 
715 374 127 
521 53 819 
921 341 237 
556 31 120 
735 641 202 
479 490 829 
44 101 799 
659 772 245 
173 911 384 
676 331 185 
933 669 17 
227 85 14 
43 812 477 
15 522 430 
154 811 105 
905 400 271 
409 994 263 
903 489 622 
642 512 774 
697 557 488 
235 475 50 
649 757 874 
512 189 390 
883 225 692 
444 377 567 
832 645 352 
482 802 328 
763 808 197 
779 33 65 
695 261 94 
382 376 168 
950 334 612 
381 245 581 
786 171 362 
345 807 765 
298 401 741 
239 600 373 
500 293 594 
108 203 416 
583 142 351 
486 28 655 
618 805 62 
453 535 787 
241 430 250 
365 743 240 
941 658 645 
902 796 668 
735 500 538 
210 436 208 
573 588 932 
645 228 37 
261 885 696 
974 989 202 
720 389 26 
225 87 201 
22 147 401 
520 886 34 
699 823 497 
172 639 565 
909 159 870 
100 604 810 
361 997 126 
347 880 456 
649 362 51 
757 444 217 
447 202 377 
926 271 233 
360 375 996 
316 136 713 
272 40 592 
389 52 739 
892 760 250 
716 147 693 
788 846 909 
688 403 448 
746 530 252 
100 870 676 
413 666 905 
74 621 472 
874 943 897 
232 171 942 
770 846 871 
187 180 292 
936 879 186 
493 630 330 
709 586 146 
712 964 748 
176 539 444 
375 51 384 
41 358 850 
345 61 273 
88 342 692 
960 73 777 
691 555 337 
645 5 664 
207 322 964 
863 142 487 
489 317 355 
20 91 595 
162 956 75 
443 252 875 
848 599 4 
202 702 318 
863 956 418 
459 657 203 
56 619 404 
636 853 595 
803 388 73 
596 996 270 
44 572 868 
666 849 754 
365 699 711 
926 410 692 
692 834 748 
856 325 385 
333 534 89 
379 817 885 
668 306 580 
402 630 828 
278 3 539 
805 707 958 
998 848 848 
379 822 258 
48 946 659 
291 652 11 
249 449 441 
1 139 99 
90 577 771 
903 486 221 
878 169 653 
839 157 409 
21 660 253 
744 161 71 
808 678 888 
487 93 946 
459 495 538 
63 472 759 
618 624 116 
156 137 440 
286 321 444 
448 910 295 
333 158 828 
969 804 966 
828 453 842 
712 271 943 
735 949 758 
160 115 159 
240 542 233 
461 226 1 
72 280 566 
642 307 964 
388 71 448 
222 636 607 
158 495 478 
591 871 58 
33 327 269 
344 688 316 
825 69 819 
826 182 878 
833 85 188 
218 770 100 
561 114 451 
571 218 358 
963 452 951 
582 74 977 
20 954 122 
945 379 814 
973 437 199 
13 30 893 
44 832 947 
715 802 827 
648 292 977 
53 887 142 
366 443 835 
443 555 71 
997 193 908 
370 333 402 
694 211 426 
847 322 834 
252 116 487 
550 390 176 
870 272 234 
140 374 370 
973 549 304 
39 177 88 
166 583 129 
505 844 319 
479 7 552 
396 97 207 
301 866 483 
188 731 357 
918 88 707 
659 85 386 
542 260 576 
740 389 375 
305 71 563 
258 964 453 
343 349 308 
971 902 748 
664 81 541 
223 189 864 
764 264 941 
791 358 441 
637 497 324 
711 404 974 
889 703 359 
508 184 715 
81 779 282 
720 816 186 
669 823 939 
665 30 527 
719 68 726 
876 689 800 
226 646 390 
701 964 136 
166 544 63 
714 902 84 
624 758 461 
277 97 676 
590 568 895 
370 612 482 
19 924 845 
156 45 876 
69 992 171 
45 107 978 
674 658 944 
726 180 638 
460 762 455 
55 226 55 
191 493 732 
90 529 209 
113 465 664 
19 99 780 
925 996 101 
506 167 324 
25 117 514 
609 416 803 
771 150 459 
505 66 731 
406 254 336 
46 804 490 
520 526 598 
18 226 160 
484 672 106 
881 518 435 
303 774 244 
488 32 274 
226 732 585 
149 167 631 
811 598 941 
38 817 805 
531 46 86 
447 277 40 
764 631 445 
733 568 358 
467 119 938 
526 184 425 
920 489 920 
284 481 465 
446 336 711 
171 241 883 
86 861 356 
649 641 608 
348 288 99 
260 746 278 
859 199 608 
281 553 890 
408 595 894 
656 496 256 
616 124 378 
870 234 438 
760 488 106 
217 693 126 
899 116 862 
117 563 467 
775 183 607 
937 146 886 
339 404 162 
994 958 637 
925 788 217 
147 368 174 
680 75 461 
394 449 174 
256 876 810 
647 239 788 
423 487 887 
468 121 519 
195 314 426 
298 88 698 
636 388 476 
932 705 850 
932 45 413 
47 133 869 
840 969 274 
492 320 94 
612 97 44 
150 640 201 
467 670 905 
312 674 478 
959 751 604 
248 648 219 
812 781 194 
646 878 542 
122 148 395 
860 79 899 
203 52 344 
216 773 195 
468 898 234 
497 208 677 
400 165 770 
534 994 445 
141 462 876 
464 21 541 
981 587 266 
836 421 420 
738 294 238 
342 551 804 
159 17 680 
244 530 693 
322 5 719 
355 719 434 
914 840 679 
568 904 479 
627 734 799 
762 961 584 
803 381 553 
472 524 479 
93 793 541 
365 471 9 
608 685 429 
467 4 924 
432 646 825 
532 867 998 
794 886 750 
989 592 536 
409 413 536 
515 350 789 
379 235 159 
37 140 939 
439 943 430 
437 613 12 
251 436 26 
632 297 470 
363 460 982 
745 715 382 
309 344 256 
255 425 833 
53 225 654 
391 320 218 
647 0 522 
913 513 850 
916 644 503 
662 937 236 
407 513 38 
613 258 91 
957 798 992 
294 929 953 
409 933 828 
416 177 278 
996 445 779 
934 445 499 
358 695 616 
14 245 512 
56 924 271 
497 85 775 
687 82 538 
472 975 79 
536 489 109 
138 718 622 
784 109 280 
49 331 186 
476 9 151 
25 956 207 
496 893 349 
45 30 459 
14 739 19 
816 716 591 
268 990 10 
488 297 491 
158 848 654 
263 759 659 
732 327 202 
0 530 243 
748 723 228 
408 290 92 
510 562 820 
552 490 626 
808 129 909 
848 618 189 
935 310 113 
584 649 896 
869 183 857 
603 517 346 
329 409 901 
117 134 638 
508 388 524 
723 267 280 
863 876 921 
730 740 200 
908 162 910 
821 67 780 
356 453 486 
880 455 377 
151 933 970 
968 401 490 
658 236 6 
729 773 345 
896 495 471 
395 861 532 
687 859 429 
196 856 477 
415 79 323 
721 639 771 
666 828 461 
300 535 539 
711 110 195 
564 462 911 
675 456 709 
171 541 473 
262 164 336 
228 176 110 
385 186 419 
453 114 921 
331 596 93 
18 722 739 
854 839 184 
52 94 323 
766 338 884 
253 73 110 
470 978 545 
151 957 263 
577 797 118 
328 665 755 
789 336 318 
815 252 549 
788 166 554 
719 610 385 
822 829 571 
38 114 43 
933 261 381 
444 450 488 
417 761 740 
717 699 43 
870 435 912 
202 997 695 
644 602 125 
738 414 391 
496 848 48 
646 321 704 
675 303 423 
859 391 970 
741 915 887 
93 998 913 
27 247 117 
763 799 508 
59 608 257 
806 178 73 
824 308 694 
542 72 209 
523 674 73 
668 434 101 
695 104 197 
316 213 567 
658 726 531 
624 324 853 
662 865 388 
600 862 179 
391 913 811 
225 777 647 
689 876 383 
170 194 503 
642 647 826 
833 959 391 
302 588 52 
488 134 937 
677 327 569 
110 188 512 
112 30 199 
341 659 387 
931 263 831 
74 151 355 
105 458 787 
356 916 555 
327 753 886 
328 960 858 
376 784 821 
357 949 638 
408 559 706 
107 224 313 
155 77 75 
689 863 934 
952 241 529 
740 50 801 
888 856 153 
828 600 309 
643 793 583 
495 664 873 
332 694 579 
223 897 53 
780 809 185 
459 130 250 
540 918 622 
537 840 822 
810 713 770 
517 689 358 
138 857 936 
505 884 4 
170 224 331 
97 601 365 
712 994 112 
713 672 322 
118 77 979 
620 964 981 
193 639 376 
266 7 846 
82 994 423 
344 139 701 
126 393 126 
231 334 755 
167 13 924 
85 71 190 
500 701 818 
439 936 925 
487 275 352 
288 390 118 
355 8 625 
84 43 61 
561 226 735 
59 305 448 
970 673 15 
58 976 713 
519 434 81 
689 594 268 
798 693 443 
790 656 87 
394 465 889 
501 946 208 
282 540 669 
164 587 726 
487 889 921 
262 959 881 
769 132 42 
515 675 489 
386 880 242 
32 700 578 
383 143 584 
504 429 337 
65 714 184 
738 139 862 
559 902 396 
77 640 870 
667 174 642 
752 469 236 
934 530 511 
766 839 218 
974 923 672 
861 370 79 
485 90 633 
951 921 890 
215 253 54 
191 627 376 
468 318 917 
916 568 802 
220 905 86 
711 92 355 
793 495 484 
669 831 564 
974 914 906 
27 279 682 
9 953 614 
557 589 157 
490 711 943 
985 691 976 
655 238 99 
958 343 60 
246 194 110 
523 676 852 
984 921 279 
676 826 896 
119 718 660 
938 739 521 
576 340 59 
36 582 812 
545 973 338 
313 109 248 
301 582 431 
680 759 298 
415 813 559 
727 129 106 
489 332 741 
329 94 369 
442 46 106 
119 979 21 
846 314 169 
769 589 693 
879 185 916 
456 77 521 
227 127 500 
259 712 322 
425 256 474 
308 5 863 
579 691 800 
511 119 380 
477 125 161 
88 593 213 
685 54 405 
143 824 430 
963 320 531 
488 638 402 
943 351 602 
681 818 869 
946 498 79 
147 376 858 
204 781 775 
832 253 993 
508 472 118 
114 643 821 
773 565 822 
250 910 119 
144 806 352 
577 136 522 
821 313 273 
511 95 150 
150 649 445 
424 171 282 
413 289 774 
956 363 132 
236 759 216 
280 457 211 
566 57 711 
603 623 452 
559 278 397 
725 614 723 
997 695 750 
424 829 415 
414 759 188 
917 740 942 
313 207 278 
225 659 884 
376 470 503 
906 999 421 
224 445 260 
194 417 949 
61 345 910 
394 181 628 
593 943 692 
988 200 800 
401 985 155 
401 611 896 
363 220 591 
976 62 807 
540 329 463 
8 794 634 
507 909 577 
589 86 204 
206 49 364 
252 480 411 
187 223 137 
75 101 348 
576 910 724 
741 283 629 
126 474 705 
193 761 471 
629 345 455 
265 943 635 
826 289 341 
315 523 306 
87 506 131 
357 104 285 
141 182 424 
17 723 106 
983 96 276 
695 563 707 
536 121 698 
437 658 581 
803 399 300 
467 447 605 
81 61 109 
260 251 326 
627 62 524 
929 753 500 
