200 921 359 
256 813 737 
536 858 938 
293 732 272 
138 736 551 
695 17 975 
499 949 962 
130 193 346 
361 721 404 
69 540 616 
113 253 612 
321 51 893 
97 820 3 
898 852 462 
316 532 38 
612 788 366 
549 282 487 
892 208 404 
550 401 167 
71 892 634 
21 141 705 
891 970 260 
192 731 881 
866 899 630 
344 376 302 
415 470 743 
409 408 711 
347 263 656 
930 634 667 
399 379 857 
178 585 245 
436 51 796 
895 280 579 
160 455 263 
822 483 69 
710 495 270 
214 966 9 
247 993 6 
310 219 669 
521 860 376 
473 521 880 
228 254 672 
322 62 919 
391 496 471 
657 797 863 
52 453 237 
491 899 346 
525 496 640 
543 414 161 
403 230 405 
422 327 900 
477 291 665 
885 926 882 
731 981 214 
667 844 217 
898 178 574 
588 746 70 
812 686 975 
898 798 582 
889 93 482 
408 737 188 
977 857 15 
406 467 903 
433 104 912 
630 689 559 
988 789 746 
699 29 575 
927 860 204 
950 0 532 
950 193 529 
491 414 174 
393 666 441 
251 156 215 
318 750 877 
455 600 805 
596 626 465 
632 176 799 
884 146 1 
928 759 94 
4 225 228 
501 268 890 
618 326 633 
44 853 847 
328 216 126 
872 343 611 
448 863 411 
118 89 85 
328 321 529 
504 12 55 
130 770 560 
605 187 814 
460 205 779 
882 422 239 
7 960 95 
902 800 479 
706 728 652 
647 618 375 
127 946 919 
46 285 501 
636 805 159 
678 576 741 
344 911 903 
935 443 8 
932 694 139 
163 661 709 
438 817 563 
555 135 802 
653 987 447 
738 552 224 
119 326 941 
406 156 270 
839 603 287 
357 575 741 
176 163 294 
53 838 411 
478 745 78 
704 557 55 
38 131 951 
588 365 664 
360 957 625 
823 603 21 
611 110 817 
126 931 787 
737 515 492 
646 816 401 
452 717 278 
469 427 170 
229 648 317 
735 38 312 
77 330 145 
936 7 971 
849 56 602 
530 75 375 
337 333 529 
180 773 671 
927 204 153 
5 504 558 
985 530 854 
243 351 714 
308 689 907 
787 690 918 
47 167 197 
441 4 238 
408 196 741 
377 979 342 
70 713 174 
293 904 694 
170 832 804 
147 44 362 
497 535 207 
963 676 591 
613 433 699 
142 337 493 
686 334 356 
744 554 320 
979 955 427 
856 233 181 
510 932 574 
255 96 995 
691 772 407 
618 505 172 
291 537 102 
768 983 741 
171 919 442 
630 860 487 
749 513 388 
608 561 8 
341 730 438 
316 577 294 
370 189 785 
306 644 48 
567 670 868 
815 497 468 
913 39 453 
341 94 451 
107 29 578 
781 796 416 
754 757 901 
151 317 922 
848 411 820 
677 511 682 
365 37 13 
670 499 132 
387 938 299 
617 884 257 
268 959 526 
823 140 707 
125 473 948 
211 166 696 
207 457 773 
960 788 902 
123 919 645 
220 719 0 
124 204 264 
751 9 878 
348 232 810 
431 912 352 
456 565 309 
725 153 365 
35 49 304 
725 661 113 
693 326 608 
557 522 1 
89 504 699 
627 690 502 
753 411 353 
117 411 368 
462 77 865 
823 918 297 
359 457 632 
695 491 988 
404 956 163 
216 307 912 
381 546 327 
497 245 405 
32 220 196 
620 735 662 
331 68 771 
328 229 438 
341 297 113 
954 706 341 
604 447 446 
891 698 296 
743 941 717 
0 501 569 
764 566 635 
780 729 523 
986 693 231 
864 611 671 
861 701 87 
657 4 69 
397 616 193 
397 862 172 
935 610 753 
439 820 722 
14 842 638 
674 633 282 
666 479 366 
335 497 481 
155 381 736 
761 222 868 
298 964 827 
930 412 911 
674 201 36 
58 716 850 
599 81 296 
712 830 597 
550 858 820 
290 934 560 
39 681 790 
759 840 766 
535 751 593 
188 882 449 
290 724 397 
198 687 388 
604 115 98 
332 469 625 
976 651 820 
609 979 424 
664 12 700 
582 328 784 
618 255 702 
710 83 745 
230 392 774 
997 770 233 
267 748 558 
661 504 292 
130 503 233 
409 122 321 
970 511 822 
222 476 842 
46 252 218 
8 598 485 
510 743 50 
332 797 409 
598 132 868 
326 501 308 
494 856 460 
927 411 641 
201 265 190 
160 733 155 
779 395 988 
87 763 791 
141 575 765 
34 658 472 
771 1 358 
708 254 566 
877 149 247 
554 733 21 
60 408 447 
58 698 961 
570 679 853 
236 524 766 
194 477 862 
866 596 318 
667 88 395 
940 804 397 
662 936 963 
42 448 998 
818 269 350 
154 976 970 
484 150 111 
718 703 400 
53 932 18 
688 604 384 
680 816 672 
432 954 388 
757 323 782 
736 875 497 
125 681 295 
210 799 131 
215 756 365 
98 889 852 
355 765 240 
589 744 140 
828 150 251 
178 494 501 
628 229 293 
425 348 530 
983 406 250 
758 576 658 
794 480 880 
404 292 778 
948 668 751 
974 187 653 
168 628 515 
695 531 321 
816 674 884 
324 408 68 
435 139 974 
219 290 730 
464 439 716 
859 223 478 
163 505 692 
27 558 894 
826 449 637 
197 323 361 
339 666 730 
571 887 845 
626 896 943 
253 881 278 
225 697 421 
366 695 50 
970 183 455 
548 644 133 
612 851 359 
380 876 826 
873 926 279 
71 105 316 
393 963 542 
689 572 149 
550 282 165 
494 914 378 
433 143 690 
802 315 14 
2 406 749 
328 536 898 
489 360 225 
427 171 406 
784 722 901 
802 962 299 
678 431 777 
268 312 422 
418 561 708 
71 925 564 
757 660 449 
217 93 505 
185 352 376 
67 551 180 
403 289 555 
640 704 448 
377 345 89 
632 36 911 
703 20 155 
741 78 247 
406 103 486 
681 300 723 
33 674 709 
961 660 805 
47 60 884 
525 839 530 
838 326 518 
344 634 378 
622 263 125 
324 935 203 
82 129 658 
777 613 202 
25 264 988 
374 369 489 
345 109 221 
457 560 527 
552 141 522 
74 310 836 
684 67 288 
888 975 987 
635 334 340 
499 700 278 
156 379 498 
268 121 355 
647 692 189 
813 956 773 
189 793 393 
404 969 760 
118 1 171 
917 792 894 
889 61 131 
796 993 287 
256 504 728 
735 468 851 
14 420 870 
703 130 841 
474 309 374 
257 958 851 
271 363 408 
682 915 717 
754 422 550 
701 267 919 
491 315 883 
445 260 650 
811 736 151 
397 959 653 
109 246 361 
988 743 146 
811 190 951 
264 825 85 
200 8 297 
563 91 944 
823 516 440 
274 249 848 
365 361 51 
224 270 530 
224 474 977 
160 39 112 
620 967 550 
810 6 154 
845 284 54 
416 17 90 
964 585 571 
439 619 559 
36 901 687 
480 968 719 
520 103 861 
643 907 834 
814 715 258 
406 880 626 
607 846 616 
467 794 155 
894 373 292 
301 739 788 
872 648 187 
225 181 546 
118 65 474 
544 425 747 
839 56 259 
898 83 874 
711 970 239 
504 86 528 
735 132 549 
114 864 56 
506 110 123 
856 575 999 
740 860 497 
329 775 889 
800 350 368 
304 178 1 
45 454 238 
527 442 826 
482 493 521 
446 778 389 
492 805 558 
178 552 514 
326 867 856 
657 4 509 
355 247 822 
328 787 563 
247 915 27 
896 930 844 
916 899 858 
312 860 167 
264 784 67 
544 553 772 
67 476 211 
217 812 845 
165 623 802 
564 825 206 
212 895 950 
430 65 251 
158 5 248 
749 744 714 
988 194 219 
689 226 246 
993 912 657 
273 35 590 
917 198 998 
83 776 749 
186 555 694 
368 835 524 
171 547 374 
470 467 628 
986 434 77 
90 904 19 
173 138 16 
98 613 365 
49 221 23 
5 37 695 
817 390 327 
859 350 25 
954 586 181 
236 47 836 
680 725 514 
723 595 853 
74 802 55 
634 3 533 
874 340 410 
659 789 585 
844 797 186 
771 75 626 
7 935 494 
579 284 730 
324 650 964 
932 653 592 
275 630 365 
499 93 487 
222 822 191 
258 369 754 
68 131 792 
875 574 305 
51 317 111 
270 133 541 
442 880 162 
204 507 172 
183 822 312 
673 198 937 
427 607 461 
593 213 835 
98 840 440 
610 581 307 
32 850 722 
391 16 0 
873 266 389 
156 52 735 
945 490 412 
745 822 721 
617 464 844 
558 820 186 
945 883 546 
280 980 272 
959 345 110 
43 308 837 
670 852 424 
791 216 209 
230 541 305 
513 120 684 
953 900 944 
885 749 599 
727 788 536 
830 740 799 
13 281 706 
531 276 329 
582 449 502 
108 892 544 
183 563 245 
981 440 693 
863 285 533 
821 193 963 
897 423 577 
876 956 608 
13 591 855 
730 354 627 
956 886 404 
481 340 508 
426 809 830 
638 933 800 
473 260 333 
734 319 608 
232 486 430 
481 840 582 
899 157 672 
158 189 815 
59 294 628 
912 96 576 
428 281 342 
805 10 359 
360 924 977 
71 246 580 
905 833 536 
178 557 898 
23 350 96 
57 297 328 
788 403 488 
504 646 609 
25 299 585 
95 100 617 
349 800 109 
467 220 189 
581 443 113 
20 925 652 
717 845 329 
56 799 776 
837 887 455 
650 695 413 
0 15 304 
541 464 497 
216 905 213 
662 109 500 
437 215 944 
318 386 301 
124 558 672 
335 363 655 
613 990 919 
817 724 713 
242 440 397 
52 603 410 
836 275 206 
113 981 21 
766 552 289 
132 921 835 
848 160 896 
951 267 123 
226 56 796 
167 668 129 
829 620 895 
510 513 550 
541 406 795 
714 889 644 
529 777 451 
597 172 254 
141 228 487 
457 174 560 
594 198 952 
871 90 39 
495 12 918 
478 688 387 
448 951 475 
542 574 362 
823 760 973 
974 705 942 
473 441 697 
902 939 356 
1 863 512 
859 346 984 
825 523 524 
412 356 787 
674 987 119 
101 176 877 
884 286 459 
567 965 113 
795 351 741 
490 319 540 
49 885 709 
951 121 439 
676 758 983 
821 512 151 
259 553 641 
266 968 683 
9 55 375 
419 432 846 
310 924 54 
157 628 252 
796 692 140 
121 79 540 
995 782 482 
302 351 554 
342 9 719 
89 209 603 
729 828 129 
664 100 108 
803 968 74 
364 277 819 
561 348 972 
536 655 450 
378 139 768 
83 303 76 
814 791 963 
636 611 338 
310 3 869 
510 52 949 
518 982 496 
595 375 606 
716 773 193 
70 930 845 
752 421 515 
887 973 10 
449 556 614 
270 954 614 
148 757 524 
382 72 284 
487 473 250 
204 508 873 
600 428 24 
911 112 301 
580 591 426 
134 997 540 
397 832 51 
650 933 828 
536 106 957 
193 318 488 
886 506 181 
360 156 43 
665 951 769 
243 788 518 
89 557 365 
801 242 682 
244 790 573 
713 568 57 
141 606 559 
884 907 24 
386 556 700 
619 91 783 
736 350 692 
217 575 0 
317 429 1 
524 968 545 
426 795 949 
138 257 184 
341 974 76 
974 830 785 
866 414 234 
783 460 381 
916 505 393 
834 288 570 
852 13 126 
705 764 355 
963 625 328 
638 899 323 
869 970 831 
373 229 378 
870 940 389 
72 876 701 
852 691 140 
306 963 539 
107 296 494 
904 27 468 
109 704 632 
462 759 120 
499 29 36 
802 960 50 
772 892 318 
145 513 233 
66 610 807 
881 904 886 
980 692 96 
317 87 827 
641 908 617 
287 148 571 
418 515 696 
613 506 716 
797 545 630 
978 759 837 
714 326 105 
914 401 795 
139 58 326 
833 442 830 
645 684 195 
796 884 875 
627 582 912 
261 366 398 
885 214 282 
53 957 318 
791 723 620 
859 669 976 
918 381 258 
121 333 719 
479 190 411 
974 638 929 
465 649 778 
849 770 0 
994 756 15 
786 403 43 
151 262 929 
727 2 115 
962 9 594 
483 32 175 
735 434 945 
179 702 756 
813 973 141 
748 131 665 
381 618 863 
291 836 308 
308 215 967 
757 794 605 
0 2 308 
593 346 217 
209 617 238 
125 749 703 
344 428 284 
886 843 353 
922 10 206 
245 10 216 
314 913 273 
516 224 126 
37 562 852 
541 599 932 
712 235 730 
866 70 932 
904 287 223 
9 704 848 
241 612 445 
599 727 943 
702 126 707 
500 605 856 
921 807 191 
73 680 208 
295 333 194 
349 679 982 
389 948 900 
463 885 318 
180 709 352 
335 215 126 
750 370 959 
969 675 362 
350 573 627 
107 779 894 
793 622 112 
73 747 747 
18 809 5 
145 798 74 
720 537 893 
611 175 601 
387 385 486 
4 898 230 
744 462 278 
440 243 278 
829 557 210 
36 429 653 
23 217 993 
472 386 38 
330 542 211 
5 302 757 
968 172 159 
117 171 640 
594 320 876 
757 739 645 
982 131 354 
531 176 277 
444 210 826 
76 200 526 
218 784 195 
501 746 534 
715 767 512 
772 469 214 
642 217 700 
171 595 59 
735 135 223 
392 933 867 
311 326 407 
447 609 990 
98 223 991 
954 783 532 
986 832 41 
486 786 718 
707 695 733 
733 411 571 
979 883 511 
356 841 352 
266 273 802 
402 243 350 
774 804 883 
247 341 281 
81 135 781 
30 899 13 
196 734 107 
517 474 375 
132 589 485 
953 127 342 
651 375 886 
618 774 502 
436 837 431 
130 688 579 
938 600 308 
977 529 974 
622 840 991 
143 282 572 
620 507 418 
668 608 634 
723 153 422 
777 965 801 
750 629 350 
437 359 13 
564 814 55 
764 38 743 
88 963 261 
972 482 358 
36 688 743 
453 337 236 
414 370 943 
779 967 186 
153 874 464 
716 117 197 
906 231 187 
93 835 177 
257 365 360 
961 429 796 
423 94 885 
525 919 440 
222 745 260 
644 639 559 
563 110 169 
417 422 167 
13 728 620 
565 66 482 
208 522 290 
391 428 500 
904 68 915 
235 937 950 
416 274 596 
280 750 821 
326 192 316 
929 294 515 
452 625 642 
473 993 52 
525 83 339 
171 477 89 
545 808 429 
576 889 667 
700 776 758 
110 271 540 
47 520 682 
267 880 967 
334 931 896 
254 664 21 
702 606 6 
827 736 505 
63 446 145 
577 797 269 
270 807 729 
87 438 144 
196 337 956 
450 142 908 
218 116 597 
349 955 707 
442 680 309 
825 579 759 
578 487 137 
851 354 660 
143 430 742 
230 614 295 
467 924 358 
172 592 478 
133 518 958 
300 509 814 
740 660 958 
510 4 23 
872 490 958 
803 498 556 
758 699 92 
191 468 401 
965 308 465 
870 682 784 
769 233 764 
367 801 843 
325 305 773 
868 566 802 
910 878 672 
656 207 726 
741 101 787 
43 186 204 
13 679 60 
889 292 10 
795 321 136 
166 847 785 
269 622 510 
202 307 959 
616 833 135 
472 791 549 
266 430 846 
538 708 296 
876 722 397 
778 61 795 
568 980 790 
724 580 90 
379 561 0 
231 174 365 
514 578 502 
655 580 651 
594 582 603 
319 128 78 
61 742 951 
356 927 86 
597 86 385 
537 742 539 
367 825 242 
666 596 715 
473 695 13 
673 693 808 
591 610 548 
38 358 332 
849 62 587 
762 374 839 
944 752 808 
342 852 683 
575 420 254 
966 537 978 
911 182 754 
883 505 655 
729 71 382 
904 34 121 
854 394 963 
310 712 526 
902 757 156 
