818 729 835 
68 374 490 
564 801 337 
553 538 918 
847 727 571 
347 106 636 
345 285 600 
150 300 67 
858 117 624 
660 761 303 
393 887 220 
803 874 673 
620 28 478 
605 56 628 
942 19 68 
482 480 528 
940 770 41 
821 471 791 
209 655 367 
671 324 266 
972 275 305 
938 272 297 
284 648 445 
913 774 782 
491 728 700 
295 86 692 
237 422 59 
701 276 609 
595 220 742 
705 225 627 
701 737 189 
488 659 665 
107 400 162 
838 469 780 
984 927 445 
546 529 287 
471 962 964 
722 459 787 
103 469 880 
74 871 943 
748 366 223 
734 784 627 
761 311 280 
34 867 790 
713 337 545 
246 787 316 
785 133 269 
711 187 7 
887 718 582 
398 731 436 
472 931 573 
964 6 787 
298 0 9 
545 196 92 
698 572 403 
357 36 548 
560 539 111 
287 603 464 
253 458 892 
868 437 886 
582 879 958 
201 351 201 
341 406 677 
642 135 746 
123 761 330 
820 344 691 
85 664 792 
371 952 455 
60 696 103 
71 373 711 
792 683 726 
157 963 447 
591 265 465 
474 22 61 
837 191 792 
495 720 842 
61 152 873 
764 105 160 
921 979 606 
995 515 962 
687 788 402 
224 416 853 
662 447 673 
288 870 899 
361 93 569 
292 815 73 
360 66 612 
431 483 693 
716 77 323 
678 268 710 
999 710 773 
39 969 617 
254 369 888 
301 472 874 
560 629 818 
751 758 197 
221 714 749 
433 18 348 
375 974 848 
8 845 77 
946 276 807 
607 204 788 
887 538 814 
413 727 863 
233 923 907 
84 814 647 
297 93 286 
880 757 482 
524 660 241 
356 983 292 
90 970 811 
906 533 539 
719 231 544 
679 594 837 
374 359 919 
166 986 253 
119 944 653 
168 117 581 
26 792 764 
563 222 443 
709 556 813 
738 421 251 
15 708 851 
92 594 220 
911 718 401 
89 870 633 
274 258 778 
238 598 572 
127 511 497 
65 368 275 
785 327 775 
518 539 226 
715 667 696 
463 404 375 
119 390 314 
852 653 682 
659 62 175 
777 348 373 
672 491 439 
384 806 497 
514 970 742 
27 536 404 
808 365 729 
271 533 855 
245 580 244 
752 390 914 
189 646 474 
138 501 741 
591 74 503 
66 946 733 
668 554 576 
668 577 748 
213 219 639 
551 603 74 
888 1 194 
830 117 342 
454 556 621 
129 462 433 
487 538 497 
217 864 236 
59 522 976 
105 69 292 
783 53 74 
519 614 876 
301 433 911 
881 576 483 
150 364 464 
518 33 806 
564 871 115 
36 860 29 
582 366 999 
27 414 723 
388 286 691 
339 538 268 
535 56 163 
519 790 178 
163 93 170 
142 678 565 
238 610 287 
496 611 919 
966 170 598 
44 721 652 
882 211 747 
39 906 578 
969 22 471 
976 281 640 
7 321 542 
825 239 152 
790 845 895 
193 972 112 
203 440 761 
925 819 233 
254 840 48 
901 948 218 
102 581 517 
137 897 518 
411 401 960 
914 469 35 
487 919 691 
73 96 566 
479 579 169 
594 963 257 
360 618 153 
685 467 173 
773 267 613 
497 455 953 
587 608 949 
357 980 904 
237 0 46 
678 632 677 
110 718 419 
981 775 785 
598 106 164 
171 367 574 
352 447 441 
519 434 162 
933 409 63 
705 443 513 
480 552 658 
650 466 88 
451 341 348 
292 980 449 
2 545 464 
845 416 671 
739 942 275 
936 684 706 
370 867 995 
527 562 397 
521 848 742 
542 967 381 
269 955 647 
695 846 61 
719 805 142 
574 924 437 
58 763 106 
66 392 738 
954 30 488 
577 988 965 
800 504 116 
207 780 429 
625 647 949 
979 472 284 
208 997 111 
259 247 188 
550 759 669 
299 624 439 
307 587 238 
978 176 840 
381 729 837 
519 694 512 
893 938 147 
27 691 770 
226 330 471 
544 369 233 
569 144 161 
510 398 514 
856 759 231 
526 254 583 
102 755 609 
909 916 724 
324 122 110 
409 442 141 
598 181 265 
132 838 545 
609 289 143 
108 835 582 
551 861 742 
455 305 703 
5 963 887 
271 501 94 
290 133 618 
838 402 109 
457 576 745 
545 752 479 
353 613 42 
424 718 326 
719 356 822 
63 568 3 
861 42 367 
122 805 480 
916 520 315 
509 509 955 
189 387 685 
770 975 705 
997 542 540 
95 169 474 
938 761 577 
652 414 14 
159 647 87 
83 392 142 
671 425 371 
479 403 616 
679 378 491 
814 866 253 
373 833 67 
477 348 300 
641 43 534 
841 733 240 
620 667 441 
751 450 887 
876 309 206 
487 118 471 
317 146 405 
473 145 412 
195 94 95 
333 582 33 
764 968 719 
975 168 682 
686 366 187 
821 978 254 
651 569 407 
427 264 54 
376 964 791 
520 588 115 
18 550 844 
57 768 65 
954 934 961 
886 270 217 
458 25 242 
250 191 366 
701 930 150 
956 381 715 
520 177 501 
898 243 716 
838 813 698 
547 930 10 
86 417 100 
974 421 459 
490 119 145 
72 252 823 
644 371 391 
869 983 6 
274 737 490 
925 770 148 
893 684 929 
858 829 509 
737 645 947 
458 134 823 
526 827 873 
764 777 805 
224 745 15 
48 691 69 
522 155 218 
482 139 717 
395 736 259 
778 127 263 
272 521 148 
910 812 63 
357 549 416 
882 357 555 
653 419 786 
245 835 600 
174 524 42 
429 906 602 
45 135 747 
880 872 372 
542 303 206 
155 631 937 
477 588 165 
963 845 891 
618 970 539 
254 534 238 
700 200 291 
495 700 497 
500 563 519 
988 38 322 
439 142 168 
438 652 118 
431 978 705 
277 898 157 
787 202 485 
19 261 314 
920 737 230 
843 263 394 
388 364 397 
963 786 459 
521 728 581 
450 539 137 
156 543 312 
468 469 934 
968 576 373 
669 9 587 
504 979 821 
721 422 38 
430 81 462 
705 9 398 
444 974 424 
311 837 77 
666 483 324 
705 805 117 
918 203 628 
615 415 910 
499 310 247 
254 719 650 
735 77 19 
600 645 372 
28 198 504 
82 758 235 
589 452 400 
577 975 73 
363 231 133 
817 256 831 
142 481 558 
144 992 910 
939 257 149 
436 674 971 
567 369 603 
674 922 955 
288 344 967 
802 979 182 
850 747 477 
775 681 634 
49 379 341 
828 551 181 
389 518 661 
105 845 998 
272 494 6 
588 584 211 
630 884 241 
514 680 586 
982 406 71 
746 832 258 
645 116 524 
935 480 361 
962 225 363 
564 985 543 
906 576 273 
797 182 777 
96 239 977 
945 126 437 
700 739 236 
630 788 44 
479 754 284 
418 67 920 
939 860 122 
896 62 964 
76 478 240 
493 528 579 
109 437 176 
162 726 288 
234 972 47 
870 27 577 
997 330 863 
116 467 792 
11 609 51 
243 652 437 
281 960 0 
378 171 410 
513 342 869 
963 786 927 
538 11 362 
933 28 360 
358 819 596 
291 995 796 
845 850 49 
718 771 520 
507 238 849 
613 946 208 
416 731 425 
272 132 590 
36 90 231 
23 106 842 
505 118 57 
833 95 201 
592 430 456 
725 167 300 
399 663 443 
221 483 592 
711 939 618 
83 348 766 
771 884 400 
400 827 711 
133 665 680 
922 344 487 
673 88 714 
277 878 203 
395 223 580 
662 738 896 
417 980 873 
0 509 327 
525 53 489 
321 572 580 
314 904 623 
324 677 794 
999 432 63 
574 251 607 
4 706 783 
370 461 478 
617 809 399 
445 117 186 
390 563 225 
855 129 471 
314 394 190 
518 37 376 
406 593 418 
872 731 565 
386 567 886 
645 833 961 
966 22 358 
293 403 183 
296 213 696 
146 187 49 
750 171 224 
743 797 957 
810 289 685 
531 549 588 
123 226 833 
424 264 160 
636 648 691 
440 389 688 
511 574 116 
254 663 649 
128 119 293 
162 513 447 
714 920 803 
763 832 549 
492 39 371 
616 356 647 
397 943 515 
28 561 889 
762 206 768 
742 39 536 
487 292 827 
309 106 839 
808 116 945 
779 308 306 
392 561 739 
725 5 900 
777 225 171 
255 92 41 
699 685 167 
443 498 644 
147 688 989 
670 401 462 
361 238 331 
308 823 660 
696 370 452 
741 486 867 
679 410 593 
248 444 210 
730 322 173 
815 139 715 
752 522 414 
849 68 492 
85 264 221 
75 141 467 
751 493 460 
815 327 891 
417 100 348 
501 754 793 
789 854 928 
851 548 892 
792 449 8 
206 755 767 
904 666 852 
165 419 482 
649 796 21 
74 115 805 
124 761 320 
493 521 746 
40 232 361 
726 228 553 
899 407 994 
643 156 403 
125 127 710 
155 554 475 
823 336 853 
571 302 281 
146 271 808 
26 935 169 
856 733 238 
321 566 398 
169 727 510 
189 726 483 
689 485 2 
396 929 372 
346 20 5 
279 700 437 
716 508 940 
163 479 27 
410 68 71 
737 233 720 
150 914 411 
9 273 162 
623 687 122 
49 957 371 
877 41 360 
918 320 805 
954 437 245 
511 342 259 
636 78 158 
91 121 707 
52 104 798 
382 318 996 
601 842 419 
241 429 241 
913 71 294 
61 601 491 
822 861 899 
736 197 768 
83 716 533 
281 373 546 
227 286 12 
895 97 639 
830 691 321 
544 99 326 
540 347 204 
797 873 381 
721 664 681 
331 355 609 
574 993 184 
346 396 734 
380 275 64 
816 116 336 
61 415 670 
139 509 33 
613 531 620 
490 657 240 
345 813 443 
377 22 227 
366 700 758 
718 176 809 
390 899 159 
92 612 3 
721 542 964 
60 844 303 
530 232 517 
594 57 58 
76 884 122 
728 867 826 
872 217 311 
622 672 437 
648 485 967 
715 403 593 
819 459 934 
30 499 521 
891 355 195 
618 294 208 
519 431 513 
38 272 827 
831 798 805 
866 932 634 
673 912 187 
426 970 866 
234 461 570 
853 448 493 
134 642 7 
100 724 27 
621 936 193 
781 116 337 
640 953 256 
171 103 689 
481 725 276 
483 494 284 
60 565 978 
620 708 741 
699 941 137 
667 276 806 
753 199 765 
192 628 992 
289 233 285 
168 637 628 
227 497 896 
490 845 355 
637 559 186 
606 829 579 
885 495 346 
635 271 945 
542 171 567 
681 171 627 
348 429 372 
363 140 273 
23 596 197 
448 534 157 
584 932 363 
230 853 819 
817 861 1 
430 657 251 
285 950 914 
57 489 933 
826 988 645 
991 409 435 
335 955 445 
57 160 674 
143 427 433 
322 444 655 
436 727 944 
335 117 215 
45 425 239 
512 202 756 
147 217 927 
449 683 962 
532 811 268 
16 128 565 
66 673 983 
159 157 648 
597 900 993 
142 696 219 
12 477 802 
128 625 650 
883 799 897 
199 565 172 
313 794 97 
505 406 229 
207 853 37 
290 138 46 
503 531 562 
755 482 788 
483 808 627 
270 451 830 
102 672 569 
942 472 643 
361 874 836 
739 140 921 
2 526 524 
645 446 802 
676 315 500 
671 574 246 
409 205 103 
752 332 747 
949 838 956 
774 424 110 
675 171 174 
976 544 657 
49 654 306 
22 219 345 
688 124 762 
474 118 247 
998 762 946 
518 134 415 
493 115 387 
371 757 9 
149 274 822 
393 113 984 
561 785 444 
988 357 105 
177 237 601 
300 446 32 
75 888 237 
979 195 649 
462 201 505 
360 306 467 
990 755 18 
703 118 10 
214 767 42 
917 89 616 
892 637 545 
965 451 406 
525 368 759 
933 272 221 
14 996 570 
427 477 623 
509 72 698 
746 436 920 
70 209 472 
465 392 963 
84 885 844 
692 416 229 
939 622 76 
823 476 675 
362 92 600 
898 605 41 
739 411 433 
511 575 113 
784 665 954 
267 843 50 
655 798 314 
624 738 363 
930 649 645 
536 293 584 
296 62 376 
244 925 159 
149 829 593 
617 425 492 
295 580 184 
343 855 523 
652 5 163 
658 525 956 
473 381 482 
196 133 153 
829 551 502 
394 509 360 
977 831 173 
70 995 621 
874 835 423 
975 329 229 
271 247 967 
64 824 76 
386 821 374 
815 285 556 
94 891 617 
593 587 58 
294 870 623 
46 57 717 
659 435 191 
800 675 942 
704 759 432 
57 215 117 
257 238 157 
360 972 517 
990 643 909 
644 595 538 
265 202 518 
337 53 889 
909 40 279 
638 53 727 
750 269 679 
690 878 589 
992 426 459 
766 283 240 
239 123 481 
350 782 359 
281 36 622 
336 138 524 
597 539 829 
443 42 226 
551 276 469 
65 900 282 
323 17 408 
761 538 502 
22 90 963 
804 603 562 
757 385 181 
685 389 30 
286 436 947 
455 588 729 
265 269 730 
330 885 365 
945 946 757 
455 800 87 
162 964 580 
801 388 500 
720 689 253 
564 461 313 
243 201 492 
789 941 75 
200 966 382 
345 906 559 
879 661 44 
438 687 339 
759 585 782 
267 271 249 
71 217 435 
16 836 757 
339 411 587 
268 379 700 
677 195 788 
326 703 442 
962 229 674 
437 432 994 
86 930 622 
857 923 656 
373 519 575 
965 385 731 
388 281 149 
903 761 524 
133 803 672 
921 220 286 
464 526 430 
978 593 865 
688 11 500 
192 708 428 
837 453 768 
782 865 180 
190 413 746 
531 886 890 
385 917 47 
54 346 314 
988 802 459 
727 491 352 
31 693 426 
893 383 337 
890 886 280 
79 630 923 
888 28 292 
748 273 951 
489 543 960 
874 140 443 
79 3 328 
29 462 42 
517 380 321 
686 673 923 
643 208 207 
794 120 731 
137 633 783 
415 34 211 
783 705 196 
866 881 640 
248 197 67 
615 165 3 
916 114 535 
434 163 806 
184 841 650 
274 997 366 
784 716 695 
437 597 825 
426 813 566 
693 266 312 
488 555 88 
552 393 354 
181 233 642 
764 422 822 
304 883 749 
836 66 810 
584 365 357 
734 75 354 
19 936 920 
528 123 512 
911 21 641 
958 248 847 
438 40 421 
602 130 659 
589 100 422 
312 955 255 
934 990 149 
138 275 477 
112 972 567 
158 9 582 
833 460 470 
44 977 910 
747 408 374 
533 609 114 
426 789 825 
336 263 537 
470 734 595 
511 320 403 
558 989 980 
679 860 375 
929 212 846 
847 141 9 
931 311 470 
989 532 789 
701 374 949 
852 149 390 
992 923 970 
974 51 548 
420 858 937 
459 658 489 
39 33 955 
455 388 284 
727 176 667 
948 332 659 
158 781 974 
849 32 28 
710 441 724 
48 986 946 
620 119 85 
796 578 250 
389 723 42 
101 523 985 
408 743 112 
6 790 482 
858 247 550 
456 6 504 
510 315 343 
775 393 750 
404 623 977 
133 832 189 
395 421 579 
59 563 122 
574 943 102 
788 164 343 
295 821 140 
627 17 321 
890 342 843 
10 341 682 
857 936 467 
784 839 561 
345 881 265 
194 431 316 
381 826 256 
677 434 919 
839 109 82 
488 964 820 
387 254 814 
912 419 352 
715 512 993 
794 547 881 
41 688 67 
148 831 308 
565 659 501 
594 148 246 
471 613 125 
455 652 864 
921 869 327 
691 519 889 
683 239 726 
75 677 664 
16 855 603 
622 515 66 
851 400 841 
435 134 494 
255 904 11 
545 890 518 
47 121 429 
164 410 690 
887 565 374 
292 146 720 
153 582 230 
78 137 343 
