769 418 134 
961 261 418 
833 678 246 
800 709 665 
14 863 955 
890 380 833 
584 63 104 
688 632 948 
291 469 379 
262 916 84 
149 452 639 
522 276 610 
689 668 554 
283 238 758 
202 370 475 
821 384 269 
384 714 569 
951 997 731 
194 521 901 
503 940 308 
80 893 668 
349 874 98 
697 893 505 
541 407 316 
652 137 176 
906 54 870 
730 450 858 
132 548 507 
521 470 250 
275 990 15 
568 514 315 
867 850 17 
101 740 994 
710 945 48 
819 685 170 
763 826 460 
835 407 533 
219 598 420 
475 318 79 
149 235 480 
363 801 833 
902 826 482 
771 133 19 
406 290 81 
607 976 699 
115 149 755 
149 261 693 
786 285 965 
136 838 781 
677 556 236 
19 147 230 
490 733 642 
136 967 651 
995 946 924 
173 729 836 
107 603 280 
609 186 803 
41 40 372 
61 765 84 
308 771 331 
380 271 676 
64 148 485 
863 394 706 
323 877 569 
173 417 919 
42 502 27 
871 18 923 
534 130 747 
825 113 394 
414 391 93 
314 709 98 
578 499 179 
858 663 860 
211 291 37 
718 26 167 
913 493 194 
553 909 130 
924 261 538 
101 512 3 
468 800 244 
163 626 839 
439 26 848 
876 921 962 
443 431 257 
464 800 770 
634 126 457 
594 635 841 
701 489 674 
557 131 313 
164 916 515 
731 939 349 
1 957 932 
705 647 50 
36 753 261 
412 279 764 
976 981 909 
293 828 426 
754 736 407 
24 552 517 
196 673 234 
317 289 591 
487 41 966 
113 562 891 
433 291 146 
340 250 839 
11 772 568 
2 760 408 
455 162 906 
773 599 955 
178 394 802 
73 623 596 
177 527 965 
340 619 446 
658 131 804 
865 278 213 
542 677 910 
51 150 990 
189 626 469 
237 608 314 
609 246 964 
977 208 53 
463 365 497 
640 919 376 
407 32 403 
805 306 905 
412 306 963 
393 783 422 
124 565 754 
977 434 471 
104 307 305 
60 251 516 
178 265 173 
291 891 502 
291 11 379 
43 887 935 
824 79 712 
61 7 431 
200 48 952 
163 114 232 
851 244 501 
13 602 642 
282 937 293 
466 126 235 
548 557 580 
335 701 339 
954 450 722 
854 358 124 
358 460 798 
614 524 772 
745 19 867 
329 764 515 
746 292 213 
331 564 955 
502 232 480 
888 86 849 
961 813 978 
237 428 923 
419 505 283 
346 212 852 
741 947 395 
942 655 889 
89 970 196 
118 552 677 
532 9 48 
359 860 644 
453 390 889 
924 873 393 
314 627 490 
370 66 207 
703 621 479 
805 812 53 
458 784 135 
62 763 403 
631 965 184 
943 441 147 
473 997 158 
80 780 749 
124 509 664 
663 686 778 
176 591 475 
582 574 350 
993 924 713 
227 643 418 
468 768 918 
69 188 281 
788 305 942 
407 371 501 
363 699 158 
507 106 918 
445 620 528 
84 755 714 
198 130 164 
663 670 965 
89 883 939 
761 714 739 
765 499 790 
916 702 70 
770 360 684 
569 492 151 
203 626 450 
110 318 708 
148 653 730 
932 699 106 
392 762 244 
228 884 410 
517 746 870 
929 395 481 
397 965 998 
436 547 502 
114 182 793 
305 722 347 
303 675 98 
540 600 753 
297 378 872 
238 425 593 
51 279 245 
382 500 480 
351 84 38 
201 443 439 
27 27 635 
107 958 909 
351 551 55 
987 696 371 
507 101 802 
329 260 822 
476 960 668 
947 117 178 
178 923 69 
160 575 142 
781 132 544 
566 740 867 
344 866 767 
725 312 762 
531 581 150 
276 938 868 
560 469 608 
994 371 939 
97 972 157 
295 922 633 
634 888 184 
502 831 122 
48 914 793 
990 516 523 
961 979 471 
191 270 394 
438 943 239 
271 978 638 
500 131 486 
79 95 214 
497 356 805 
2 297 779 
51 132 925 
811 990 851 
876 356 99 
10 727 700 
728 626 32 
118 213 352 
950 949 994 
959 934 39 
863 374 807 
621 18 18 
874 838 336 
990 405 898 
427 854 978 
356 444 228 
968 673 486 
481 782 974 
143 597 967 
622 307 642 
911 600 406 
131 584 623 
62 706 433 
827 11 198 
12 772 4 
603 59 359 
768 444 6 
778 397 115 
267 985 640 
609 58 771 
561 730 716 
326 450 727 
640 886 973 
831 321 757 
991 591 399 
941 269 782 
929 721 961 
22 532 569 
537 980 579 
60 308 561 
75 912 82 
785 633 853 
967 272 610 
159 835 388 
854 722 761 
318 522 888 
570 218 865 
750 310 414 
431 85 750 
928 826 244 
176 327 253 
866 112 563 
706 9 360 
937 411 510 
52 255 764 
149 228 422 
345 962 31 
757 776 42 
624 945 787 
64 576 986 
508 91 720 
49 933 492 
960 630 3 
990 889 22 
190 134 620 
674 360 850 
565 59 79 
318 735 889 
81 769 421 
498 467 390 
146 183 742 
383 686 738 
246 355 390 
52 264 344 
103 836 824 
236 574 282 
460 757 575 
377 545 801 
256 266 816 
407 593 453 
164 220 874 
115 538 858 
344 959 486 
811 214 299 
686 955 397 
678 965 155 
144 435 582 
450 582 381 
123 822 460 
734 617 248 
302 935 545 
566 994 250 
230 418 346 
147 622 543 
412 749 384 
707 751 624 
96 568 76 
424 361 21 
607 642 472 
474 296 591 
760 392 323 
307 568 215 
552 399 709 
977 847 818 
213 947 340 
278 290 980 
482 727 974 
230 560 590 
761 26 173 
572 605 640 
633 26 786 
540 649 517 
899 163 702 
391 755 213 
467 8 749 
597 2 940 
544 67 874 
478 483 314 
782 674 874 
829 885 23 
557 693 425 
835 585 614 
614 561 966 
792 697 854 
829 368 691 
546 507 918 
633 121 446 
106 529 801 
522 64 731 
821 969 738 
41 504 173 
244 53 142 
19 763 926 
684 598 791 
838 848 301 
360 754 203 
82 364 535 
154 128 902 
846 788 312 
803 875 374 
664 477 376 
370 545 130 
577 630 643 
967 444 585 
935 726 863 
664 617 592 
85 551 720 
371 918 995 
563 371 906 
484 785 23 
194 711 61 
43 476 689 
100 635 569 
961 317 375 
236 292 213 
921 905 716 
907 195 63 
530 142 118 
299 168 457 
390 259 891 
928 305 740 
118 939 654 
329 730 812 
522 344 401 
277 5 538 
818 835 515 
175 110 225 
911 556 665 
67 10 371 
556 784 697 
4 496 90 
485 437 229 
726 203 555 
360 586 435 
940 643 440 
830 123 942 
430 145 31 
443 710 39 
665 807 513 
490 8 980 
731 609 762 
596 955 486 
169 680 778 
870 759 239 
893 163 544 
186 408 759 
331 668 657 
198 956 334 
318 806 73 
768 205 227 
239 268 862 
547 360 917 
110 216 571 
341 963 52 
569 107 215 
142 447 907 
475 570 157 
568 481 695 
922 589 710 
34 593 241 
826 153 36 
648 829 553 
347 918 64 
480 777 798 
189 215 500 
217 629 727 
623 787 676 
181 357 447 
898 40 540 
98 64 454 
444 493 253 
590 195 804 
349 745 574 
491 261 138 
789 80 957 
844 100 324 
378 155 170 
932 23 970 
664 836 887 
988 663 850 
690 326 78 
0 994 817 
223 435 784 
749 605 897 
656 633 221 
983 318 776 
269 64 459 
637 573 354 
256 495 441 
979 470 711 
888 609 335 
766 204 78 
252 300 710 
594 940 611 
197 491 718 
642 971 223 
620 325 916 
130 908 258 
940 99 123 
798 788 664 
168 206 857 
586 699 610 
425 468 16 
907 714 821 
460 853 249 
805 563 160 
252 12 27 
753 789 293 
448 709 51 
65 69 221 
862 528 396 
204 471 619 
818 750 10 
845 954 611 
753 648 436 
249 182 787 
698 176 500 
585 455 814 
883 933 436 
715 334 833 
560 991 51 
94 652 727 
246 374 904 
598 866 525 
333 216 749 
422 736 394 
487 730 904 
485 167 27 
524 58 730 
598 516 407 
57 591 770 
887 365 527 
12 544 410 
672 154 726 
885 985 806 
709 988 276 
669 803 592 
837 888 684 
457 878 871 
151 375 829 
387 630 96 
767 486 875 
930 285 714 
581 727 61 
842 986 608 
444 569 102 
680 582 477 
890 718 424 
856 952 462 
797 179 659 
61 661 470 
603 398 244 
896 342 558 
974 320 466 
945 912 926 
750 846 98 
681 953 182 
144 582 34 
580 928 961 
718 610 422 
868 552 664 
98 569 811 
713 747 437 
883 900 261 
819 594 859 
142 801 742 
980 231 651 
847 122 174 
539 775 791 
544 738 874 
624 699 966 
356 301 153 
415 306 787 
568 919 936 
392 639 118 
362 875 27 
807 766 269 
512 811 38 
288 115 392 
340 866 452 
237 703 670 
937 173 786 
511 965 341 
419 18 887 
76 248 831 
735 470 133 
827 939 596 
955 134 464 
676 746 316 
844 153 223 
466 136 959 
121 966 739 
405 189 267 
546 775 706 
16 660 270 
551 740 337 
887 728 81 
826 133 151 
394 347 859 
550 433 717 
730 811 297 
161 851 925 
573 79 402 
147 724 676 
328 596 178 
338 443 129 
260 969 836 
70 351 851 
20 999 829 
45 612 751 
285 50 168 
772 198 706 
927 55 832 
71 945 95 
39 408 61 
917 748 46 
518 826 290 
660 338 636 
970 595 519 
687 164 307 
330 465 770 
686 389 422 
98 23 708 
218 913 296 
837 461 574 
793 170 184 
826 868 579 
301 506 780 
876 597 710 
710 609 748 
258 512 986 
150 486 647 
255 565 483 
60 113 122 
605 246 610 
953 176 739 
370 305 816 
15 623 192 
409 672 176 
710 935 320 
318 344 259 
625 408 469 
587 439 937 
669 957 302 
528 124 576 
597 236 582 
534 682 298 
749 282 165 
836 998 874 
985 736 66 
481 453 802 
320 948 80 
7 864 438 
523 327 386 
707 720 198 
132 94 440 
263 490 623 
979 493 352 
76 376 584 
635 866 221 
824 70 920 
400 762 961 
760 915 244 
235 388 142 
933 184 153 
887 806 221 
114 636 200 
928 164 985 
920 957 393 
885 382 68 
652 167 750 
390 440 758 
536 877 820 
13 538 467 
439 422 512 
491 68 477 
605 620 122 
293 489 972 
635 281 367 
105 935 16 
170 251 700 
403 363 485 
348 451 778 
18 299 411 
270 28 532 
421 778 487 
359 952 151 
940 209 903 
216 394 79 
45 622 719 
48 428 40 
453 615 598 
662 295 714 
138 690 674 
266 904 636 
201 535 160 
153 464 550 
388 175 890 
626 957 920 
334 973 283 
824 324 737 
431 796 534 
640 106 321 
81 628 553 
422 387 252 
584 72 38 
83 194 344 
242 702 651 
770 121 506 
277 381 764 
256 438 818 
964 839 923 
267 66 724 
534 809 903 
31 106 746 
495 973 807 
53 816 894 
217 611 282 
731 803 468 
318 478 761 
699 584 245 
915 511 1 
116 813 319 
5 94 243 
250 492 88 
410 816 868 
122 850 56 
931 923 559 
758 426 687 
359 816 717 
320 502 678 
862 527 932 
237 738 933 
361 462 796 
42 15 511 
453 121 437 
53 237 182 
52 244 874 
421 73 678 
527 217 427 
611 513 757 
79 931 467 
626 344 117 
33 790 698 
851 81 573 
117 989 573 
823 942 750 
933 502 481 
262 890 529 
803 101 405 
786 244 865 
758 881 810 
933 25 763 
192 198 506 
731 165 826 
257 554 225 
671 465 302 
459 374 346 
389 253 106 
654 892 89 
961 689 280 
693 893 89 
640 825 263 
389 381 953 
170 210 559 
638 671 224 
86 591 602 
428 346 214 
856 383 223 
317 860 395 
864 166 717 
637 534 930 
732 294 918 
217 799 427 
845 208 862 
597 504 857 
495 275 724 
228 106 939 
414 844 323 
47 777 540 
751 980 42 
903 476 902 
825 879 970 
712 310 550 
624 912 350 
768 677 478 
817 618 572 
884 272 227 
987 713 608 
384 576 856 
662 910 71 
150 678 920 
845 217 892 
241 666 179 
382 435 951 
438 316 238 
92 745 525 
36 868 753 
23 153 320 
931 715 128 
732 957 691 
800 770 308 
936 493 153 
720 436 667 
633 692 969 
646 222 498 
756 197 511 
43 418 548 
538 228 621 
920 926 964 
530 38 260 
962 899 173 
906 571 868 
362 589 809 
924 449 155 
135 906 529 
651 825 529 
649 825 832 
290 926 978 
35 668 990 
192 689 851 
919 866 667 
242 729 484 
671 526 506 
894 382 336 
432 955 207 
862 89 457 
885 112 798 
871 51 426 
918 616 496 
426 863 115 
654 200 495 
260 132 901 
528 499 3 
257 770 839 
613 925 731 
182 121 2 
705 891 115 
476 440 757 
9 766 831 
176 305 379 
717 395 702 
822 241 69 
353 15 199 
436 995 843 
326 964 704 
150 270 472 
16 528 55 
448 896 201 
388 791 333 
642 759 887 
376 594 766 
803 877 817 
667 265 406 
565 441 723 
324 238 466 
113 173 280 
941 268 161 
285 557 665 
798 812 509 
296 444 386 
264 847 715 
531 213 552 
600 77 623 
45 71 442 
890 763 226 
32 345 930 
879 334 173 
151 503 885 
136 419 747 
808 984 420 
849 394 415 
286 69 715 
646 638 475 
126 194 155 
520 18 447 
113 936 563 
649 435 169 
820 361 196 
839 668 212 
515 801 458 
696 313 385 
878 815 511 
17 501 262 
776 497 760 
263 329 949 
738 371 809 
58 180 204 
817 833 223 
229 457 332 
765 245 699 
334 229 784 
177 912 73 
686 862 133 
638 464 427 
766 239 772 
161 922 133 
858 486 5 
623 982 878 
402 746 534 
823 763 294 
510 985 53 
445 279 272 
728 433 758 
656 108 640 
592 707 304 
222 299 857 
955 696 664 
133 589 304 
533 816 616 
586 215 845 
608 834 540 
392 305 527 
942 332 856 
512 236 479 
898 482 83 
572 440 75 
929 660 516 
414 210 746 
165 307 555 
962 406 570 
428 445 774 
204 627 52 
64 103 795 
566 498 660 
852 777 594 
686 347 817 
540 448 794 
503 209 795 
859 432 282 
820 965 432 
170 87 25 
244 945 474 
863 386 581 
759 369 93 
386 343 689 
136 962 680 
846 886 648 
531 10 692 
374 628 199 
788 935 807 
991 503 263 
507 619 318 
638 558 371 
932 795 613 
709 59 997 
926 416 922 
405 20 416 
384 943 94 
476 465 984 
933 386 890 
385 55 813 
313 193 69 
797 22 569 
701 189 608 
656 517 625 
77 423 789 
622 554 135 
111 603 563 
238 334 181 
984 545 464 
601 317 59 
58 235 4 
388 894 219 
904 733 363 
687 561 415 
490 347 655 
819 136 204 
20 236 853 
909 219 985 
31 257 391 
190 595 159 
570 778 82 
548 403 196 
956 106 162 
502 172 589 
563 132 680 
662 748 270 
963 297 317 
224 672 513 
283 267 685 
652 353 940 
802 385 332 
882 557 837 
274 517 459 
477 222 914 
932 829 706 
747 252 511 
257 411 954 
112 543 95 
655 780 160 
8 620 497 
186 149 472 
137 129 806 
165 306 469 
779 342 264 
889 842 511 
457 354 600 
617 129 530 
638 480 612 
632 685 939 
545 182 405 
640 742 199 
318 785 157 
419 618 791 
214 992 26 
857 287 966 
20 377 287 
679 94 371 
880 570 613 
995 818 251 
