49 777 8 
163 482 403 
282 385 735 
297 386 155 
812 829 543 
482 90 919 
395 218 762 
469 72 598 
159 859 268 
996 305 848 
359 674 133 
492 181 692 
786 209 615 
724 206 70 
940 932 935 
618 133 546 
134 931 654 
449 990 867 
409 816 115 
579 884 73 
885 879 818 
80 867 870 
592 454 668 
636 669 417 
840 709 716 
505 461 80 
647 578 335 
862 81 257 
343 230 413 
941 283 159 
197 340 230 
465 619 239 
214 520 699 
378 556 510 
465 364 457 
251 263 991 
947 604 55 
421 775 77 
639 184 24 
460 994 83 
157 852 730 
98 265 602 
604 98 52 
392 468 599 
191 404 727 
985 909 340 
272 738 325 
200 850 814 
43 963 908 
519 558 743 
794 645 100 
461 152 102 
594 734 34 
103 216 505 
406 71 329 
322 107 676 
648 34 851 
989 325 305 
148 443 391 
789 612 661 
588 253 578 
647 4 982 
58 293 332 
777 744 89 
710 152 406 
31 261 19 
816 330 262 
196 165 69 
994 770 8 
888 968 526 
932 652 463 
960 918 893 
569 940 332 
771 124 319 
436 829 290 
552 671 331 
160 373 900 
726 27 715 
672 190 902 
313 907 575 
984 450 855 
593 907 5 
914 811 639 
571 258 140 
405 932 24 
413 800 454 
501 606 885 
435 969 99 
891 621 922 
851 565 393 
665 285 901 
598 257 904 
659 16 289 
437 530 293 
265 227 684 
843 769 231 
124 837 868 
973 913 296 
227 583 10 
974 295 217 
156 238 638 
119 489 293 
910 324 203 
741 208 424 
991 608 716 
172 772 426 
410 373 818 
841 145 555 
23 234 608 
5 476 152 
761 548 7 
259 606 440 
786 643 259 
418 520 40 
835 191 744 
352 687 357 
202 99 489 
637 374 575 
567 598 516 
307 786 674 
301 714 374 
143 281 430 
164 860 290 
997 619 349 
926 429 318 
101 370 192 
791 880 721 
588 616 178 
92 738 666 
647 539 352 
478 632 426 
101 585 159 
622 809 502 
31 687 127 
835 330 880 
687 92 433 
9 780 982 
234 678 759 
228 129 768 
942 270 733 
481 909 912 
917 445 575 
295 711 268 
513 285 293 
347 611 709 
989 291 316 
979 716 809 
145 418 46 
300 705 809 
332 694 608 
232 906 881 
710 4 916 
363 644 674 
372 244 594 
400 315 836 
64 855 890 
730 647 709 
579 143 386 
591 441 344 
758 19 448 
474 276 75 
835 520 47 
694 377 64 
7 128 602 
36 768 610 
643 941 383 
412 844 441 
435 359 147 
677 612 919 
527 46 42 
53 714 504 
716 611 3 
858 700 577 
888 401 468 
564 165 224 
295 494 955 
17 726 369 
672 430 829 
396 806 808 
882 272 667 
145 777 77 
533 621 703 
589 959 650 
41 178 45 
296 543 563 
128 51 651 
889 862 678 
744 936 345 
114 113 338 
482 485 392 
181 714 805 
303 197 205 
299 574 196 
395 732 346 
741 572 394 
94 560 16 
154 168 727 
768 439 74 
47 580 884 
404 315 754 
670 315 395 
376 15 504 
553 654 839 
927 412 939 
925 506 549 
370 148 410 
223 24 33 
706 84 821 
8 671 850 
925 565 656 
420 706 680 
470 533 192 
883 472 727 
588 341 822 
993 946 641 
967 768 145 
744 753 84 
445 274 588 
147 786 996 
228 267 239 
628 922 145 
918 808 469 
967 815 596 
642 905 956 
18 685 880 
116 75 171 
568 47 404 
622 828 267 
580 92 465 
897 401 492 
672 855 171 
973 541 75 
928 877 453 
376 151 804 
540 888 296 
91 124 591 
808 403 258 
527 234 366 
778 758 73 
620 930 880 
322 371 860 
409 478 119 
646 475 342 
658 747 161 
983 944 4 
830 612 705 
129 517 467 
972 569 782 
624 412 690 
97 173 489 
98 522 395 
478 844 833 
178 499 214 
516 836 879 
974 532 664 
491 325 969 
939 821 636 
675 25 24 
539 254 840 
708 857 288 
869 976 669 
891 520 921 
242 18 795 
812 666 961 
912 0 218 
53 264 745 
34 37 167 
579 552 700 
45 932 434 
308 56 563 
993 305 973 
691 230 759 
245 126 844 
344 724 232 
45 646 597 
529 217 809 
600 182 449 
878 654 598 
881 605 156 
956 443 189 
450 917 553 
30 592 223 
106 778 38 
27 526 289 
249 633 5 
863 590 799 
401 268 447 
174 892 737 
322 306 739 
938 641 899 
354 628 868 
900 522 380 
234 680 949 
865 439 164 
522 783 167 
236 820 937 
297 926 261 
570 695 765 
871 384 561 
83 747 902 
441 975 587 
741 961 423 
537 110 480 
921 11 278 
580 36 822 
302 970 102 
63 774 185 
833 713 726 
172 215 792 
601 693 46 
172 470 383 
195 329 92 
589 855 651 
673 286 808 
343 151 585 
63 853 228 
877 513 490 
908 385 644 
209 5 299 
712 913 439 
244 647 266 
30 120 322 
265 877 355 
634 540 889 
743 488 87 
231 802 161 
644 355 485 
370 584 214 
567 364 722 
635 815 35 
552 318 1 
25 522 97 
831 466 167 
925 753 427 
774 777 880 
940 629 18 
452 928 389 
495 445 613 
727 120 806 
812 591 635 
109 94 879 
482 55 304 
79 28 209 
301 615 278 
682 343 647 
558 380 674 
262 708 809 
661 918 230 
986 637 961 
550 914 200 
949 378 321 
523 962 471 
940 513 981 
795 802 568 
45 134 634 
929 298 52 
880 212 245 
586 566 478 
434 42 999 
336 443 540 
935 965 839 
51 990 696 
703 602 203 
279 344 761 
61 680 924 
176 13 342 
339 710 719 
200 832 166 
559 558 862 
847 209 17 
617 703 744 
182 616 131 
184 847 656 
925 672 614 
37 59 86 
951 385 448 
654 825 895 
233 846 944 
401 606 785 
354 837 482 
131 227 814 
713 299 408 
919 646 820 
909 514 790 
750 771 847 
428 907 706 
320 330 483 
246 729 225 
416 409 629 
749 542 765 
931 7 706 
68 135 240 
451 174 981 
631 758 166 
361 176 571 
722 866 474 
805 596 301 
810 183 890 
493 841 898 
871 695 327 
531 331 820 
378 849 94 
680 599 932 
188 640 716 
849 318 345 
335 770 637 
786 991 890 
443 371 749 
190 584 359 
958 407 22 
525 320 117 
393 869 102 
309 190 61 
850 162 967 
739 910 410 
961 421 263 
303 418 44 
639 894 642 
535 790 996 
637 180 203 
364 49 193 
468 374 211 
65 928 274 
33 394 269 
561 283 106 
236 476 122 
162 365 814 
37 595 743 
492 557 133 
672 645 852 
623 398 141 
318 832 536 
955 459 724 
148 634 633 
906 317 629 
746 698 184 
4 623 340 
651 931 465 
412 619 633 
199 785 193 
78 889 780 
449 341 448 
462 262 793 
392 306 173 
412 715 338 
220 306 394 
846 327 613 
843 519 895 
650 938 257 
31 384 469 
223 340 905 
481 32 880 
56 178 95 
700 210 203 
128 320 962 
114 830 168 
85 927 250 
876 236 905 
478 204 519 
933 312 286 
958 684 874 
710 259 383 
638 296 995 
322 934 365 
340 586 241 
272 681 236 
306 300 528 
372 147 148 
348 919 999 
606 502 237 
4 997 734 
734 503 337 
200 256 866 
477 586 570 
144 773 482 
728 434 106 
212 308 474 
476 896 37 
628 275 586 
391 68 1 
531 551 226 
647 573 872 
490 699 308 
631 552 227 
952 95 713 
257 823 90 
61 882 559 
341 193 436 
345 71 953 
356 593 350 
746 826 610 
494 460 657 
127 254 927 
239 483 864 
621 333 810 
117 477 643 
105 499 224 
964 408 877 
700 977 600 
437 142 676 
126 824 28 
139 791 774 
537 311 679 
108 889 305 
578 528 204 
800 939 505 
352 89 994 
800 70 147 
640 390 551 
741 127 948 
376 359 757 
953 736 666 
703 116 458 
941 745 830 
341 781 939 
138 721 671 
688 284 77 
957 352 44 
628 756 477 
598 365 750 
379 375 913 
976 705 941 
216 962 764 
715 44 102 
554 128 807 
15 27 155 
857 295 884 
653 649 205 
558 363 748 
714 995 295 
52 470 776 
266 824 4 
270 288 425 
535 379 679 
412 583 822 
965 915 331 
407 134 847 
68 780 543 
432 572 488 
90 892 530 
429 518 182 
811 571 770 
342 231 929 
30 415 445 
392 813 501 
531 872 795 
285 358 697 
504 607 914 
331 278 550 
518 737 76 
896 200 456 
535 976 601 
342 290 281 
12 142 90 
605 152 352 
641 908 583 
644 885 712 
586 663 491 
229 172 118 
493 70 616 
199 38 930 
727 848 790 
14 914 727 
559 12 776 
120 50 705 
548 149 406 
4 647 103 
398 809 989 
147 454 318 
535 176 90 
653 148 701 
155 928 620 
216 455 443 
259 184 779 
963 431 956 
968 525 534 
356 664 305 
390 829 755 
292 162 315 
338 341 910 
230 911 47 
704 775 159 
773 539 428 
526 269 721 
239 949 635 
964 469 146 
982 481 50 
628 647 737 
601 208 965 
749 217 29 
230 390 204 
754 752 679 
9 511 382 
735 169 750 
726 775 110 
655 423 652 
247 362 159 
537 273 325 
90 420 448 
290 464 875 
723 883 477 
35 5 933 
828 829 63 
118 829 237 
650 341 907 
137 523 885 
723 458 520 
405 94 522 
583 695 95 
890 589 67 
344 94 235 
143 591 760 
941 405 518 
622 269 145 
88 65 44 
757 7 747 
608 667 379 
340 977 711 
269 960 806 
911 17 472 
533 791 114 
44 607 437 
215 98 241 
334 723 454 
767 827 275 
63 899 388 
472 841 875 
183 820 91 
209 900 945 
407 548 336 
173 986 659 
596 778 216 
602 434 978 
61 373 564 
399 498 297 
448 912 946 
978 948 520 
103 919 946 
297 862 490 
296 494 268 
483 247 334 
371 732 877 
675 358 791 
537 466 525 
468 187 766 
228 287 845 
837 22 846 
426 516 202 
127 466 942 
39 704 103 
159 90 49 
599 440 672 
939 78 371 
594 172 79 
45 13 26 
366 891 474 
653 422 693 
425 58 746 
480 404 441 
674 744 859 
752 932 530 
572 160 668 
335 909 877 
458 188 704 
396 383 222 
761 893 315 
564 551 191 
821 549 661 
506 680 512 
339 328 479 
282 150 733 
621 897 888 
326 163 367 
533 878 783 
555 52 370 
917 786 367 
158 61 19 
567 681 448 
159 142 428 
312 695 426 
816 684 144 
91 140 228 
753 474 846 
23 477 13 
225 823 292 
803 996 894 
972 881 284 
127 644 110 
823 603 113 
273 449 734 
746 805 629 
197 230 295 
953 31 398 
724 459 805 
92 945 770 
23 650 136 
749 381 104 
435 256 710 
317 513 462 
41 102 754 
360 718 733 
233 378 143 
257 125 559 
104 867 867 
675 176 105 
404 438 203 
707 511 753 
974 674 203 
745 599 656 
386 712 206 
539 909 618 
915 708 528 
29 613 500 
226 930 84 
29 148 433 
757 62 11 
73 16 97 
580 164 686 
191 699 512 
812 139 143 
434 199 355 
637 830 907 
298 992 953 
380 515 882 
399 336 56 
18 617 479 
385 754 118 
383 513 35 
634 337 705 
367 772 522 
312 547 537 
159 274 815 
70 664 916 
964 850 431 
26 49 210 
126 952 105 
662 234 613 
356 809 343 
838 568 623 
753 575 508 
95 285 867 
26 175 162 
140 783 62 
808 222 816 
780 43 918 
570 78 787 
161 485 326 
395 511 110 
200 331 342 
712 719 941 
602 134 557 
721 874 832 
825 589 310 
744 323 37 
316 272 947 
858 914 601 
360 362 286 
82 828 917 
498 419 708 
111 619 789 
934 462 136 
873 795 98 
103 665 436 
3 691 31 
336 708 722 
512 243 451 
547 868 875 
185 597 317 
508 908 810 
529 603 94 
186 397 360 
106 884 392 
516 419 983 
682 394 745 
255 391 570 
65 99 180 
952 295 811 
53 508 163 
711 992 690 
61 579 834 
81 118 63 
699 617 101 
514 984 181 
546 590 726 
801 258 254 
438 357 896 
565 489 862 
285 632 393 
702 179 707 
913 762 619 
826 674 978 
497 173 659 
197 609 623 
613 418 41 
856 536 867 
555 501 877 
908 269 217 
394 130 894 
438 867 678 
559 700 259 
632 155 538 
598 784 597 
34 866 544 
853 597 770 
958 350 280 
350 254 935 
295 91 475 
156 94 330 
606 296 303 
296 655 233 
269 338 472 
864 255 626 
298 268 792 
106 550 378 
739 148 142 
995 43 899 
884 674 177 
898 312 840 
271 391 327 
366 673 220 
742 902 291 
522 62 95 
445 170 626 
211 780 1 
620 606 626 
62 53 53 
789 564 715 
433 29 135 
292 343 631 
285 353 341 
775 906 422 
267 906 951 
662 451 89 
657 252 206 
841 754 260 
821 152 862 
223 353 402 
147 557 927 
193 493 693 
147 307 790 
712 480 21 
327 876 10 
670 790 429 
424 534 220 
149 913 637 
832 187 730 
688 213 858 
705 286 414 
616 265 40 
634 463 650 
967 15 977 
860 864 207 
492 968 122 
9 821 307 
488 566 664 
136 834 66 
550 529 438 
842 143 754 
676 528 503 
714 911 615 
813 334 183 
781 606 284 
819 205 449 
585 483 726 
91 39 412 
196 570 471 
645 665 591 
295 647 87 
325 615 121 
844 726 854 
752 955 956 
596 590 803 
740 676 410 
358 551 313 
245 712 227 
873 453 226 
295 953 474 
610 99 303 
565 913 749 
966 753 200 
712 738 473 
128 399 888 
833 373 576 
833 521 766 
595 483 764 
275 865 436 
543 611 386 
500 261 666 
815 789 574 
203 494 738 
488 720 899 
433 110 163 
795 990 356 
879 852 710 
669 480 169 
349 988 332 
10 740 462 
92 495 346 
529 867 973 
158 486 226 
314 967 609 
598 466 296 
241 791 291 
882 515 541 
558 480 441 
993 932 425 
480 125 424 
110 991 425 
76 169 315 
715 459 405 
743 962 61 
784 281 520 
969 962 928 
929 844 928 
242 156 632 
602 801 221 
905 949 749 
436 240 813 
269 982 186 
75 431 61 
627 639 823 
543 132 914 
740 344 380 
307 950 197 
682 660 492 
350 480 536 
858 383 659 
619 407 916 
311 574 780 
102 239 701 
849 53 555 
631 290 852 
730 74 230 
188 783 960 
456 694 616 
282 782 681 
296 951 495 
604 983 712 
522 784 407 
772 769 701 
335 107 140 
200 957 706 
754 942 812 
170 747 199 
901 948 728 
521 730 605 
508 224 94 
386 580 479 
392 409 25 
654 758 523 
463 929 237 
905 134 64 
775 714 733 
848 606 647 
638 5 508 
196 844 570 
341 579 706 
487 948 710 
277 422 819 
840 609 490 
558 168 730 
596 702 835 
49 323 779 
998 222 743 
643 389 420 
43 311 803 
968 284 445 
246 3 58 
184 918 583 
787 147 74 
510 270 693 
678 598 490 
37 853 497 
748 607 23 
705 911 71 
472 281 907 
202 933 126 
100 197 315 
252 334 837 
598 613 314 
869 563 948 
32 133 546 
264 817 607 
683 428 15 
110 772 883 
283 703 364 
265 643 210 
263 924 686 
9 903 353 
501 518 867 
339 296 996 
190 751 202 
676 591 499 
219 32 641 
116 920 259 
798 999 40 
359 733 31 
237 641 908 
29 509 199 
660 518 325 
