255 456 146 
168 830 420 
510 866 404 
207 672 357 
938 149 875 
496 664 966 
414 820 976 
201 446 486 
169 912 187 
497 959 327 
311 763 592 
929 523 178 
402 146 884 
171 831 339 
2 399 306 
109 473 427 
148 637 833 
322 79 192 
680 529 924 
691 88 486 
543 98 507 
886 848 459 
249 194 397 
582 924 989 
898 715 451 
389 971 976 
939 539 400 
726 988 568 
967 519 63 
999 632 894 
477 1 961 
42 827 104 
762 192 746 
780 475 501 
355 156 1 
157 943 586 
311 683 868 
517 409 805 
123 595 204 
458 30 971 
210 315 432 
381 1 916 
69 615 939 
462 904 164 
656 314 627 
563 255 459 
193 402 564 
529 328 788 
931 886 578 
654 35 614 
178 754 469 
968 347 558 
276 283 788 
148 238 839 
448 911 448 
850 67 151 
265 747 142 
369 901 78 
819 686 417 
148 508 5 
670 895 62 
624 918 983 
331 256 492 
660 997 862 
216 704 934 
871 512 160 
388 539 874 
615 130 555 
517 591 642 
340 256 37 
975 84 154 
23 414 448 
920 869 84 
607 222 178 
306 111 45 
501 918 498 
882 72 700 
348 670 540 
457 436 666 
199 624 437 
995 83 477 
520 867 116 
214 871 168 
350 722 320 
654 833 49 
164 479 930 
540 491 155 
775 286 750 
643 726 167 
865 46 154 
553 643 399 
380 675 707 
198 146 403 
977 458 206 
496 966 80 
958 422 280 
421 51 147 
750 567 328 
702 413 882 
809 567 309 
551 213 433 
843 431 18 
204 51 429 
4 224 737 
537 529 52 
452 888 36 
11 489 817 
212 744 959 
923 672 880 
84 34 465 
382 316 144 
404 981 512 
72 10 806 
411 517 862 
265 364 609 
795 392 520 
770 872 70 
376 159 296 
495 699 249 
562 969 752 
196 410 824 
954 669 690 
592 783 357 
216 531 103 
491 485 946 
206 95 296 
920 702 195 
213 338 820 
916 37 35 
500 582 650 
700 148 871 
655 873 939 
385 427 774 
356 307 416 
744 867 905 
484 184 954 
511 387 546 
304 797 191 
20 599 20 
701 674 768 
903 85 86 
941 709 326 
604 331 970 
363 420 746 
781 446 849 
331 997 528 
558 581 308 
802 856 283 
925 643 791 
486 826 254 
750 474 718 
366 585 215 
658 450 726 
511 467 727 
61 495 704 
646 217 851 
113 436 416 
107 963 719 
63 772 160 
4 479 812 
243 666 292 
606 337 18 
419 526 859 
886 683 129 
184 803 965 
892 439 556 
846 496 27 
692 259 575 
599 608 723 
382 744 255 
552 326 626 
982 719 80 
786 756 240 
413 227 119 
95 47 301 
706 456 968 
775 980 802 
349 581 85 
42 622 45 
471 760 53 
475 807 150 
472 140 14 
661 364 647 
289 946 672 
15 185 526 
836 14 0 
131 973 356 
297 514 958 
629 706 185 
955 128 569 
673 141 259 
608 630 253 
884 142 592 
87 435 204 
863 197 483 
169 587 324 
207 50 241 
735 425 681 
793 215 485 
896 852 612 
53 138 108 
698 950 951 
667 578 191 
154 165 356 
993 545 170 
982 898 777 
723 948 548 
563 790 684 
18 134 885 
212 83 786 
344 698 71 
990 139 640 
510 623 210 
131 392 134 
600 6 919 
309 175 16 
520 245 570 
254 297 335 
983 846 468 
677 232 345 
642 436 520 
340 939 761 
738 108 89 
229 821 779 
996 742 301 
267 584 91 
363 78 42 
915 756 216 
282 779 439 
1 763 187 
47 691 797 
683 408 572 
388 39 847 
304 17 444 
930 863 390 
190 55 294 
7 471 465 
957 716 430 
980 229 491 
946 2 923 
290 250 950 
517 26 762 
661 31 71 
84 268 402 
900 496 117 
555 251 961 
459 588 218 
918 421 353 
993 74 720 
384 408 337 
188 710 126 
567 760 938 
44 998 362 
57 463 131 
991 757 148 
934 952 210 
887 581 701 
407 924 836 
900 533 502 
322 914 24 
965 907 762 
510 834 182 
771 136 151 
138 643 125 
609 698 866 
429 255 913 
585 793 581 
716 145 645 
153 59 872 
510 238 772 
151 262 14 
564 543 209 
755 738 409 
587 142 178 
932 48 753 
59 769 999 
696 718 171 
588 409 91 
219 472 20 
458 343 912 
982 450 554 
855 104 161 
807 273 380 
921 31 445 
167 947 602 
613 922 27 
362 109 35 
560 107 38 
984 382 638 
910 763 906 
317 542 985 
801 929 576 
141 565 918 
922 234 438 
273 595 909 
473 304 769 
360 607 439 
253 11 612 
51 412 446 
161 159 170 
249 257 492 
821 292 590 
126 275 122 
989 441 273 
120 20 954 
202 364 406 
890 176 545 
705 941 210 
366 853 105 
57 494 584 
386 513 642 
682 794 265 
922 939 334 
926 156 396 
891 986 115 
913 767 165 
424 752 429 
133 990 558 
624 504 463 
23 72 131 
316 127 683 
933 10 122 
218 605 984 
293 220 292 
141 167 321 
1 758 599 
996 360 389 
75 564 934 
181 970 668 
923 186 871 
989 860 798 
362 437 11 
733 588 161 
246 58 400 
422 465 42 
673 893 369 
622 555 189 
95 303 530 
563 236 810 
673 836 463 
747 616 979 
632 845 133 
557 648 95 
389 529 304 
211 383 110 
794 928 94 
125 119 559 
129 750 222 
682 209 302 
814 24 630 
165 168 6 
358 22 28 
71 419 951 
791 196 152 
632 278 119 
320 849 377 
193 219 636 
791 268 669 
130 817 530 
125 50 542 
284 335 371 
155 463 590 
106 212 408 
954 423 980 
416 65 442 
885 635 366 
955 548 555 
891 567 20 
65 315 758 
349 115 449 
130 481 337 
935 914 587 
650 876 996 
28 75 228 
33 11 479 
85 929 536 
459 36 480 
622 928 146 
337 667 563 
687 46 341 
665 689 90 
258 100 353 
301 836 603 
114 863 103 
429 143 616 
712 718 783 
355 500 146 
984 235 987 
670 645 886 
991 438 349 
598 189 657 
882 398 766 
248 2 994 
722 142 622 
815 954 162 
749 489 416 
7 276 51 
61 980 388 
33 55 463 
440 554 909 
221 353 442 
105 261 256 
939 289 178 
671 491 161 
359 724 768 
856 492 507 
664 373 183 
551 510 543 
534 917 430 
902 217 334 
794 57 885 
22 869 453 
74 373 444 
886 862 522 
21 541 378 
119 455 310 
898 301 601 
869 18 765 
486 501 276 
583 222 589 
846 99 705 
287 41 114 
428 397 20 
991 613 730 
830 752 819 
339 379 43 
111 216 830 
839 879 219 
676 232 185 
668 89 110 
501 942 884 
299 331 266 
229 807 99 
870 536 394 
339 993 817 
413 363 685 
782 149 316 
402 196 165 
407 987 82 
503 627 471 
970 974 518 
135 158 955 
612 455 583 
187 269 330 
800 609 153 
166 241 61 
671 657 47 
656 627 215 
553 683 29 
681 62 123 
630 492 394 
587 758 427 
408 943 41 
1 872 792 
264 199 137 
176 75 510 
282 644 140 
626 395 913 
359 116 169 
276 245 146 
166 970 392 
716 326 985 
761 646 269 
641 197 141 
583 67 766 
488 408 260 
854 821 97 
29 630 924 
676 243 868 
868 559 366 
811 64 436 
200 84 326 
857 364 395 
132 491 672 
60 95 70 
528 460 401 
271 72 140 
622 746 422 
80 980 871 
258 278 548 
375 355 914 
641 325 592 
823 52 528 
471 511 529 
221 173 19 
298 393 123 
86 430 555 
769 763 86 
248 362 144 
764 849 331 
354 856 639 
1 231 688 
510 926 883 
51 871 88 
474 578 527 
526 357 723 
533 608 303 
476 385 178 
879 673 720 
428 936 898 
636 601 171 
19 800 778 
38 113 897 
991 526 590 
112 529 424 
866 749 855 
622 462 333 
282 565 109 
299 887 330 
850 509 713 
805 232 197 
961 581 282 
264 395 723 
240 724 30 
363 786 570 
775 525 580 
803 546 642 
583 478 223 
74 511 767 
221 890 534 
60 294 218 
796 1 574 
533 761 387 
64 58 993 
657 879 447 
267 311 271 
837 350 244 
982 606 841 
548 690 67 
549 464 167 
130 552 552 
989 429 641 
866 612 182 
291 524 581 
998 857 398 
79 437 180 
579 867 875 
68 990 276 
901 368 698 
918 699 939 
593 658 863 
886 902 307 
736 628 254 
936 396 461 
80 446 60 
51 950 82 
193 539 715 
512 556 928 
812 514 907 
386 532 736 
256 437 848 
689 635 282 
425 84 104 
999 55 285 
515 947 26 
439 576 594 
724 82 263 
849 779 250 
308 159 475 
308 365 73 
839 733 964 
816 479 440 
556 296 454 
604 505 192 
251 584 208 
777 887 124 
709 308 910 
653 572 29 
502 316 679 
614 237 365 
582 57 223 
431 780 982 
236 52 118 
5 320 62 
614 953 828 
364 710 322 
307 456 225 
332 503 295 
411 657 633 
436 520 808 
831 497 218 
584 599 371 
668 309 2 
232 699 437 
700 216 813 
768 624 694 
89 162 800 
545 142 767 
122 731 744 
217 215 269 
853 65 677 
597 317 832 
940 901 424 
680 781 633 
241 548 621 
373 904 112 
18 112 318 
902 317 233 
609 831 437 
589 703 923 
837 410 360 
405 811 148 
156 621 529 
225 123 339 
72 2 907 
341 776 624 
604 309 901 
609 240 42 
276 654 366 
850 723 122 
341 337 110 
193 917 704 
757 482 746 
677 707 403 
466 994 73 
751 846 293 
849 551 213 
516 855 66 
235 154 9 
658 256 50 
216 845 93 
119 710 980 
106 134 55 
756 451 401 
701 366 265 
593 99 117 
996 327 851 
388 422 303 
891 697 723 
169 385 642 
445 597 824 
683 35 459 
467 433 697 
228 86 117 
19 792 668 
184 252 245 
762 808 715 
984 826 612 
884 724 461 
58 533 860 
888 938 383 
382 223 735 
148 663 431 
98 832 221 
956 202 799 
748 339 692 
846 456 18 
762 726 548 
860 523 563 
381 624 528 
644 135 473 
966 723 642 
201 733 187 
455 870 620 
465 317 574 
526 354 762 
527 21 484 
872 151 809 
722 959 450 
469 975 168 
242 783 852 
45 177 658 
980 147 794 
938 396 785 
541 443 912 
400 489 78 
153 878 67 
144 666 384 
685 505 698 
92 82 550 
196 712 270 
492 753 683 
723 570 664 
870 782 609 
292 855 879 
19 907 146 
671 989 838 
563 548 18 
564 740 936 
93 586 767 
88 18 829 
658 968 594 
760 549 196 
282 521 704 
457 567 229 
149 9 511 
804 639 605 
407 95 150 
958 389 182 
712 844 537 
566 886 239 
509 95 136 
492 102 916 
158 695 541 
772 876 863 
199 45 144 
839 709 360 
684 968 209 
687 594 468 
206 3 281 
685 434 491 
179 820 619 
806 368 878 
538 322 179 
296 625 165 
366 308 37 
480 196 972 
728 491 139 
834 446 499 
565 250 393 
320 265 471 
179 412 443 
594 719 182 
324 650 901 
780 343 829 
456 199 906 
884 374 24 
637 836 923 
713 730 553 
690 934 921 
965 170 753 
30 286 128 
557 89 310 
303 851 762 
340 849 224 
943 824 704 
992 388 131 
725 203 582 
204 356 325 
876 903 226 
724 42 337 
388 210 579 
438 774 778 
882 283 325 
376 853 576 
530 713 919 
285 747 842 
321 949 759 
572 652 168 
645 404 925 
34 618 857 
309 753 877 
983 428 772 
337 800 938 
870 486 986 
706 434 284 
284 899 169 
862 442 763 
246 423 616 
50 451 139 
354 777 517 
532 154 150 
953 280 227 
981 978 187 
218 500 131 
991 125 427 
598 812 59 
702 383 981 
715 480 891 
465 897 910 
882 122 507 
77 883 350 
202 113 279 
424 931 51 
829 339 669 
797 269 354 
245 669 136 
798 341 797 
260 204 259 
923 158 410 
813 50 312 
687 43 739 
746 268 813 
449 932 723 
787 104 57 
818 211 969 
968 452 677 
477 548 588 
251 459 380 
759 932 24 
316 205 247 
186 474 291 
901 697 877 
241 727 74 
230 395 919 
418 747 646 
474 315 505 
41 210 910 
375 165 530 
349 90 602 
459 819 170 
679 588 75 
451 581 14 
34 687 313 
485 394 921 
357 330 732 
837 514 829 
24 811 444 
320 972 907 
738 775 623 
210 112 660 
881 682 499 
183 233 792 
112 178 338 
910 601 250 
35 361 133 
265 810 269 
195 865 924 
852 843 363 
259 333 769 
469 868 377 
839 506 396 
265 997 860 
167 12 704 
653 741 29 
12 98 266 
368 119 232 
432 813 228 
185 602 709 
137 703 375 
985 134 225 
690 499 577 
107 778 36 
554 55 259 
668 224 346 
416 672 343 
74 322 629 
519 531 306 
490 226 321 
15 396 225 
391 13 148 
651 702 946 
627 556 105 
494 901 198 
725 670 299 
54 670 685 
178 797 77 
248 658 1 
558 636 97 
696 213 295 
501 881 136 
687 896 839 
144 51 589 
714 417 668 
506 3 681 
263 998 756 
149 370 521 
714 151 520 
851 65 612 
555 300 298 
505 269 19 
611 766 307 
923 171 947 
919 207 512 
791 552 5 
415 63 960 
608 952 531 
746 8 667 
492 717 973 
666 314 98 
89 213 650 
310 83 60 
37 636 615 
237 83 922 
562 58 478 
470 460 662 
884 454 86 
396 412 257 
803 875 97 
388 555 682 
452 861 915 
348 291 654 
56 456 584 
590 953 993 
21 370 693 
708 955 635 
593 907 354 
84 548 93 
899 267 102 
583 945 257 
906 908 214 
144 173 844 
697 752 991 
724 164 133 
718 945 36 
1 497 874 
291 26 282 
34 935 815 
69 783 69 
140 493 458 
416 511 510 
491 611 719 
565 232 879 
633 395 217 
205 654 216 
460 77 828 
717 472 967 
606 2 112 
871 851 990 
462 182 489 
436 9 243 
771 146 436 
400 550 677 
132 57 812 
953 662 127 
291 973 691 
723 158 371 
466 302 901 
4 600 92 
179 266 110 
42 508 631 
558 45 41 
459 707 913 
674 27 309 
403 990 372 
710 30 690 
528 756 289 
740 79 107 
962 386 270 
942 964 404 
157 618 748 
187 98 592 
402 972 20 
996 554 733 
394 318 889 
819 129 461 
205 758 252 
827 438 386 
30 865 897 
226 907 143 
43 322 484 
576 849 489 
202 176 454 
409 121 739 
375 85 486 
52 472 455 
636 438 961 
851 95 811 
867 939 883 
806 493 599 
903 23 379 
784 163 843 
461 226 33 
532 150 76 
896 796 683 
93 250 282 
915 309 600 
399 974 261 
652 792 518 
612 27 968 
610 727 269 
568 730 27 
309 278 492 
738 36 736 
965 712 458 
139 787 161 
180 509 951 
106 273 482 
600 776 854 
631 266 552 
770 769 494 
948 427 913 
123 327 567 
782 666 78 
695 679 511 
650 550 92 
995 30 711 
991 542 193 
836 437 306 
9 819 859 
364 357 771 
934 147 332 
852 51 922 
247 764 728 
706 888 166 
701 80 838 
85 282 175 
494 743 791 
78 583 205 
706 938 978 
606 384 78 
237 874 291 
54 450 332 
300 196 160 
737 534 785 
846 918 183 
429 247 854 
795 626 111 
88 806 907 
712 199 534 
522 817 955 
955 78 596 
124 372 307 
683 823 976 
452 582 482 
565 963 851 
961 512 977 
82 123 793 
682 324 22 
10 967 96 
