110 64 416 
106 477 813 
912 748 533 
252 89 94 
942 401 570 
402 111 20 
73 254 892 
636 148 54 
623 253 783 
312 605 497 
143 668 175 
329 893 542 
8 910 63 
745 487 112 
8 42 618 
945 984 454 
282 631 110 
425 910 141 
265 780 608 
198 702 226 
196 573 292 
575 6 211 
67 974 474 
133 251 533 
367 842 41 
703 877 542 
668 214 86 
854 886 258 
825 201 798 
467 609 742 
338 191 380 
976 257 664 
567 355 151 
989 959 193 
545 27 546 
534 488 416 
644 316 299 
61 534 276 
989 53 608 
738 350 94 
735 99 150 
10 186 270 
939 122 414 
68 403 624 
146 397 509 
784 477 561 
194 779 898 
695 738 631 
645 565 584 
854 424 685 
327 72 903 
808 558 208 
114 203 166 
209 208 970 
173 395 527 
637 123 886 
946 750 282 
409 660 779 
106 808 577 
742 682 176 
380 758 35 
559 723 770 
622 997 143 
858 630 657 
967 986 152 
282 267 52 
767 427 886 
17 308 289 
293 316 802 
36 517 522 
247 991 129 
473 527 142 
560 812 251 
148 861 217 
887 598 360 
744 897 712 
234 864 780 
329 78 799 
668 557 634 
589 829 919 
469 462 292 
105 82 482 
575 730 523 
323 264 2 
385 891 372 
989 495 375 
730 721 263 
363 255 878 
756 163 495 
714 791 172 
414 326 101 
581 748 856 
828 205 142 
701 30 66 
337 899 807 
915 594 320 
281 723 561 
651 719 538 
348 181 894 
666 568 395 
231 627 418 
59 184 955 
627 441 291 
134 530 965 
191 301 339 
282 250 254 
397 125 696 
953 82 496 
285 914 767 
690 550 719 
179 605 910 
671 613 460 
100 157 717 
151 18 616 
125 277 768 
961 361 172 
527 769 417 
7 338 972 
471 133 222 
205 428 66 
954 982 493 
412 617 117 
994 924 876 
238 511 231 
101 537 124 
112 183 905 
87 828 273 
6 1 394 
57 88 302 
381 93 544 
454 927 540 
748 968 44 
651 439 431 
575 292 563 
668 709 817 
12 450 212 
343 234 857 
672 573 290 
506 186 747 
890 426 829 
495 687 586 
415 962 645 
578 320 961 
666 638 930 
280 255 712 
28 362 332 
165 157 451 
959 716 634 
470 633 593 
940 346 173 
176 17 423 
974 820 693 
687 259 735 
20 23 114 
436 471 980 
774 320 417 
547 278 847 
541 929 156 
451 638 617 
815 415 650 
164 870 954 
620 642 864 
863 685 990 
45 121 886 
120 514 444 
628 740 349 
431 520 704 
918 933 666 
212 422 786 
753 697 415 
3 314 363 
784 566 995 
635 155 993 
683 485 716 
366 312 721 
400 300 196 
181 832 657 
540 31 944 
435 822 943 
329 46 655 
859 959 399 
791 949 383 
863 370 503 
193 852 75 
375 342 786 
622 309 695 
958 274 497 
817 162 58 
601 736 684 
559 456 479 
322 748 107 
698 416 797 
252 288 370 
860 554 536 
245 889 560 
702 615 94 
961 394 279 
245 69 430 
135 470 236 
906 38 136 
714 454 986 
611 348 115 
562 792 878 
278 410 614 
134 306 208 
570 283 41 
611 794 912 
511 995 366 
181 75 251 
579 868 34 
547 549 9 
466 722 625 
570 240 97 
812 430 478 
787 188 402 
533 440 569 
686 610 81 
286 39 752 
901 842 525 
907 802 334 
460 420 240 
803 529 846 
183 921 858 
83 337 734 
584 931 561 
105 200 59 
75 298 84 
438 45 688 
681 522 491 
86 226 570 
929 195 545 
787 961 916 
861 598 700 
400 832 665 
549 776 479 
298 561 298 
5 561 267 
529 969 184 
532 50 451 
602 567 148 
406 893 330 
461 847 949 
225 198 835 
430 157 130 
743 798 746 
312 441 422 
102 322 388 
603 309 986 
977 148 833 
392 720 498 
670 370 998 
719 452 937 
928 476 397 
475 238 908 
311 867 939 
174 772 689 
89 651 556 
511 249 741 
676 625 928 
31 360 600 
517 479 820 
771 374 532 
720 570 283 
630 713 241 
818 377 524 
254 929 733 
526 175 187 
510 16 899 
921 314 134 
739 890 660 
813 540 509 
573 252 716 
219 513 852 
878 626 237 
625 644 627 
963 123 680 
221 927 542 
455 531 66 
284 90 224 
48 885 114 
555 288 133 
176 917 63 
420 503 647 
610 506 359 
857 646 161 
150 181 37 
917 796 2 
856 398 59 
333 579 358 
249 857 282 
838 836 47 
574 987 961 
65 379 798 
529 680 817 
361 105 413 
165 900 60 
316 220 128 
303 709 876 
139 649 829 
214 658 916 
745 251 989 
380 282 658 
171 331 308 
644 438 895 
184 940 882 
161 578 574 
391 691 677 
987 703 381 
377 150 769 
355 199 550 
986 175 715 
817 549 222 
928 217 898 
962 786 677 
498 468 541 
799 227 907 
707 885 758 
645 434 863 
918 569 475 
380 507 959 
599 104 876 
717 20 534 
84 463 453 
606 571 537 
32 84 805 
636 425 677 
79 419 244 
174 805 816 
880 738 25 
592 742 696 
831 16 561 
295 435 371 
599 767 220 
129 366 582 
466 741 738 
11 290 443 
354 162 666 
628 706 493 
440 935 771 
795 237 798 
583 511 511 
594 153 480 
876 396 353 
552 58 202 
117 868 11 
538 747 647 
926 189 306 
523 721 219 
457 965 242 
39 895 772 
701 22 226 
477 439 946 
507 22 474 
853 766 797 
169 148 679 
652 139 491 
80 868 172 
359 463 643 
911 379 396 
132 336 370 
761 841 925 
181 898 735 
509 730 811 
485 633 610 
929 290 999 
53 136 467 
309 725 716 
846 466 347 
652 567 328 
177 904 844 
718 181 195 
14 378 287 
955 231 332 
896 557 514 
325 535 398 
283 486 328 
949 164 365 
755 468 401 
738 831 332 
122 928 609 
992 170 408 
453 250 968 
295 431 322 
201 847 799 
477 536 323 
159 450 588 
699 650 992 
756 880 130 
315 201 977 
398 941 560 
196 806 897 
75 705 749 
907 995 664 
306 347 371 
531 163 752 
44 526 583 
521 657 858 
13 270 870 
161 942 366 
874 483 636 
178 646 999 
510 286 65 
454 513 360 
17 658 636 
321 200 900 
872 832 513 
674 90 694 
469 830 495 
476 607 340 
275 96 504 
964 557 711 
687 21 626 
132 193 99 
741 478 496 
759 792 896 
724 797 714 
834 787 379 
173 837 590 
797 466 204 
361 53 156 
510 150 751 
533 471 664 
851 593 566 
431 300 93 
954 340 117 
435 333 570 
739 958 83 
159 190 268 
915 902 145 
996 964 163 
385 573 819 
346 394 849 
848 76 660 
357 105 471 
973 790 86 
944 408 409 
588 328 747 
118 277 208 
750 970 116 
106 239 648 
966 510 939 
996 804 966 
111 724 341 
519 876 627 
377 660 537 
130 448 408 
274 997 232 
736 710 968 
573 395 567 
244 43 247 
363 282 936 
729 455 67 
693 23 474 
121 170 166 
927 502 49 
236 773 263 
474 825 761 
620 862 935 
827 735 232 
3 470 702 
373 887 944 
199 940 877 
33 751 961 
298 289 438 
715 268 682 
147 21 761 
645 928 458 
334 544 426 
745 537 157 
191 768 892 
614 467 149 
487 195 521 
184 584 606 
3 172 833 
990 455 188 
270 72 14 
58 921 789 
225 594 308 
396 138 198 
642 727 580 
731 603 179 
168 560 667 
681 94 990 
917 665 780 
515 105 23 
686 729 647 
837 402 796 
334 856 694 
248 950 687 
857 552 494 
286 82 387 
563 377 513 
817 614 115 
153 284 289 
295 742 490 
390 661 888 
974 707 270 
812 374 854 
931 252 567 
432 351 298 
908 969 710 
934 222 353 
149 993 277 
254 336 510 
261 159 754 
532 996 524 
759 314 455 
7 894 800 
316 755 450 
565 499 39 
304 338 477 
111 74 563 
454 312 946 
173 848 278 
146 329 852 
844 368 811 
517 918 712 
471 232 134 
161 161 219 
834 81 679 
439 199 436 
517 248 204 
552 733 73 
429 540 105 
396 161 335 
246 607 51 
316 751 59 
434 683 283 
485 813 603 
676 279 271 
388 501 465 
762 481 863 
409 315 434 
576 18 994 
695 920 40 
637 921 137 
433 56 379 
691 119 339 
885 754 451 
967 409 773 
259 46 878 
891 732 46 
978 659 35 
66 109 56 
804 950 864 
15 894 796 
628 175 518 
904 880 668 
535 884 650 
440 428 105 
582 215 612 
307 836 77 
684 7 172 
662 722 939 
868 377 725 
698 914 354 
834 947 534 
51 874 822 
47 638 951 
970 893 961 
853 773 286 
7 317 457 
354 391 668 
64 9 611 
171 228 373 
936 712 668 
362 68 241 
215 529 25 
833 918 460 
980 450 74 
684 730 722 
170 182 448 
355 734 684 
374 10 229 
719 359 970 
927 2 455 
961 528 338 
306 455 834 
426 381 446 
429 156 995 
581 910 721 
718 263 577 
240 392 305 
316 253 268 
193 530 193 
774 554 449 
160 372 867 
553 232 656 
527 841 229 
467 671 247 
97 327 484 
11 329 145 
961 721 91 
889 692 409 
131 887 741 
37 596 260 
775 750 59 
346 244 355 
488 409 134 
400 822 255 
47 15 434 
195 409 501 
136 95 938 
75 8 463 
472 967 376 
34 730 415 
427 516 423 
218 103 373 
623 59 892 
234 911 42 
104 22 386 
193 768 684 
107 320 81 
756 528 205 
29 759 656 
155 80 833 
476 558 866 
211 459 33 
975 785 304 
836 378 262 
486 381 376 
842 140 873 
977 894 372 
592 465 700 
309 762 412 
349 800 578 
185 672 319 
389 757 484 
977 471 456 
739 435 834 
437 715 569 
380 170 265 
425 212 688 
316 688 312 
916 732 38 
455 172 213 
37 942 205 
292 471 441 
97 68 53 
847 942 589 
244 282 385 
51 801 322 
794 206 782 
262 305 851 
332 422 46 
310 584 679 
598 434 378 
372 570 951 
312 445 697 
239 18 351 
157 221 543 
816 963 658 
437 5 452 
965 293 826 
993 102 100 
84 787 8 
861 119 320 
569 157 632 
570 391 623 
806 297 440 
45 161 457 
94 440 798 
838 13 886 
607 651 3 
387 124 906 
131 611 464 
766 189 723 
10 949 229 
383 941 625 
351 926 495 
965 684 34 
107 29 300 
267 755 558 
784 219 325 
964 58 644 
848 683 612 
886 60 789 
73 788 484 
849 524 6 
577 813 163 
994 716 946 
271 275 959 
982 747 532 
440 295 647 
294 867 187 
216 636 363 
877 565 552 
485 634 376 
102 2 905 
47 622 599 
648 439 759 
50 35 932 
959 26 792 
351 567 195 
150 101 955 
341 556 719 
127 777 718 
195 453 152 
313 463 564 
735 408 749 
546 714 599 
367 33 252 
813 112 856 
864 471 133 
904 768 22 
351 343 135 
954 325 362 
861 585 778 
818 399 312 
0 425 391 
354 104 935 
215 686 328 
581 54 698 
855 498 101 
854 304 811 
473 324 480 
613 837 827 
757 895 843 
786 942 715 
887 209 425 
491 63 635 
981 264 515 
977 709 109 
861 216 180 
890 381 554 
387 445 180 
442 45 354 
667 785 164 
627 752 133 
122 955 723 
345 389 565 
499 216 479 
266 48 59 
633 262 389 
434 124 4 
956 791 36 
160 221 342 
962 778 429 
681 156 675 
279 927 355 
455 153 52 
184 195 934 
740 851 704 
963 705 242 
69 608 205 
563 515 454 
889 639 793 
295 27 458 
16 30 910 
963 497 84 
499 876 691 
796 926 446 
832 532 475 
173 591 400 
383 347 500 
933 748 996 
971 814 372 
454 156 782 
734 618 9 
636 125 51 
107 492 182 
722 497 335 
722 484 234 
369 42 393 
202 35 385 
825 841 53 
755 580 849 
474 523 710 
94 455 689 
158 32 457 
755 90 883 
162 226 9 
376 56 350 
292 812 746 
124 650 814 
680 267 30 
166 726 470 
7 449 68 
859 764 697 
301 898 570 
465 810 58 
99 231 859 
925 212 194 
937 668 676 
98 155 373 
452 182 91 
608 472 817 
155 769 632 
862 610 120 
331 603 341 
845 609 962 
348 990 162 
137 82 35 
257 875 840 
200 575 48 
983 425 181 
575 479 917 
745 852 321 
569 156 653 
14 46 23 
334 314 868 
615 92 385 
421 220 111 
372 102 233 
416 951 840 
793 402 946 
93 911 421 
938 22 207 
389 907 697 
791 441 101 
392 660 671 
897 869 194 
806 742 41 
363 483 251 
44 355 13 
379 982 526 
52 649 388 
399 507 214 
551 837 862 
878 574 612 
903 595 603 
238 475 252 
275 300 361 
511 279 141 
795 958 88 
649 925 896 
191 698 946 
887 778 32 
573 401 547 
488 45 949 
467 656 786 
60 907 25 
532 410 339 
985 260 519 
315 677 434 
399 502 240 
100 882 535 
394 168 136 
444 167 976 
621 175 746 
765 765 908 
718 767 724 
532 850 216 
268 751 551 
928 244 97 
727 355 306 
339 259 535 
773 730 800 
90 249 597 
856 504 95 
263 465 785 
264 925 124 
305 887 642 
627 402 728 
829 944 476 
177 996 87 
228 619 482 
159 506 4 
436 138 108 
221 153 366 
928 627 583 
791 207 997 
842 43 117 
976 632 194 
309 562 72 
272 962 713 
633 993 784 
303 487 544 
608 869 952 
267 42 225 
524 910 341 
637 915 754 
450 493 544 
882 239 541 
611 746 143 
757 405 269 
142 258 636 
225 298 505 
543 401 302 
51 883 871 
584 304 707 
235 226 969 
606 925 814 
366 954 339 
746 17 183 
511 523 381 
271 865 269 
662 105 148 
448 742 460 
967 391 889 
257 266 2 
742 601 595 
740 187 213 
764 495 340 
37 595 322 
247 360 270 
492 495 762 
664 123 714 
828 453 773 
777 196 526 
64 621 389 
841 77 96 
106 632 542 
943 580 748 
8 242 251 
173 652 596 
537 697 784 
822 362 880 
747 315 496 
248 221 879 
403 897 980 
937 317 414 
627 490 619 
718 301 832 
759 287 959 
764 290 519 
828 180 952 
78 602 766 
484 219 361 
51 322 441 
60 475 747 
917 344 986 
731 343 289 
630 542 195 
820 492 721 
971 87 575 
862 418 893 
860 679 672 
718 948 987 
829 738 223 
302 412 110 
17 322 790 
247 172 20 
79 700 90 
258 241 8 
957 40 2 
12 214 457 
269 627 998 
691 451 735 
323 659 251 
994 210 879 
205 639 470 
227 895 942 
619 811 474 
630 362 48 
540 524 81 
878 610 330 
637 225 706 
172 279 639 
659 907 880 
849 313 252 
418 667 841 
451 893 835 
821 272 267 
790 4 420 
361 190 97 
637 450 360 
598 685 233 
9 910 833 
50 993 572 
637 566 71 
259 77 250 
508 386 62 
243 116 739 
202 336 495 
273 715 115 
351 140 447 
69 25 683 
433 93 309 
740 976 965 
123 786 665 
386 643 596 
256 438 543 
318 828 731 
933 359 392 
181 339 846 
901 13 95 
769 501 302 
719 451 114 
334 354 841 
149 91 170 
762 755 303 
881 585 578 
753 432 344 
217 49 807 
979 517 704 
238 653 208 
714 402 43 
723 1 436 
220 500 559 
387 873 51 
191 265 839 
711 33 675 
557 606 185 
762 700 681 
802 15 67 
805 556 940 
324 982 382 
941 871 790 
530 973 864 
