921 369 428 
204 967 202 
460 272 84 
888 243 316 
878 351 418 
61 309 986 
967 370 794 
125 390 31 
315 420 976 
985 84 383 
580 825 607 
964 41 702 
484 439 454 
355 476 63 
752 443 734 
784 675 788 
612 376 980 
351 728 360 
483 378 992 
338 830 848 
354 962 223 
975 816 474 
120 339 132 
421 389 11 
231 560 544 
504 218 288 
115 374 856 
580 373 688 
915 112 839 
444 283 362 
832 32 581 
645 813 896 
528 352 844 
302 427 347 
951 364 74 
453 391 624 
359 412 646 
589 252 370 
174 154 167 
832 152 105 
127 298 260 
566 611 14 
95 321 778 
714 203 963 
245 994 904 
505 840 819 
768 704 319 
47 152 181 
157 405 163 
319 552 956 
369 756 321 
876 260 356 
887 793 387 
598 186 941 
351 638 349 
352 450 71 
574 590 128 
82 663 654 
254 211 630 
667 255 653 
594 225 150 
706 676 661 
61 176 885 
537 988 547 
782 443 253 
579 185 152 
371 322 319 
138 427 772 
524 620 259 
651 500 766 
392 871 577 
194 787 406 
716 369 587 
69 160 74 
294 675 519 
0 200 910 
36 455 54 
805 712 19 
117 265 872 
6 876 849 
331 180 792 
368 17 691 
989 533 214 
356 562 951 
262 705 509 
395 803 82 
798 908 322 
200 488 301 
676 613 225 
670 48 478 
339 16 598 
527 235 223 
534 393 591 
75 502 410 
205 211 258 
505 406 599 
774 564 585 
447 151 32 
92 54 104 
980 421 237 
225 507 302 
341 657 124 
431 197 428 
63 726 507 
735 415 473 
683 424 574 
276 530 115 
82 774 813 
487 106 214 
507 160 388 
347 235 293 
519 24 900 
793 767 166 
263 231 674 
100 331 174 
318 650 925 
604 205 691 
481 39 303 
569 137 614 
986 226 697 
399 576 352 
197 930 782 
678 656 242 
308 70 666 
91 949 903 
396 526 381 
76 787 674 
938 640 671 
621 960 653 
255 937 525 
581 555 625 
990 543 638 
842 196 715 
558 295 295 
169 128 540 
29 522 189 
788 966 466 
899 382 183 
46 305 666 
266 560 196 
778 830 297 
151 451 336 
422 210 731 
398 883 537 
436 628 283 
863 150 853 
722 304 667 
911 834 728 
588 443 33 
515 625 679 
612 562 686 
570 340 391 
705 228 303 
85 191 351 
66 30 854 
942 218 410 
109 425 154 
177 504 546 
54 606 936 
383 742 73 
863 468 694 
423 513 252 
610 943 894 
444 263 547 
36 676 773 
105 745 291 
616 518 150 
446 102 70 
495 300 459 
2 870 273 
703 454 696 
917 889 445 
463 9 470 
972 999 165 
170 745 388 
816 38 446 
472 197 138 
277 987 359 
434 481 155 
897 652 30 
83 757 730 
151 239 214 
651 610 917 
835 300 274 
487 939 51 
481 13 816 
92 440 336 
138 188 44 
465 697 731 
991 808 965 
591 568 769 
501 643 207 
848 915 838 
153 517 209 
528 341 659 
378 975 929 
122 63 968 
460 900 972 
962 688 861 
614 564 475 
667 692 126 
731 741 79 
860 539 736 
512 399 159 
628 988 446 
64 862 366 
195 916 895 
49 0 541 
409 280 159 
268 297 429 
953 690 159 
146 38 419 
219 479 907 
127 51 632 
346 606 279 
106 339 480 
517 107 336 
246 591 691 
847 736 578 
114 200 508 
506 456 30 
991 458 403 
11 284 71 
440 59 103 
780 809 539 
308 600 895 
562 744 995 
444 45 651 
488 832 401 
497 124 951 
161 940 221 
35 288 16 
997 802 744 
946 382 422 
497 302 119 
61 765 779 
813 734 176 
797 141 799 
61 903 477 
197 403 451 
962 296 974 
544 796 914 
106 847 974 
549 179 338 
874 750 135 
712 201 698 
277 337 0 
915 583 371 
238 951 355 
431 714 117 
296 323 145 
20 235 117 
117 634 496 
792 425 550 
94 462 200 
387 723 35 
102 154 215 
961 599 955 
669 221 83 
623 524 334 
875 580 20 
653 173 462 
275 373 786 
695 903 409 
913 787 414 
116 253 298 
25 897 857 
770 543 975 
156 121 238 
408 151 916 
404 199 996 
183 987 196 
392 26 843 
726 897 780 
682 724 467 
382 702 263 
227 566 155 
775 351 422 
632 608 453 
873 116 856 
519 594 254 
80 144 457 
642 589 665 
371 863 667 
140 637 637 
357 698 500 
196 299 952 
324 63 864 
323 442 488 
14 820 464 
749 553 119 
574 800 861 
509 919 204 
876 170 807 
579 360 793 
790 68 841 
355 185 602 
212 246 734 
104 65 730 
634 841 535 
191 394 508 
142 562 562 
724 840 22 
324 53 5 
943 40 594 
785 691 260 
804 540 113 
545 805 463 
27 267 171 
622 447 338 
720 950 456 
81 789 339 
301 787 671 
6 807 589 
186 707 686 
3 945 611 
373 875 280 
474 913 768 
857 278 681 
540 210 58 
215 886 240 
487 965 395 
477 798 187 
804 756 876 
349 844 773 
122 704 757 
660 336 37 
942 140 38 
310 426 577 
23 62 407 
243 882 165 
698 687 422 
921 748 7 
905 776 171 
233 965 298 
936 685 864 
595 576 407 
150 598 49 
53 517 133 
19 923 109 
692 664 938 
882 814 881 
295 615 568 
583 335 161 
905 251 608 
589 595 402 
459 527 835 
881 982 536 
691 632 102 
306 914 862 
833 204 129 
882 161 301 
470 473 437 
918 925 952 
449 657 26 
943 974 944 
580 720 413 
995 219 180 
884 186 66 
673 931 635 
272 105 32 
224 704 929 
150 32 808 
420 396 408 
478 724 602 
782 630 197 
143 402 417 
510 918 81 
624 260 270 
592 798 565 
56 417 555 
790 716 861 
364 962 356 
206 864 911 
770 912 542 
526 325 916 
842 679 935 
255 806 759 
330 773 797 
751 920 14 
547 602 154 
243 600 402 
488 472 435 
752 319 509 
843 502 529 
754 345 27 
223 110 225 
698 33 212 
120 71 741 
763 583 336 
302 945 341 
443 348 971 
155 106 889 
219 752 839 
996 71 453 
589 174 274 
491 598 138 
113 336 227 
770 692 601 
523 620 822 
473 114 115 
947 992 197 
882 406 143 
872 819 452 
143 612 278 
496 241 456 
605 452 968 
611 860 264 
675 468 814 
987 270 134 
90 275 240 
139 749 826 
856 731 145 
511 224 489 
202 222 988 
674 673 710 
164 707 210 
532 172 287 
440 849 28 
290 209 461 
76 412 988 
798 544 389 
822 449 353 
1 907 475 
379 217 898 
93 883 382 
10 210 913 
50 656 935 
843 597 51 
374 626 737 
614 854 45 
570 204 946 
731 573 35 
324 55 556 
142 318 84 
324 854 445 
679 667 468 
875 68 409 
213 223 777 
538 975 27 
31 572 531 
794 742 532 
920 28 504 
71 287 535 
662 872 998 
516 974 677 
268 603 278 
30 819 811 
955 851 347 
10 618 809 
562 342 735 
385 34 470 
724 596 363 
815 769 887 
992 7 362 
583 238 0 
286 346 349 
273 35 226 
163 983 79 
142 502 267 
850 750 368 
328 607 835 
664 468 1 
728 810 473 
122 673 528 
734 375 831 
193 878 599 
718 792 813 
850 715 705 
427 983 516 
340 870 629 
94 75 656 
979 869 584 
226 99 796 
168 875 112 
481 780 978 
121 36 998 
996 246 740 
80 986 295 
806 431 586 
500 507 967 
200 167 620 
441 168 238 
861 728 771 
468 251 689 
596 423 867 
111 310 332 
81 918 340 
782 401 216 
308 774 614 
244 481 901 
269 228 139 
364 389 69 
629 468 581 
562 611 850 
297 729 758 
954 795 831 
622 844 746 
215 459 308 
258 45 703 
187 311 521 
515 140 495 
743 261 825 
4 972 163 
891 690 307 
902 695 259 
229 798 470 
708 94 694 
222 676 452 
612 668 89 
115 407 571 
950 196 653 
117 773 836 
816 880 621 
384 29 996 
8 311 425 
129 28 479 
615 974 404 
889 722 356 
410 201 932 
145 195 78 
761 536 463 
968 939 333 
403 327 914 
998 285 943 
688 429 411 
225 118 675 
713 542 759 
231 309 572 
295 363 953 
275 543 279 
396 745 600 
39 293 617 
329 375 381 
267 558 847 
655 469 495 
730 103 454 
963 816 773 
723 927 844 
677 723 496 
807 699 813 
0 291 336 
977 423 596 
612 516 274 
696 711 725 
761 800 64 
124 335 302 
568 586 11 
382 300 764 
990 890 422 
257 48 53 
143 251 212 
809 771 226 
812 235 56 
236 378 204 
532 681 629 
979 611 170 
52 414 730 
801 226 816 
843 84 910 
108 341 803 
181 647 399 
329 439 428 
400 912 379 
489 694 597 
471 214 410 
746 472 862 
644 386 650 
13 425 23 
772 754 557 
735 764 535 
750 797 698 
763 919 556 
604 704 573 
455 966 768 
626 683 787 
627 67 926 
820 715 632 
920 292 408 
856 991 462 
896 367 178 
851 214 373 
731 548 275 
747 191 448 
386 461 434 
682 597 815 
723 51 166 
5 679 287 
831 603 569 
591 803 957 
671 242 53 
916 944 192 
590 302 825 
525 125 480 
39 526 782 
123 814 772 
357 737 752 
962 83 970 
730 172 767 
87 888 766 
361 66 633 
550 863 136 
181 231 570 
740 146 955 
315 586 814 
276 959 972 
295 431 642 
372 142 453 
743 775 290 
719 614 746 
625 966 238 
532 538 461 
433 296 789 
867 383 877 
507 505 843 
388 970 460 
842 309 913 
463 249 717 
506 128 206 
800 509 365 
927 216 689 
643 607 744 
773 187 767 
959 437 345 
49 4 272 
442 207 986 
446 922 378 
312 639 472 
551 880 167 
822 395 249 
853 632 96 
860 843 256 
720 728 599 
836 717 146 
760 525 403 
948 365 212 
853 952 823 
595 956 810 
470 654 662 
400 657 220 
675 446 495 
22 195 42 
771 922 188 
297 101 924 
359 92 442 
898 865 699 
5 915 303 
627 455 995 
299 335 458 
957 948 505 
244 718 138 
531 207 362 
566 543 685 
277 543 591 
697 520 137 
689 352 157 
984 211 350 
49 819 63 
956 326 204 
531 583 714 
315 888 853 
695 522 548 
553 224 4 
606 246 268 
662 870 55 
882 63 822 
980 98 316 
353 746 404 
988 383 770 
127 458 34 
89 583 905 
768 55 908 
498 117 312 
324 968 371 
729 884 877 
521 509 48 
701 846 589 
908 208 809 
541 374 6 
751 571 587 
842 999 435 
98 401 533 
174 657 404 
425 889 282 
224 699 98 
809 247 446 
445 77 319 
910 228 72 
369 399 85 
725 540 684 
933 469 480 
568 306 854 
606 556 871 
889 468 638 
136 662 143 
618 677 942 
113 471 924 
597 938 361 
7 898 242 
599 996 612 
412 25 459 
987 511 919 
626 432 942 
640 300 489 
783 566 753 
781 273 570 
839 976 270 
682 438 548 
24 404 825 
197 688 717 
983 271 785 
634 721 526 
355 210 295 
962 332 702 
476 685 921 
38 976 330 
146 234 179 
427 963 593 
486 95 902 
842 702 350 
470 140 562 
155 711 724 
836 973 521 
803 229 481 
587 617 536 
752 29 138 
560 233 181 
539 949 594 
667 834 650 
160 696 311 
394 281 49 
666 281 842 
482 738 375 
826 781 791 
455 874 833 
765 294 431 
679 422 630 
910 480 451 
610 162 875 
615 588 5 
395 416 194 
1 772 658 
720 290 854 
881 678 378 
354 346 530 
712 201 391 
97 46 716 
598 118 181 
582 470 5 
839 318 117 
609 609 449 
888 145 419 
428 455 938 
557 447 596 
390 280 108 
472 66 927 
495 843 429 
224 576 534 
196 818 835 
830 122 932 
65 16 445 
264 439 651 
484 531 308 
38 756 633 
297 991 562 
169 360 181 
154 675 15 
499 310 82 
662 26 579 
442 955 618 
533 150 127 
164 427 398 
978 726 565 
356 353 700 
130 922 472 
511 222 329 
506 69 512 
144 997 822 
785 63 123 
838 8 415 
786 91 251 
265 109 821 
224 535 324 
572 666 315 
735 675 191 
586 728 904 
990 116 437 
780 798 498 
213 29 729 
21 346 965 
247 383 140 
575 783 776 
15 446 33 
320 2 922 
142 107 113 
24 313 854 
509 900 903 
829 142 646 
361 62 890 
662 522 877 
616 469 964 
565 61 394 
85 608 392 
413 975 675 
609 163 942 
625 219 991 
722 235 59 
969 652 417 
552 30 821 
399 146 68 
857 718 360 
528 187 229 
2 238 290 
45 636 668 
961 550 435 
748 589 609 
930 332 791 
283 934 835 
681 963 112 
258 173 817 
384 828 649 
50 575 196 
287 980 125 
530 401 642 
632 745 41 
164 638 968 
463 855 314 
50 820 636 
386 645 866 
136 945 20 
750 992 449 
289 86 478 
768 411 373 
276 523 687 
878 196 552 
366 229 417 
53 235 144 
758 54 287 
956 945 91 
275 996 68 
448 833 109 
792 503 152 
301 861 264 
194 81 659 
264 83 653 
574 751 920 
223 42 427 
602 221 299 
611 318 908 
191 102 634 
130 362 481 
30 347 981 
423 516 248 
645 730 229 
423 315 296 
922 755 717 
10 11 539 
913 430 320 
808 529 404 
114 736 912 
733 677 705 
663 631 389 
559 532 693 
977 269 191 
419 720 570 
298 888 559 
291 629 924 
692 551 164 
648 938 16 
741 437 441 
84 153 85 
553 979 167 
22 899 395 
999 629 428 
24 66 279 
303 455 27 
978 862 577 
762 698 901 
277 637 791 
307 582 899 
484 197 604 
511 850 513 
526 45 659 
324 469 620 
755 256 699 
784 185 286 
362 611 251 
251 626 279 
327 514 34 
666 990 495 
520 231 226 
427 115 837 
641 897 709 
942 906 139 
239 766 508 
714 76 806 
525 112 519 
932 528 371 
481 9 296 
729 298 134 
65 539 873 
844 206 463 
199 271 772 
350 445 902 
798 574 253 
417 34 221 
86 887 72 
987 738 612 
579 906 914 
91 904 813 
609 750 19 
338 69 727 
906 957 634 
241 753 995 
768 424 195 
128 637 106 
730 189 878 
248 206 721 
166 549 969 
675 265 146 
108 897 394 
716 666 337 
153 379 274 
49 864 479 
282 844 332 
81 822 28 
1 707 464 
839 263 933 
666 856 920 
413 855 466 
699 194 751 
267 299 909 
369 51 256 
701 923 847 
71 486 309 
630 949 965 
35 392 535 
226 649 830 
373 225 713 
946 996 583 
511 204 899 
559 846 21 
910 918 28 
788 950 977 
592 211 449 
600 540 645 
469 271 533 
502 48 609 
887 183 756 
594 110 420 
542 279 879 
500 477 300 
5 253 751 
602 423 809 
839 426 870 
313 563 155 
125 932 658 
732 561 35 
795 966 528 
69 328 297 
222 658 874 
202 186 894 
582 741 271 
61 28 149 
150 269 976 
893 417 572 
609 250 322 
911 103 703 
882 979 467 
812 734 596 
710 101 340 
232 851 298 
827 479 160 
640 992 194 
575 595 973 
773 572 878 
740 778 175 
369 401 170 
529 46 301 
91 91 608 
519 1 769 
0 197 482 
238 397 384 
507 425 519 
205 952 269 
728 8 652 
943 56 883 
397 840 140 
820 42 331 
658 661 525 
520 548 701 
591 662 830 
692 844 535 
670 187 732 
269 519 354 
939 290 513 
83 94 230 
960 259 610 
514 952 809 
179 569 866 
