969 649 165 
615 905 382 
280 170 18 
619 635 870 
670 292 851 
59 273 645 
154 869 435 
73 942 200 
642 529 791 
0 493 180 
914 106 643 
903 491 901 
361 978 959 
951 58 239 
391 974 64 
111 904 835 
833 603 288 
84 366 732 
483 639 277 
23 459 366 
422 553 950 
820 274 874 
1 370 367 
9 555 54 
240 941 796 
192 321 850 
212 634 689 
880 608 708 
968 996 255 
434 80 97 
570 514 840 
807 242 53 
194 6 100 
458 294 967 
711 217 456 
191 262 747 
341 801 217 
83 355 767 
734 657 518 
829 493 107 
750 738 145 
832 366 507 
490 651 104 
726 855 520 
131 488 160 
590 910 867 
578 489 831 
32 580 667 
580 405 919 
30 347 971 
386 280 581 
998 611 476 
181 290 713 
113 230 838 
350 921 962 
104 722 296 
471 733 379 
135 427 963 
881 868 497 
973 733 656 
484 194 234 
84 888 690 
44 41 968 
230 732 867 
577 275 277 
73 278 467 
729 499 229 
688 357 840 
382 229 852 
484 676 339 
118 738 980 
181 817 731 
395 929 336 
395 708 4 
663 85 710 
32 617 323 
779 572 329 
644 221 536 
564 385 620 
348 128 349 
379 620 870 
673 808 434 
754 594 617 
224 371 832 
788 56 30 
179 991 226 
429 740 767 
681 285 61 
116 618 621 
462 656 314 
642 53 592 
604 896 433 
387 555 242 
971 200 946 
498 138 909 
246 189 730 
162 220 45 
799 259 252 
122 940 524 
273 19 330 
591 412 662 
7 969 565 
263 894 866 
862 725 484 
603 699 528 
342 898 169 
607 260 681 
522 950 970 
653 395 820 
547 410 226 
218 354 908 
551 640 743 
368 229 906 
547 201 613 
591 336 446 
536 34 911 
728 71 865 
223 818 569 
355 199 977 
736 983 392 
827 616 895 
778 164 805 
707 386 779 
304 986 804 
747 677 972 
315 93 900 
59 386 795 
427 919 238 
319 460 760 
946 162 584 
782 230 857 
840 685 270 
906 11 869 
586 548 753 
997 575 316 
818 879 369 
708 476 239 
523 934 472 
861 61 254 
288 914 416 
917 495 262 
842 482 388 
968 761 763 
877 544 341 
697 756 38 
6 25 304 
429 454 735 
115 282 997 
221 811 574 
528 362 472 
403 93 77 
793 124 878 
944 499 668 
295 186 71 
864 566 949 
54 233 278 
254 603 346 
663 258 318 
504 901 693 
689 663 691 
350 632 537 
125 151 722 
105 71 97 
446 222 638 
476 236 675 
960 971 330 
643 858 230 
287 442 86 
193 255 134 
223 258 28 
276 339 112 
117 79 251 
639 846 964 
106 951 3 
377 888 164 
706 468 818 
857 220 999 
439 246 840 
784 441 192 
717 911 230 
175 265 721 
243 699 178 
218 340 655 
320 751 554 
392 246 753 
281 919 547 
486 637 402 
121 233 57 
681 506 490 
835 491 521 
920 191 321 
596 162 199 
642 692 813 
60 814 878 
167 587 615 
170 235 983 
865 293 414 
278 978 213 
606 947 123 
96 258 408 
471 505 195 
238 595 481 
402 331 499 
118 804 270 
278 866 32 
233 967 251 
882 947 773 
906 935 810 
204 802 88 
50 834 600 
772 596 806 
753 30 382 
426 100 566 
819 89 636 
251 847 963 
522 126 224 
758 166 154 
612 263 247 
711 412 454 
903 757 26 
119 580 198 
380 277 732 
109 860 993 
232 106 259 
848 595 663 
58 618 128 
149 981 687 
974 527 932 
580 649 744 
863 379 701 
89 198 945 
249 650 42 
576 750 170 
980 901 219 
650 855 692 
431 715 300 
991 817 456 
243 726 239 
310 80 432 
650 407 90 
343 914 742 
435 394 515 
302 844 827 
372 267 57 
105 47 345 
4 585 826 
371 865 877 
906 340 77 
678 966 498 
436 350 423 
560 694 398 
570 122 365 
238 942 163 
221 587 913 
899 856 642 
450 229 949 
915 122 876 
476 129 573 
69 241 189 
230 239 755 
762 596 679 
792 404 487 
720 287 546 
670 504 65 
314 489 390 
596 667 438 
440 590 278 
371 313 267 
558 22 598 
26 782 628 
337 522 585 
764 263 837 
749 728 477 
902 393 967 
296 236 142 
441 737 43 
297 313 223 
899 70 344 
870 647 320 
691 693 997 
405 419 901 
773 639 109 
886 903 157 
846 36 309 
320 853 998 
282 185 717 
863 695 56 
629 365 248 
543 373 839 
735 141 935 
292 564 782 
24 494 567 
63 290 126 
100 448 711 
961 658 595 
652 559 376 
968 983 828 
60 531 303 
72 994 853 
71 561 781 
126 414 656 
453 197 270 
137 61 726 
910 483 847 
794 831 440 
951 109 263 
975 825 800 
941 557 383 
822 899 978 
323 740 953 
47 46 610 
307 221 58 
30 217 640 
802 927 151 
419 980 111 
240 821 544 
842 588 546 
264 683 771 
868 100 958 
757 304 601 
792 407 421 
565 930 524 
638 993 149 
750 257 107 
279 911 552 
264 411 849 
117 762 959 
221 987 187 
407 372 567 
567 159 432 
685 143 933 
622 111 583 
653 795 65 
525 94 560 
311 772 754 
347 159 357 
586 395 43 
721 768 696 
575 222 758 
148 650 883 
364 794 367 
673 663 282 
378 120 725 
709 688 851 
893 547 439 
809 850 751 
828 153 97 
924 140 569 
960 583 402 
379 862 936 
159 565 202 
782 496 563 
355 557 537 
91 14 687 
855 317 318 
612 812 461 
118 767 947 
734 850 408 
203 285 476 
975 832 183 
458 419 812 
960 572 7 
837 513 763 
294 817 85 
437 891 388 
368 885 271 
674 469 368 
119 464 930 
282 233 20 
842 535 996 
885 471 77 
930 676 49 
134 891 514 
608 540 190 
964 578 869 
622 602 609 
590 143 917 
628 428 267 
774 280 870 
958 715 627 
293 986 540 
534 37 608 
860 804 542 
820 75 458 
203 291 840 
213 947 812 
52 475 982 
136 98 175 
183 871 882 
157 712 568 
580 637 188 
605 490 63 
621 241 663 
412 149 143 
219 837 970 
952 648 707 
651 352 991 
618 727 982 
11 354 373 
535 392 19 
325 845 980 
356 325 481 
107 256 913 
186 737 935 
250 56 143 
524 598 690 
913 632 776 
248 415 770 
870 342 63 
217 513 414 
11 768 322 
753 742 740 
679 313 210 
13 340 62 
302 470 839 
803 435 515 
28 636 797 
527 247 287 
191 855 415 
444 671 199 
927 50 353 
102 241 167 
215 664 676 
763 589 944 
868 250 426 
184 72 124 
699 799 486 
579 298 317 
795 16 300 
878 527 939 
937 632 660 
61 724 811 
624 987 217 
181 944 369 
894 127 436 
161 10 63 
330 183 27 
154 762 722 
412 630 56 
833 915 817 
128 407 456 
682 980 420 
441 882 585 
346 954 238 
992 89 362 
68 456 423 
593 592 488 
816 790 970 
706 213 5 
717 275 300 
901 6 232 
668 112 215 
690 236 723 
319 170 975 
117 912 447 
509 725 13 
908 193 700 
934 391 74 
449 153 780 
561 907 815 
312 654 857 
936 481 503 
190 508 163 
519 296 655 
77 894 63 
455 698 146 
651 165 788 
914 62 846 
939 203 864 
357 178 297 
569 511 426 
948 154 475 
792 660 516 
124 474 650 
682 164 704 
204 123 742 
573 13 559 
248 860 911 
195 748 559 
981 623 465 
482 234 132 
315 958 544 
291 867 82 
438 169 276 
540 641 966 
260 909 381 
525 650 771 
152 430 931 
0 891 631 
467 407 22 
41 42 407 
543 822 412 
79 623 545 
805 385 209 
854 768 780 
335 192 754 
450 547 969 
479 800 671 
580 400 12 
58 670 256 
304 24 307 
522 668 148 
53 337 498 
909 160 675 
363 698 561 
827 783 466 
356 593 786 
492 164 953 
554 280 133 
285 220 713 
29 959 342 
392 57 534 
895 238 93 
284 235 813 
723 363 603 
476 293 298 
905 645 21 
120 552 12 
441 507 34 
670 460 780 
588 939 655 
27 932 402 
95 315 411 
720 8 466 
349 821 960 
464 548 939 
902 833 276 
99 360 440 
114 590 612 
673 190 349 
670 587 912 
485 609 169 
823 674 249 
436 67 279 
556 935 332 
920 129 278 
876 556 176 
555 935 514 
761 678 75 
870 33 345 
786 80 247 
885 300 194 
533 197 146 
68 962 149 
837 614 212 
30 213 217 
363 457 662 
874 560 261 
60 500 380 
103 519 353 
965 669 377 
773 315 879 
668 759 361 
618 658 716 
23 522 212 
154 853 4 
971 790 17 
317 237 2 
537 442 95 
878 37 902 
266 938 363 
993 736 566 
942 323 413 
543 665 21 
898 478 788 
951 68 837 
241 324 611 
529 569 271 
375 887 704 
144 221 293 
631 414 855 
694 168 795 
970 72 603 
975 321 262 
607 442 23 
885 781 577 
873 318 966 
931 953 519 
621 921 679 
310 335 753 
354 171 31 
198 492 120 
414 133 148 
407 911 781 
197 89 881 
396 484 623 
789 147 823 
398 256 805 
24 412 698 
873 545 153 
756 273 609 
485 241 247 
660 988 139 
555 913 952 
38 123 669 
427 74 432 
30 86 746 
8 914 779 
777 318 877 
276 812 906 
736 319 498 
14 831 855 
985 758 923 
919 178 530 
902 621 52 
372 822 536 
670 993 32 
664 750 790 
646 689 655 
193 299 147 
319 216 418 
857 374 33 
695 692 682 
640 229 460 
40 678 615 
626 413 332 
10 645 354 
860 895 671 
470 208 255 
819 301 714 
6 517 566 
23 210 934 
227 785 173 
98 81 967 
990 512 207 
123 327 861 
212 944 743 
965 201 901 
255 544 741 
619 985 965 
295 783 324 
246 830 188 
108 711 485 
976 167 740 
634 137 890 
590 925 588 
402 545 742 
146 95 325 
623 400 387 
687 841 937 
592 748 418 
570 46 985 
859 193 148 
586 616 627 
606 541 529 
369 597 674 
598 894 109 
426 639 80 
304 576 329 
936 871 984 
420 712 128 
147 505 728 
555 972 297 
956 622 234 
737 182 321 
3 58 443 
20 377 484 
861 428 723 
466 853 132 
211 569 362 
56 503 3 
562 13 286 
752 788 532 
865 364 480 
870 188 139 
388 74 328 
568 251 353 
30 309 780 
362 626 877 
645 9 345 
389 457 186 
680 330 717 
275 586 420 
523 864 830 
63 97 864 
395 306 10 
69 185 416 
582 377 814 
164 56 595 
345 802 84 
161 374 881 
851 272 934 
244 916 598 
963 407 145 
377 141 111 
203 536 68 
386 531 815 
866 374 551 
304 564 270 
132 652 261 
334 310 946 
535 551 153 
982 767 318 
579 835 579 
991 113 595 
555 168 227 
786 882 392 
172 563 895 
334 729 354 
28 733 870 
345 626 821 
495 694 951 
701 122 922 
46 148 63 
156 721 80 
432 379 980 
14 795 346 
393 727 953 
574 276 707 
738 700 339 
279 39 189 
116 762 220 
939 475 262 
32 277 606 
314 50 430 
310 388 258 
884 780 324 
785 213 398 
627 774 28 
837 290 549 
784 988 696 
678 645 887 
275 248 212 
14 943 616 
269 156 252 
978 350 976 
321 994 467 
271 463 624 
229 396 577 
542 816 270 
63 719 899 
76 882 613 
380 423 594 
751 388 708 
483 85 94 
604 381 890 
22 2 178 
53 188 201 
563 956 815 
872 100 909 
150 915 102 
146 658 358 
859 569 711 
944 852 749 
273 538 270 
492 836 59 
963 86 555 
457 772 343 
570 830 860 
137 919 157 
472 409 347 
887 371 539 
903 158 854 
837 601 366 
596 886 654 
539 716 401 
281 883 448 
794 626 576 
258 827 482 
418 445 627 
170 223 401 
716 203 952 
145 575 168 
489 983 655 
119 4 880 
422 191 988 
289 80 132 
553 856 578 
573 844 248 
222 623 56 
148 510 418 
355 332 331 
65 440 557 
649 439 35 
139 88 821 
128 738 266 
424 952 306 
652 871 680 
705 883 482 
272 506 244 
317 869 123 
23 908 396 
772 609 849 
916 659 677 
898 342 229 
335 701 180 
647 573 965 
459 546 937 
902 190 13 
15 899 24 
853 104 434 
374 871 857 
5 935 245 
803 401 128 
71 599 75 
584 569 46 
838 925 315 
34 457 386 
702 85 70 
790 457 396 
78 241 891 
911 791 909 
20 304 487 
655 860 157 
738 169 149 
764 984 709 
924 138 834 
968 393 327 
778 200 705 
242 850 579 
489 117 965 
558 243 668 
106 767 421 
104 112 680 
852 306 891 
161 680 422 
723 920 921 
742 549 711 
991 359 947 
186 167 781 
391 83 585 
654 254 588 
302 717 775 
560 127 965 
978 439 801 
383 893 213 
453 515 890 
309 484 695 
804 175 695 
975 872 875 
660 209 353 
64 180 299 
940 518 506 
828 434 876 
382 83 867 
407 471 184 
503 840 704 
805 927 57 
161 353 603 
604 750 105 
29 495 628 
875 171 527 
384 984 994 
192 474 909 
413 63 918 
559 549 485 
211 928 427 
360 732 954 
984 79 61 
167 629 633 
336 731 103 
499 492 63 
898 149 711 
882 86 15 
954 789 735 
821 547 180 
790 604 144 
140 621 512 
103 646 248 
596 738 366 
79 660 112 
232 264 530 
919 288 521 
188 149 804 
115 222 999 
312 178 514 
648 677 488 
152 922 120 
458 771 659 
411 899 258 
991 98 244 
304 219 956 
581 641 810 
283 732 593 
584 210 796 
922 883 738 
890 529 786 
592 513 150 
46 535 309 
175 829 398 
372 680 893 
198 489 72 
317 235 434 
651 335 772 
785 712 82 
424 175 78 
77 878 188 
528 149 849 
916 778 263 
958 595 478 
281 76 873 
40 506 607 
145 994 10 
745 931 532 
580 46 481 
124 841 570 
719 631 134 
889 243 921 
893 810 652 
950 945 761 
8 957 738 
104 917 630 
769 593 873 
872 902 778 
36 161 461 
518 147 211 
454 252 288 
135 996 670 
444 57 69 
936 167 120 
320 715 439 
8 334 85 
588 534 62 
15 756 215 
276 971 938 
686 188 295 
616 304 32 
250 262 133 
674 994 459 
117 923 104 
648 604 145 
657 788 148 
119 321 122 
245 310 358 
567 252 465 
15 719 557 
551 919 23 
518 394 777 
965 866 468 
57 971 231 
433 861 739 
541 935 743 
180 291 578 
904 499 655 
988 322 597 
913 545 993 
32 884 145 
712 842 115 
759 636 361 
716 742 111 
713 852 564 
771 868 975 
526 472 707 
897 778 220 
531 206 196 
534 531 443 
424 167 538 
743 182 814 
493 649 820 
295 342 703 
525 407 576 
696 999 990 
494 679 250 
305 228 988 
693 635 678 
497 522 655 
420 438 386 
989 767 273 
83 366 797 
597 61 270 
696 870 556 
686 261 751 
712 450 919 
392 496 749 
348 727 45 
687 344 849 
507 769 997 
861 898 549 
516 214 459 
76 221 827 
349 13 907 
629 32 511 
115 580 1 
868 546 46 
123 394 446 
638 383 118 
973 692 234 
815 906 974 
877 668 422 
579 474 996 
914 672 186 
1 635 97 
275 207 806 
973 199 598 
579 278 968 
1 351 108 
31 355 89 
150 891 254 
214 812 399 
23 895 691 
189 569 8 
126 518 308 
844 629 811 
754 780 365 
437 430 470 
292 201 201 
842 158 152 
234 488 433 
459 657 29 
466 923 545 
