572 760 798 
380 357 245 
96 237 144 
280 293 60 
662 604 522 
797 93 645 
294 650 288 
818 121 775 
892 58 339 
803 981 666 
409 175 310 
848 466 662 
864 143 31 
569 506 895 
361 646 270 
744 941 436 
748 619 402 
150 304 805 
100 817 911 
497 736 364 
343 273 807 
867 980 353 
776 672 278 
992 486 111 
224 523 497 
564 172 952 
688 323 633 
892 956 243 
951 801 559 
328 321 952 
883 267 57 
294 120 281 
569 230 909 
789 661 148 
688 530 375 
801 776 521 
386 584 671 
180 424 947 
758 101 551 
299 848 509 
558 434 728 
573 885 95 
919 82 458 
469 429 713 
648 696 457 
655 410 925 
283 603 326 
213 527 619 
548 798 860 
504 909 838 
906 319 137 
109 931 228 
872 517 152 
917 450 25 
300 88 891 
695 317 658 
246 571 142 
213 450 322 
594 790 42 
504 348 968 
29 238 922 
464 118 491 
151 262 775 
446 799 572 
206 77 765 
174 442 806 
321 855 726 
119 445 36 
507 251 950 
158 477 36 
952 410 860 
712 594 341 
266 866 793 
438 860 173 
849 844 234 
559 453 376 
736 224 223 
185 527 133 
156 258 590 
381 711 146 
545 680 85 
704 844 495 
976 929 857 
220 453 328 
549 383 625 
200 408 169 
680 521 987 
641 134 196 
620 553 910 
645 405 732 
503 764 12 
662 647 80 
739 416 384 
441 718 510 
711 312 844 
535 675 157 
167 609 978 
533 470 518 
807 6 346 
383 848 872 
494 635 100 
753 263 491 
434 405 291 
798 532 689 
214 628 274 
994 663 273 
787 455 281 
537 543 784 
813 266 360 
465 581 202 
694 526 659 
934 625 909 
936 708 785 
307 593 373 
282 980 628 
106 876 195 
360 586 550 
577 730 214 
482 910 700 
858 388 473 
216 120 108 
854 810 201 
515 723 787 
451 594 302 
834 698 237 
311 437 284 
167 61 453 
118 519 496 
87 756 280 
419 703 49 
151 572 551 
139 285 977 
902 833 996 
512 748 685 
975 939 128 
928 322 862 
164 934 256 
646 833 919 
579 56 588 
535 61 467 
994 267 997 
732 368 896 
350 164 50 
866 250 560 
413 997 116 
596 753 932 
971 308 350 
332 818 769 
879 668 428 
453 308 435 
605 963 777 
61 835 653 
780 419 771 
756 580 503 
865 582 69 
649 847 175 
104 41 710 
678 934 26 
627 586 717 
542 392 834 
380 547 627 
358 304 730 
916 333 185 
889 624 59 
759 644 211 
671 902 548 
914 975 56 
507 582 616 
217 179 709 
981 366 219 
762 403 775 
133 517 600 
667 111 725 
542 411 68 
993 743 119 
254 454 374 
404 530 43 
296 999 63 
728 709 771 
540 685 999 
150 6 463 
758 258 372 
925 885 711 
727 288 692 
773 216 753 
843 943 728 
253 624 500 
102 51 918 
487 593 407 
466 983 578 
567 114 368 
668 10 93 
720 27 56 
105 830 614 
131 741 44 
195 549 675 
565 566 693 
561 321 365 
345 21 590 
147 463 595 
313 831 550 
660 914 280 
271 980 686 
792 977 264 
781 161 650 
995 563 936 
857 420 420 
229 72 77 
416 820 928 
746 727 779 
644 43 662 
488 975 496 
687 71 986 
145 87 357 
630 535 544 
212 239 906 
967 515 777 
440 744 760 
276 327 437 
165 675 303 
142 253 123 
455 618 177 
703 18 379 
700 88 806 
616 815 41 
761 380 481 
848 8 355 
887 80 333 
365 540 836 
372 723 397 
839 98 223 
148 943 347 
704 38 175 
878 154 171 
19 839 700 
322 295 938 
995 702 704 
702 484 874 
580 174 207 
396 277 543 
367 968 160 
382 101 380 
892 442 916 
491 310 633 
768 129 674 
394 408 906 
115 566 554 
727 803 923 
749 510 639 
382 242 660 
378 181 412 
170 450 751 
102 650 951 
209 908 508 
495 861 585 
545 454 264 
455 187 203 
329 150 247 
702 569 675 
0 230 84 
618 473 439 
450 943 471 
304 937 821 
641 290 91 
401 173 637 
344 737 680 
885 192 774 
481 73 111 
169 178 716 
645 362 276 
316 841 827 
735 816 225 
659 371 415 
977 998 757 
131 925 314 
225 861 637 
532 545 66 
212 313 871 
58 525 665 
773 945 291 
493 214 431 
130 641 304 
794 359 580 
321 475 377 
781 187 630 
531 104 230 
307 184 118 
640 193 521 
339 315 106 
533 24 931 
482 750 784 
218 337 300 
200 498 576 
256 408 351 
328 535 22 
559 733 673 
538 206 874 
237 763 674 
983 507 256 
472 501 237 
643 649 961 
939 752 940 
183 209 628 
241 950 104 
81 919 657 
166 77 995 
958 122 561 
775 775 16 
615 778 174 
829 293 809 
918 48 607 
610 484 5 
273 536 93 
655 113 992 
368 138 219 
15 628 858 
118 990 188 
91 596 339 
383 806 135 
653 333 428 
222 323 514 
434 959 618 
639 673 110 
946 430 473 
852 963 179 
266 763 185 
411 879 173 
265 748 191 
165 615 123 
273 133 446 
797 987 838 
515 293 295 
334 526 540 
451 236 709 
783 540 695 
183 850 950 
324 514 667 
513 214 458 
849 932 360 
255 786 559 
302 969 692 
456 178 403 
507 316 890 
649 921 103 
62 679 396 
634 607 847 
474 512 147 
182 151 709 
269 436 903 
91 354 463 
407 475 238 
651 85 484 
309 744 632 
539 237 919 
401 448 633 
930 25 664 
936 152 77 
764 244 913 
741 270 47 
492 562 579 
502 467 85 
345 418 823 
500 630 876 
862 487 90 
973 693 585 
315 208 91 
354 699 975 
373 161 880 
617 63 879 
751 174 765 
679 814 441 
815 217 493 
316 690 285 
304 498 809 
877 188 269 
887 44 931 
160 631 314 
894 94 594 
633 758 721 
652 34 382 
895 596 937 
1 183 582 
359 132 313 
391 333 711 
460 604 614 
829 57 8 
54 61 428 
392 543 861 
394 500 138 
698 462 220 
634 335 142 
756 164 167 
331 278 562 
784 910 43 
655 70 605 
749 230 817 
220 388 587 
933 65 795 
811 356 184 
534 263 514 
869 738 418 
428 768 665 
740 909 817 
617 640 223 
725 464 552 
771 634 351 
608 829 732 
439 56 910 
210 988 58 
759 546 829 
308 352 529 
348 456 74 
631 672 22 
975 815 629 
603 884 404 
589 506 271 
678 157 9 
163 500 870 
295 309 396 
15 218 987 
854 836 173 
664 870 92 
334 174 72 
428 989 184 
590 572 216 
91 597 371 
395 177 206 
333 717 769 
512 277 263 
310 466 879 
301 490 622 
687 46 367 
682 480 313 
731 664 738 
205 373 764 
19 651 520 
22 864 759 
819 797 81 
376 730 580 
991 193 197 
457 274 856 
578 816 611 
140 665 6 
450 356 533 
625 629 819 
914 397 326 
383 711 833 
144 400 250 
432 182 654 
362 788 304 
67 565 925 
315 983 990 
158 355 2 
658 985 815 
181 792 353 
769 466 131 
68 449 841 
581 260 510 
868 449 931 
320 834 549 
244 652 184 
802 177 829 
662 34 246 
796 989 317 
180 995 606 
312 146 643 
158 179 126 
96 165 516 
481 726 374 
589 625 915 
793 391 480 
825 452 74 
769 61 400 
626 539 849 
848 487 686 
338 852 505 
738 719 539 
822 478 151 
847 994 598 
405 258 514 
703 803 367 
261 508 72 
379 39 738 
520 379 299 
928 30 279 
660 120 736 
435 936 739 
543 366 674 
833 98 299 
258 254 854 
637 91 728 
476 880 129 
172 303 186 
429 616 944 
25 703 355 
560 902 831 
113 769 190 
527 595 665 
594 33 131 
292 132 928 
997 886 962 
797 720 410 
471 753 156 
233 508 250 
718 474 790 
492 183 170 
497 669 675 
553 11 724 
212 481 27 
431 607 827 
831 784 534 
440 525 452 
396 656 50 
848 992 803 
630 888 569 
178 896 933 
88 457 949 
521 298 651 
60 890 44 
778 533 298 
569 833 488 
551 599 408 
283 483 520 
172 171 122 
20 720 714 
555 300 188 
33 958 945 
880 925 680 
299 509 942 
494 494 632 
229 451 694 
252 819 783 
483 331 454 
823 455 464 
62 763 405 
804 398 585 
132 788 687 
355 936 11 
502 838 994 
537 461 530 
829 352 510 
129 737 54 
356 942 350 
588 964 204 
14 274 113 
376 45 460 
790 108 236 
517 707 576 
704 431 114 
855 770 372 
572 603 663 
701 421 598 
712 916 806 
327 812 871 
545 973 448 
220 854 75 
137 819 588 
184 977 173 
620 394 973 
223 327 14 
119 843 928 
614 751 187 
572 839 532 
530 702 86 
873 41 679 
423 258 779 
171 626 149 
678 150 666 
478 527 661 
283 571 64 
465 184 790 
400 429 30 
249 95 161 
520 187 660 
104 143 712 
726 212 822 
920 395 890 
736 686 736 
671 270 384 
942 361 249 
558 613 650 
816 899 616 
495 599 881 
692 240 36 
265 246 704 
959 207 896 
611 365 540 
104 7 265 
710 110 483 
624 426 303 
573 263 282 
555 880 75 
345 735 458 
349 434 255 
619 608 649 
548 281 688 
809 430 321 
537 141 886 
536 313 66 
907 951 171 
945 655 813 
721 259 180 
446 821 893 
457 969 140 
58 195 328 
976 744 394 
504 992 162 
865 880 982 
157 809 503 
332 303 427 
422 756 977 
984 620 643 
445 215 928 
833 370 313 
585 632 532 
893 626 799 
345 59 433 
186 966 279 
246 135 864 
677 649 231 
551 315 468 
471 421 831 
776 242 740 
165 763 413 
661 517 14 
974 636 576 
701 826 857 
253 72 394 
338 820 303 
481 731 117 
146 924 304 
742 846 423 
945 40 883 
752 772 581 
914 530 929 
384 428 497 
662 608 870 
4 395 490 
737 284 712 
2 501 751 
986 639 14 
809 188 544 
446 65 562 
575 570 411 
617 592 361 
343 99 597 
959 893 206 
642 920 250 
532 168 135 
676 597 152 
526 695 168 
421 40 217 
161 94 82 
848 644 239 
185 454 743 
476 917 790 
822 753 738 
878 400 601 
663 384 447 
377 895 863 
517 935 381 
66 953 20 
213 384 473 
364 614 145 
554 702 275 
909 411 92 
41 851 799 
265 994 504 
0 993 519 
202 497 10 
157 207 156 
117 727 671 
443 217 9 
219 874 780 
796 440 776 
295 269 468 
71 989 337 
652 473 671 
875 959 634 
407 957 419 
301 423 629 
514 399 462 
710 512 423 
366 840 524 
231 277 122 
377 660 189 
124 503 632 
330 753 755 
857 128 569 
848 667 927 
780 568 656 
628 98 563 
400 965 864 
866 731 600 
190 617 331 
776 899 895 
247 758 873 
939 130 8 
758 828 67 
192 783 773 
685 492 753 
188 446 341 
130 230 76 
366 905 113 
491 587 486 
860 516 579 
804 463 488 
476 915 843 
210 58 922 
333 354 483 
354 756 437 
714 886 844 
490 21 327 
255 975 214 
611 320 26 
323 253 891 
725 482 728 
100 472 140 
428 874 658 
20 76 336 
18 701 46 
544 39 453 
417 972 744 
954 485 59 
342 96 356 
460 357 300 
887 945 729 
87 155 443 
406 90 586 
286 399 899 
621 297 928 
762 463 405 
911 386 517 
311 437 431 
498 204 139 
960 727 208 
847 705 823 
747 950 969 
425 656 659 
282 199 186 
6 770 75 
334 232 45 
281 224 946 
797 383 115 
501 567 312 
560 452 939 
617 489 253 
832 683 147 
583 609 175 
86 742 832 
799 467 441 
342 713 857 
253 300 647 
963 274 544 
833 881 235 
984 885 698 
195 276 756 
955 219 627 
341 806 960 
901 183 306 
761 704 568 
123 606 642 
435 878 339 
529 958 956 
620 666 641 
688 732 948 
242 694 614 
520 902 985 
820 920 738 
737 741 313 
120 360 320 
462 988 56 
535 642 558 
155 24 313 
282 93 493 
908 483 338 
827 256 134 
336 383 930 
986 608 260 
561 78 55 
282 719 211 
635 872 333 
296 613 458 
787 245 234 
485 577 439 
436 71 84 
857 291 996 
112 492 100 
500 391 805 
772 912 299 
429 316 19 
966 166 0 
781 467 768 
93 377 48 
684 159 849 
491 800 892 
360 358 281 
825 357 744 
183 759 367 
129 26 777 
452 386 994 
820 492 919 
852 619 546 
554 40 574 
474 574 663 
855 853 604 
562 906 74 
813 150 486 
144 132 524 
403 726 407 
677 338 155 
986 82 259 
89 720 745 
512 403 520 
563 228 16 
824 963 630 
584 792 737 
216 515 605 
581 855 833 
952 783 582 
892 306 474 
179 881 951 
929 982 670 
117 321 258 
829 647 671 
905 974 762 
371 472 459 
99 505 628 
229 522 568 
711 373 856 
388 779 724 
145 110 370 
515 525 443 
135 911 697 
329 501 140 
476 790 627 
154 945 403 
888 933 569 
102 144 662 
58 421 211 
127 391 534 
486 92 981 
380 1 741 
712 875 132 
936 208 652 
191 107 307 
733 796 319 
256 56 651 
912 669 899 
170 705 774 
455 359 748 
483 498 27 
47 748 792 
741 90 851 
638 864 613 
423 239 858 
671 656 599 
690 184 948 
557 844 664 
541 541 77 
121 780 483 
950 759 86 
292 975 329 
185 790 81 
511 820 344 
663 490 849 
900 506 555 
23 881 896 
227 512 38 
1 26 3 
160 837 172 
959 100 405 
197 110 968 
964 173 281 
275 218 207 
69 173 70 
43 58 953 
20 203 612 
648 378 75 
912 783 299 
626 685 888 
671 517 308 
62 719 890 
805 81 752 
969 39 330 
332 463 828 
225 695 916 
199 378 292 
453 363 814 
269 236 169 
229 153 763 
797 432 997 
23 214 221 
362 737 128 
453 22 640 
584 247 330 
274 787 959 
7 178 603 
393 518 467 
639 311 859 
762 374 187 
853 601 440 
206 573 504 
601 846 936 
166 35 918 
546 454 351 
575 105 725 
711 564 395 
103 523 628 
805 225 526 
585 914 489 
524 581 956 
721 722 796 
577 835 130 
852 733 350 
354 601 168 
207 912 477 
252 763 420 
244 94 496 
538 814 118 
276 370 926 
364 269 782 
703 25 743 
424 343 423 
932 37 11 
870 245 393 
953 717 199 
480 805 897 
369 750 955 
972 370 461 
427 957 575 
105 659 903 
722 801 278 
873 142 291 
34 867 55 
548 536 143 
446 844 188 
275 922 914 
260 90 938 
297 765 361 
567 78 152 
597 351 405 
940 198 332 
991 805 992 
547 402 323 
63 799 773 
525 468 110 
127 716 848 
836 595 612 
315 243 969 
845 986 156 
748 344 603 
999 867 517 
486 527 335 
601 650 281 
408 964 296 
938 388 144 
912 96 493 
630 215 577 
94 483 698 
960 138 144 
753 598 769 
151 658 412 
135 161 825 
583 194 524 
122 925 593 
370 115 539 
628 773 496 
121 644 190 
884 237 471 
365 832 828 
895 338 348 
439 665 858 
856 42 693 
357 693 864 
375 700 236 
586 888 433 
898 878 321 
310 120 132 
790 55 107 
668 19 660 
732 435 446 
278 166 493 
376 827 174 
172 553 493 
108 54 887 
924 350 189 
107 364 315 
799 208 681 
187 510 896 
527 304 690 
629 102 168 
58 177 794 
514 482 635 
800 251 743 
719 941 860 
205 144 177 
690 953 596 
64 729 994 
372 545 950 
