613 902 281 
706 435 358 
233 136 968 
871 999 874 
716 419 568 
471 734 519 
710 434 765 
894 238 909 
987 379 677 
115 533 762 
523 159 511 
12 824 492 
236 206 139 
633 347 341 
521 64 630 
336 458 796 
484 201 663 
197 30 17 
64 90 959 
55 226 729 
836 61 597 
589 570 424 
524 909 967 
481 38 165 
193 637 793 
491 515 869 
662 337 86 
539 87 890 
548 178 293 
986 384 568 
142 942 929 
851 260 813 
804 437 873 
666 49 229 
238 487 166 
235 539 415 
280 504 65 
32 513 560 
907 236 147 
725 114 19 
810 777 431 
270 455 439 
540 914 136 
639 356 94 
693 332 353 
875 254 124 
532 936 577 
331 766 631 
191 332 205 
304 70 790 
539 455 401 
86 513 876 
147 863 952 
351 274 563 
0 534 504 
444 289 125 
494 803 687 
377 857 292 
859 113 998 
396 219 537 
17 217 308 
28 849 436 
190 901 168 
285 46 538 
447 636 249 
718 134 415 
987 306 176 
621 600 375 
700 549 290 
626 601 204 
321 772 985 
553 928 637 
926 783 196 
109 883 110 
464 767 641 
702 699 978 
577 74 923 
917 497 253 
851 942 832 
603 192 406 
811 422 185 
101 602 652 
677 486 501 
985 838 71 
519 559 627 
808 285 542 
563 877 416 
633 837 57 
565 463 805 
585 590 147 
945 970 530 
305 601 128 
191 572 45 
548 120 185 
464 672 257 
122 578 275 
911 680 460 
836 341 312 
692 692 441 
192 9 829 
444 231 40 
400 456 438 
644 776 517 
151 669 569 
188 584 551 
276 621 204 
563 354 907 
174 362 530 
276 483 454 
569 127 795 
907 365 662 
292 754 926 
875 635 959 
618 847 759 
760 115 357 
372 254 790 
534 401 544 
139 421 591 
682 524 898 
86 389 13 
356 557 96 
606 615 149 
860 927 726 
76 757 625 
514 193 852 
925 32 400 
65 931 32 
76 790 905 
129 540 975 
622 987 508 
654 186 325 
537 890 700 
652 496 71 
767 805 771 
162 738 385 
993 563 883 
623 705 452 
383 104 467 
65 408 324 
811 157 268 
586 443 404 
341 164 916 
88 707 953 
544 74 890 
915 47 738 
745 945 651 
458 545 512 
970 956 565 
610 81 108 
652 864 16 
801 665 179 
261 964 611 
70 856 147 
294 840 160 
576 781 542 
41 489 793 
709 251 445 
163 925 760 
44 538 201 
329 669 914 
634 285 757 
833 491 552 
43 951 520 
572 49 129 
136 630 700 
202 601 767 
564 399 122 
125 911 197 
172 470 1 
274 561 809 
654 884 679 
969 695 386 
6 990 355 
37 676 609 
389 258 427 
84 651 303 
656 541 374 
551 788 517 
293 100 623 
48 461 952 
0 755 876 
536 193 837 
555 646 183 
964 296 681 
112 933 739 
763 157 560 
769 983 87 
77 772 605 
14 503 492 
235 868 955 
278 385 415 
556 874 881 
678 351 843 
546 27 830 
504 536 902 
692 303 121 
395 892 913 
142 850 670 
177 572 916 
918 957 998 
613 722 199 
817 453 273 
446 675 704 
859 629 993 
589 32 629 
500 332 257 
134 783 825 
69 721 192 
5 393 985 
848 963 952 
447 793 352 
810 949 35 
251 140 770 
962 717 20 
428 592 10 
150 412 11 
437 712 939 
450 658 775 
411 729 76 
676 760 95 
543 167 221 
320 479 62 
402 732 920 
562 315 747 
111 982 252 
315 13 700 
745 495 100 
726 210 38 
178 150 356 
190 235 899 
2 203 619 
528 74 775 
880 458 940 
7 902 735 
509 320 516 
93 626 877 
235 678 144 
6 583 406 
888 222 38 
982 87 129 
262 129 628 
600 3 279 
227 195 854 
115 655 530 
825 574 723 
71 406 943 
337 235 192 
152 620 668 
713 429 992 
623 818 227 
698 136 385 
818 41 812 
180 585 412 
583 677 637 
493 838 598 
517 139 539 
107 637 397 
617 710 781 
258 243 750 
782 790 677 
353 792 695 
662 544 466 
86 705 226 
24 96 422 
392 954 684 
954 520 271 
271 248 589 
837 387 26 
372 315 670 
336 377 613 
751 147 848 
59 475 895 
183 599 645 
827 152 144 
93 214 829 
280 375 480 
52 383 620 
546 306 306 
710 339 172 
548 732 600 
960 879 749 
918 458 830 
434 439 466 
114 252 600 
235 631 117 
915 367 843 
330 309 654 
690 926 221 
5 49 474 
168 954 797 
848 517 54 
79 286 74 
732 391 808 
147 78 193 
863 777 710 
952 213 231 
818 678 306 
228 577 5 
416 366 98 
261 803 20 
659 706 621 
717 279 921 
958 778 209 
512 448 53 
741 391 936 
237 326 311 
184 583 706 
317 426 19 
969 978 551 
424 364 738 
310 876 691 
159 928 43 
111 722 711 
219 950 918 
567 467 212 
121 277 678 
38 855 356 
624 475 124 
590 563 691 
430 703 486 
633 525 590 
3 341 176 
693 564 794 
902 287 57 
686 237 233 
400 920 618 
881 833 915 
838 523 901 
169 177 587 
43 147 981 
92 70 316 
538 399 303 
854 969 247 
226 580 343 
681 159 142 
225 130 320 
851 279 952 
818 761 790 
642 954 911 
549 420 901 
68 667 842 
195 977 723 
741 73 729 
166 972 563 
217 668 90 
210 33 310 
309 839 738 
442 167 876 
371 596 949 
203 212 94 
269 374 723 
988 924 834 
292 326 989 
480 314 363 
998 745 749 
366 525 366 
588 224 264 
961 66 122 
753 156 157 
340 928 452 
193 159 682 
609 963 52 
944 125 41 
23 562 382 
159 843 250 
578 284 683 
966 302 43 
602 453 435 
853 64 578 
101 332 234 
62 889 227 
77 384 163 
513 262 863 
554 900 641 
697 48 425 
516 900 137 
538 175 593 
735 65 914 
168 552 857 
59 351 469 
827 786 324 
223 678 75 
738 640 336 
768 632 299 
561 344 12 
106 591 312 
455 570 939 
124 682 333 
930 707 895 
51 712 796 
178 142 592 
640 390 497 
46 254 884 
99 949 548 
102 86 652 
273 281 671 
34 381 969 
617 267 9 
158 83 611 
296 725 234 
848 49 425 
36 972 304 
872 283 983 
152 50 257 
107 280 140 
614 689 831 
939 900 969 
165 580 107 
854 279 528 
310 448 366 
381 712 523 
461 504 212 
421 366 405 
721 301 864 
553 470 735 
542 927 247 
420 375 447 
236 134 685 
365 226 504 
716 53 369 
916 658 60 
482 287 821 
849 610 935 
77 995 879 
500 552 844 
901 452 675 
723 414 257 
124 40 676 
141 465 984 
196 494 468 
648 345 372 
510 893 226 
838 132 370 
290 573 483 
788 665 697 
460 304 195 
7 107 892 
781 452 954 
442 912 107 
141 984 292 
770 882 333 
962 147 663 
326 942 326 
407 654 815 
308 26 941 
300 422 976 
559 148 532 
682 101 682 
897 62 561 
532 987 941 
90 214 809 
210 216 664 
902 505 129 
312 810 889 
834 973 247 
183 673 690 
304 185 959 
827 406 276 
651 480 540 
619 386 707 
498 621 74 
398 744 809 
37 334 512 
464 443 662 
326 422 153 
402 299 743 
6 481 492 
123 627 637 
721 189 346 
907 666 542 
735 753 276 
440 572 673 
17 26 713 
113 270 663 
104 107 541 
603 119 488 
507 52 686 
892 604 40 
968 54 522 
697 718 975 
325 658 343 
348 84 540 
820 617 201 
713 87 796 
323 964 700 
60 829 131 
672 828 68 
99 910 583 
910 38 456 
969 349 323 
739 40 802 
931 659 630 
263 947 869 
916 285 427 
220 756 964 
378 858 523 
873 707 512 
73 777 544 
418 15 252 
337 713 931 
741 105 772 
739 230 438 
473 484 872 
507 668 5 
47 179 866 
77 676 52 
616 966 341 
606 148 572 
863 303 493 
774 443 452 
383 344 511 
853 886 186 
475 750 604 
113 19 862 
437 64 925 
246 807 803 
512 392 776 
463 205 856 
823 753 433 
139 933 162 
704 603 700 
803 214 893 
181 291 534 
720 632 626 
590 881 388 
361 129 639 
239 289 692 
744 775 828 
661 558 446 
595 476 978 
620 629 974 
251 182 689 
38 147 701 
89 308 671 
722 267 562 
488 260 588 
905 43 12 
75 179 521 
520 712 105 
931 284 311 
716 647 423 
181 808 991 
336 6 469 
756 193 80 
655 287 348 
471 270 7 
35 846 744 
596 420 215 
73 591 512 
231 948 676 
365 889 316 
157 289 741 
372 340 439 
829 28 692 
750 996 413 
21 773 107 
651 194 219 
674 921 665 
106 119 331 
694 588 381 
12 708 589 
476 256 417 
128 257 844 
469 462 779 
618 495 928 
570 224 732 
950 483 448 
781 369 971 
514 931 2 
808 765 594 
165 919 237 
687 192 349 
390 776 70 
998 870 294 
289 379 689 
529 59 676 
334 905 61 
762 94 780 
368 375 677 
537 41 85 
554 847 602 
624 321 850 
387 128 519 
588 280 414 
997 404 28 
979 845 134 
507 184 249 
503 957 925 
388 818 702 
633 592 300 
58 707 390 
193 46 139 
909 817 889 
152 33 138 
442 311 524 
43 611 149 
395 354 227 
641 255 586 
338 600 76 
349 837 454 
542 282 601 
478 839 139 
452 142 957 
702 327 10 
984 118 495 
580 921 229 
323 517 974 
136 456 331 
371 623 144 
678 402 255 
546 632 251 
614 746 505 
382 651 457 
140 93 967 
647 562 831 
52 349 73 
591 992 247 
856 363 70 
758 506 824 
673 268 860 
635 558 985 
653 947 189 
762 457 930 
731 761 490 
529 400 183 
651 931 504 
838 322 394 
496 124 362 
190 462 905 
466 844 509 
353 742 843 
516 173 639 
849 266 132 
794 652 169 
847 802 21 
412 827 370 
983 5 15 
467 982 944 
420 951 474 
13 708 280 
426 142 396 
903 61 718 
419 60 515 
122 373 703 
691 415 145 
810 142 543 
325 307 744 
937 388 441 
295 420 629 
634 187 664 
389 238 30 
217 431 524 
653 216 200 
375 420 784 
319 253 192 
442 1 844 
838 798 171 
585 121 71 
728 230 56 
336 371 911 
526 441 542 
546 939 993 
488 73 656 
462 685 325 
696 696 392 
304 866 918 
212 494 714 
132 664 761 
407 306 184 
768 783 762 
312 892 607 
893 700 431 
87 138 570 
633 186 940 
617 216 51 
879 795 227 
811 359 310 
635 487 365 
920 47 21 
831 424 306 
903 579 658 
891 593 816 
490 41 189 
633 442 361 
254 78 47 
317 657 16 
693 795 975 
65 994 455 
975 710 56 
390 208 475 
916 288 924 
545 508 705 
65 46 574 
988 49 313 
315 172 225 
672 498 785 
294 280 448 
579 75 328 
197 983 103 
667 315 235 
244 536 352 
431 418 343 
618 193 282 
178 698 141 
767 230 281 
856 454 293 
111 991 798 
138 826 465 
306 608 772 
365 900 182 
669 785 540 
347 391 817 
814 706 849 
408 465 186 
771 430 635 
357 832 470 
682 451 610 
795 781 602 
975 503 761 
444 216 7 
208 773 715 
414 260 608 
126 148 242 
901 196 682 
377 313 405 
429 713 809 
997 877 16 
84 86 865 
471 165 593 
921 932 98 
976 752 881 
428 503 995 
481 83 697 
946 139 45 
383 202 743 
162 475 941 
205 303 395 
495 797 870 
832 757 993 
6 70 548 
326 52 590 
220 793 710 
391 263 679 
87 572 385 
69 892 871 
141 334 530 
802 658 515 
130 726 545 
572 395 469 
4 669 650 
97 332 820 
304 896 303 
46 943 695 
28 185 42 
499 548 836 
49 422 735 
467 614 607 
424 103 591 
770 111 546 
16 415 296 
160 948 775 
501 177 680 
488 405 283 
892 65 607 
492 391 657 
535 524 950 
258 564 225 
368 211 731 
965 961 412 
500 842 713 
586 327 510 
160 82 2 
81 665 346 
842 195 984 
859 155 171 
713 131 839 
122 615 895 
375 405 653 
749 712 969 
140 935 316 
129 738 508 
500 915 603 
80 992 322 
831 500 635 
740 736 928 
405 179 150 
45 910 184 
232 31 868 
523 601 351 
954 223 429 
751 237 875 
263 407 819 
868 448 53 
842 613 14 
312 867 1 
383 813 649 
591 184 258 
114 971 454 
16 617 190 
104 935 388 
76 575 585 
329 907 412 
488 240 907 
148 451 901 
225 394 571 
382 61 809 
5 363 372 
36 320 350 
976 877 877 
888 626 654 
991 76 962 
175 88 5 
141 108 611 
312 269 954 
952 533 55 
671 33 992 
766 811 852 
318 757 6 
201 286 625 
231 763 181 
468 7 395 
582 702 712 
24 348 894 
85 779 757 
271 711 607 
94 110 904 
766 189 951 
840 294 503 
543 426 362 
94 379 59 
301 446 304 
846 449 780 
604 822 886 
19 786 225 
518 813 347 
741 700 3 
367 987 469 
553 804 69 
887 305 173 
28 767 794 
299 498 423 
948 97 33 
523 315 1 
902 908 406 
988 718 998 
803 183 123 
220 289 105 
834 76 721 
48 117 660 
489 140 104 
283 918 3 
562 109 462 
452 34 422 
544 831 11 
688 480 361 
78 984 523 
733 882 50 
227 614 211 
325 695 313 
988 904 803 
183 490 756 
967 161 710 
244 526 4 
110 742 14 
900 106 846 
719 340 446 
248 753 155 
697 818 326 
722 976 492 
665 266 135 
152 434 395 
45 92 240 
311 427 334 
377 414 922 
255 545 402 
342 176 612 
602 106 913 
281 811 161 
593 478 658 
262 223 738 
287 433 679 
675 940 87 
912 757 867 
988 458 363 
21 424 405 
733 142 763 
372 654 590 
758 32 520 
299 504 418 
214 770 961 
512 846 852 
175 713 450 
749 650 803 
18 912 286 
953 319 566 
525 939 166 
245 878 301 
559 821 886 
921 465 494 
985 441 595 
829 69 260 
738 917 380 
298 458 818 
780 603 979 
361 844 753 
490 516 101 
782 600 609 
986 431 259 
530 174 840 
599 911 273 
194 625 359 
766 623 600 
902 364 326 
760 16 703 
522 684 276 
483 165 296 
108 420 266 
312 992 972 
759 544 322 
850 25 904 
556 619 170 
468 437 816 
117 790 675 
796 466 696 
619 384 653 
818 940 933 
473 756 345 
742 82 57 
237 847 768 
56 808 301 
823 751 912 
252 180 247 
699 999 634 
823 840 839 
961 301 694 
723 80 632 
92 697 458 
355 768 326 
300 742 891 
944 6 295 
25 805 480 
257 534 623 
916 774 212 
510 969 654 
786 842 440 
116 46 316 
495 241 874 
256 322 856 
68 394 618 
525 216 209 
638 387 65 
636 557 816 
788 520 278 
327 869 395 
391 170 163 
224 73 545 
358 159 645 
555 513 776 
304 136 178 
124 705 266 
279 321 963 
382 834 536 
589 450 181 
444 143 996 
401 353 832 
532 888 334 
858 495 139 
192 823 738 
301 621 277 
279 670 90 
700 591 35 
137 969 740 
515 851 547 
33 29 30 
434 441 733 
171 175 169 
37 374 191 
923 384 859 
185 768 34 
890 343 561 
403 374 393 
545 610 807 
388 755 902 
202 482 931 
240 146 915 
220 732 830 
354 678 38 
655 970 361 
282 859 223 
554 668 131 
521 809 5 
349 42 677 
855 495 601 
980 208 713 
807 275 482 
797 359 455 
411 342 3 
709 280 330 
889 940 228 
734 548 773 
