462 606 917 
894 596 578 
485 454 949 
424 53 396 
433 186 857 
856 808 322 
692 612 12 
753 41 223 
394 131 505 
46 720 894 
842 271 520 
165 8 803 
10 509 829 
591 521 483 
861 0 659 
695 141 920 
356 786 993 
817 732 543 
516 53 28 
937 186 688 
817 753 290 
779 239 978 
367 245 382 
68 70 39 
18 976 289 
589 652 438 
58 692 430 
97 299 628 
972 388 554 
76 342 876 
291 421 274 
1 485 148 
102 513 38 
535 827 555 
810 442 709 
405 735 758 
879 19 684 
592 243 13 
968 362 599 
115 726 736 
123 23 502 
984 623 207 
343 975 18 
806 17 228 
957 975 63 
884 37 613 
625 649 599 
129 512 927 
494 664 874 
605 297 928 
893 420 568 
784 808 848 
300 457 741 
839 822 933 
299 986 447 
443 216 136 
15 627 916 
410 82 132 
200 782 180 
143 533 795 
373 32 554 
173 8 817 
109 734 173 
323 970 938 
215 322 473 
509 783 699 
226 507 615 
957 436 659 
267 49 306 
265 353 879 
47 214 65 
454 449 87 
792 464 736 
135 615 616 
194 986 488 
193 343 511 
632 4 967 
368 184 605 
52 681 461 
187 810 51 
808 826 266 
212 328 207 
62 397 915 
151 375 984 
460 404 618 
35 462 837 
281 533 158 
489 813 860 
398 80 729 
969 486 342 
786 457 245 
357 899 192 
942 366 782 
276 46 579 
484 827 497 
804 117 323 
212 972 594 
732 613 7 
15 627 406 
810 423 198 
793 183 696 
583 430 708 
726 471 231 
951 203 720 
300 240 996 
758 730 867 
823 211 287 
576 344 447 
217 377 18 
801 508 159 
218 852 442 
553 888 448 
932 363 751 
723 615 487 
556 908 410 
82 995 140 
764 709 172 
578 138 975 
989 274 614 
427 113 649 
619 779 174 
223 293 185 
124 905 285 
70 465 17 
130 601 562 
69 811 549 
372 90 777 
439 665 346 
930 123 781 
97 968 490 
784 711 568 
858 838 819 
870 290 146 
725 957 480 
810 662 556 
546 907 407 
196 245 932 
866 159 453 
273 704 955 
9 230 920 
931 338 803 
785 934 128 
287 444 680 
433 733 633 
383 255 780 
229 329 925 
122 645 153 
918 896 497 
488 865 728 
528 440 669 
882 123 67 
869 959 913 
370 513 829 
687 97 745 
617 345 640 
381 787 394 
173 694 203 
932 861 179 
73 836 65 
625 698 485 
317 979 607 
815 924 1 
367 876 111 
256 180 135 
268 438 379 
17 299 184 
429 361 644 
794 299 191 
932 194 38 
790 607 633 
788 996 903 
399 543 199 
26 842 639 
165 970 43 
600 128 773 
589 358 348 
685 266 780 
878 450 572 
885 876 11 
45 553 411 
668 596 537 
168 18 677 
718 447 273 
939 636 89 
462 4 260 
870 961 457 
958 743 129 
16 621 414 
148 897 69 
124 294 833 
464 663 702 
262 893 294 
833 208 578 
531 630 128 
552 140 880 
664 573 205 
378 671 576 
365 644 751 
244 627 740 
948 159 86 
792 691 85 
654 432 76 
277 82 640 
654 821 671 
555 198 409 
433 795 531 
991 809 349 
169 718 716 
522 137 261 
315 415 641 
232 220 646 
821 756 493 
509 393 524 
280 517 561 
396 279 501 
632 467 397 
692 162 526 
399 126 30 
174 805 590 
891 163 633 
297 549 907 
427 827 36 
139 646 547 
954 70 443 
905 247 379 
872 560 299 
856 956 199 
335 629 593 
945 328 668 
39 396 640 
996 145 575 
747 420 30 
60 332 892 
999 725 250 
960 152 930 
738 190 588 
289 314 862 
201 95 886 
313 21 954 
771 82 692 
105 598 202 
575 475 696 
256 179 316 
537 228 3 
534 925 204 
554 796 863 
936 569 402 
569 992 785 
512 765 758 
798 805 963 
950 265 153 
736 698 904 
194 919 73 
395 584 183 
199 102 172 
368 152 582 
507 162 318 
234 928 29 
699 504 615 
151 328 712 
655 253 379 
25 543 377 
879 110 673 
844 957 421 
211 801 617 
140 106 854 
432 328 81 
887 788 939 
64 617 18 
265 176 872 
907 248 882 
101 782 257 
975 519 391 
615 802 316 
736 275 466 
317 653 633 
68 772 622 
683 629 178 
790 369 244 
57 673 585 
574 107 106 
736 627 438 
745 981 782 
972 772 14 
947 747 493 
666 136 821 
129 434 110 
341 24 420 
969 87 32 
302 218 602 
508 356 990 
686 202 110 
879 844 706 
856 696 254 
795 807 542 
699 799 141 
882 431 663 
258 11 877 
209 607 873 
202 709 640 
628 768 216 
381 539 259 
959 892 544 
307 413 615 
312 631 399 
238 657 818 
325 713 684 
61 331 957 
49 497 686 
872 98 399 
410 873 360 
718 39 353 
377 535 165 
976 316 320 
948 974 147 
452 486 255 
630 724 624 
986 41 988 
187 302 539 
604 737 522 
679 673 395 
631 928 136 
408 427 510 
518 999 693 
925 39 437 
481 924 225 
898 991 731 
124 14 700 
269 624 873 
404 613 635 
208 121 21 
510 540 21 
450 98 500 
761 323 620 
594 376 25 
187 955 435 
32 90 264 
825 778 318 
162 538 493 
669 50 208 
475 937 351 
259 712 328 
192 991 897 
713 617 773 
255 541 650 
803 330 136 
531 800 98 
339 140 152 
897 31 816 
592 493 407 
786 415 721 
978 728 66 
371 412 284 
194 224 425 
482 187 812 
445 779 844 
982 451 463 
190 511 623 
138 442 827 
394 901 92 
600 154 589 
238 659 971 
593 58 763 
382 468 752 
253 789 235 
744 206 312 
257 685 407 
239 805 671 
338 916 229 
290 67 499 
212 952 226 
146 55 272 
821 471 205 
953 515 923 
748 703 659 
545 529 40 
642 458 263 
852 571 800 
921 983 248 
861 218 173 
287 47 961 
608 721 98 
675 753 588 
411 920 985 
639 277 600 
930 662 178 
86 39 379 
654 306 516 
908 731 725 
652 789 469 
797 549 98 
674 625 306 
94 448 38 
93 466 610 
743 966 605 
944 475 421 
345 475 944 
952 342 770 
470 1 56 
195 431 503 
60 913 474 
904 912 263 
510 608 264 
206 652 40 
204 273 717 
198 78 330 
794 668 562 
448 43 312 
447 232 215 
64 266 669 
82 847 225 
958 621 136 
405 754 942 
494 736 906 
512 710 78 
835 358 595 
945 518 377 
147 652 30 
330 946 697 
678 112 531 
262 132 242 
758 9 542 
505 651 61 
767 797 202 
645 510 184 
764 364 908 
815 897 919 
72 308 831 
379 944 553 
443 776 998 
135 16 431 
917 476 969 
608 62 91 
92 83 539 
893 54 872 
359 326 341 
467 537 715 
685 975 723 
350 482 163 
299 396 335 
57 981 582 
986 867 706 
979 108 9 
282 471 424 
629 618 332 
462 752 81 
255 29 157 
941 798 771 
251 253 981 
394 528 242 
191 954 680 
663 858 444 
629 898 355 
298 896 702 
65 601 758 
350 797 792 
279 184 263 
872 951 812 
124 695 407 
384 27 202 
606 913 439 
119 528 904 
126 197 617 
998 193 168 
147 966 44 
348 706 230 
397 926 545 
432 601 890 
598 523 290 
60 592 817 
685 678 393 
941 255 91 
630 620 392 
606 315 261 
727 218 75 
725 749 230 
933 987 175 
756 27 29 
170 231 812 
109 699 271 
145 500 326 
123 229 234 
628 353 805 
535 530 180 
439 368 124 
315 519 321 
456 658 379 
547 103 135 
344 347 294 
652 15 575 
491 236 623 
685 388 971 
862 834 488 
774 738 884 
857 172 161 
749 377 944 
552 196 433 
716 609 714 
209 875 397 
221 297 35 
833 452 582 
510 782 592 
865 300 848 
851 297 726 
296 753 353 
537 829 959 
835 412 973 
20 276 400 
753 434 369 
676 438 569 
831 258 624 
681 233 130 
249 193 370 
416 831 449 
906 804 332 
600 421 614 
783 747 47 
700 895 779 
900 490 752 
210 644 101 
886 793 3 
76 982 857 
631 883 452 
492 850 661 
103 895 472 
693 969 71 
490 873 795 
764 337 140 
469 398 686 
839 986 75 
869 187 714 
51 891 949 
737 504 988 
494 981 165 
519 278 860 
929 294 333 
20 456 20 
614 309 975 
483 864 113 
626 574 825 
851 731 665 
282 293 657 
217 665 187 
491 357 319 
157 511 259 
735 923 60 
520 639 408 
920 591 791 
417 471 595 
955 407 737 
440 694 191 
598 475 573 
35 112 121 
237 810 45 
269 418 754 
656 371 653 
206 291 906 
304 146 955 
287 209 875 
152 140 258 
324 752 463 
297 507 719 
670 721 498 
748 617 779 
617 155 192 
842 32 818 
499 402 658 
147 313 484 
486 669 735 
17 911 591 
298 184 347 
98 496 774 
889 482 969 
545 51 217 
259 497 291 
104 235 540 
618 371 119 
796 4 999 
791 990 919 
418 277 34 
665 575 402 
234 345 101 
183 697 454 
243 981 930 
485 83 620 
930 206 320 
664 883 957 
429 874 558 
782 747 355 
19 593 734 
83 272 774 
77 823 516 
866 140 968 
631 783 824 
432 896 689 
14 328 898 
621 192 733 
348 780 173 
346 124 69 
636 262 607 
745 725 573 
47 344 604 
61 737 1 
282 79 26 
38 146 29 
719 294 429 
91 541 652 
491 374 395 
540 55 313 
634 734 773 
358 341 83 
178 673 283 
316 736 576 
919 563 773 
231 72 745 
863 777 682 
494 286 104 
928 718 878 
733 627 529 
975 99 956 
963 602 446 
730 890 139 
305 241 511 
766 469 207 
531 215 661 
228 706 602 
54 61 701 
483 797 645 
761 660 344 
449 13 217 
710 438 498 
616 954 306 
731 594 898 
363 875 265 
551 304 277 
446 581 234 
711 72 194 
910 56 354 
436 962 456 
929 482 873 
583 480 748 
397 613 723 
639 736 929 
877 664 791 
661 366 82 
228 726 100 
259 62 306 
380 8 367 
570 717 593 
26 679 546 
288 710 633 
674 482 148 
330 798 744 
841 649 822 
535 768 690 
192 731 216 
978 334 987 
380 489 506 
277 253 304 
665 770 337 
970 370 116 
213 767 786 
636 903 203 
357 273 745 
934 106 42 
346 116 707 
845 495 756 
832 40 257 
462 991 132 
467 246 730 
761 795 5 
526 668 858 
750 715 734 
674 102 4 
182 635 573 
821 983 281 
473 140 468 
838 857 150 
863 800 831 
479 697 854 
927 668 707 
316 660 913 
700 409 370 
114 763 985 
622 888 92 
124 105 43 
136 706 211 
342 556 697 
885 36 724 
908 343 124 
32 170 671 
275 12 361 
547 751 790 
701 94 948 
41 536 614 
157 806 159 
7 344 122 
807 520 134 
826 635 986 
453 298 611 
121 268 334 
274 187 523 
760 284 622 
133 8 538 
990 187 210 
252 876 958 
0 721 426 
424 904 878 
698 711 25 
305 175 527 
431 512 155 
507 30 371 
423 432 650 
827 617 902 
797 310 256 
580 330 296 
651 735 535 
238 927 798 
136 130 103 
445 725 295 
294 581 357 
360 920 380 
188 473 710 
854 320 425 
472 727 577 
827 485 723 
695 343 718 
829 766 786 
769 424 148 
231 706 861 
427 224 923 
58 329 189 
203 627 468 
319 301 752 
348 194 959 
723 233 365 
907 684 251 
359 523 315 
185 600 453 
97 785 329 
54 483 405 
249 339 947 
183 589 474 
133 91 114 
879 284 243 
906 363 158 
184 857 526 
43 235 444 
181 797 932 
21 783 308 
586 780 17 
321 409 517 
946 549 954 
482 744 365 
588 14 129 
724 648 822 
166 709 106 
707 57 835 
227 480 712 
256 596 212 
82 526 757 
365 686 589 
803 34 819 
338 664 146 
385 632 331 
894 446 661 
49 976 277 
796 12 223 
481 746 63 
688 376 975 
460 499 170 
875 76 222 
969 939 798 
178 778 471 
275 464 625 
593 549 703 
467 275 400 
510 780 117 
737 616 90 
723 299 145 
417 583 504 
827 772 592 
468 613 845 
630 541 985 
516 736 823 
105 700 940 
597 613 811 
123 330 323 
112 734 197 
971 798 137 
514 558 559 
635 813 667 
348 231 49 
581 384 282 
111 325 901 
497 538 415 
614 278 239 
291 107 118 
490 843 947 
827 292 484 
252 905 649 
899 430 143 
957 917 173 
5 183 90 
69 204 77 
479 984 141 
663 183 107 
874 776 270 
695 139 70 
346 906 55 
931 614 302 
672 828 700 
458 112 606 
846 252 757 
961 825 704 
951 93 854 
650 58 625 
286 863 909 
826 362 794 
189 808 332 
986 766 53 
566 112 840 
974 853 919 
202 68 153 
68 293 396 
348 757 55 
514 804 262 
875 965 87 
686 2 19 
426 648 408 
525 694 101 
877 126 863 
807 318 509 
314 753 271 
689 467 466 
416 556 689 
504 153 520 
406 377 875 
903 726 172 
125 927 523 
894 0 393 
346 401 63 
234 535 631 
222 243 536 
68 885 435 
336 425 433 
77 578 797 
521 980 760 
438 624 666 
159 93 259 
368 9 904 
480 480 6 
592 329 398 
463 299 124 
597 282 580 
344 614 987 
614 134 786 
117 336 249 
329 301 482 
932 460 550 
461 615 444 
551 705 661 
37 429 208 
886 373 54 
31 131 423 
228 333 899 
188 769 836 
817 169 37 
917 352 915 
226 600 812 
543 248 840 
774 46 554 
357 308 301 
331 699 242 
499 286 256 
49 148 186 
947 514 483 
6 608 336 
12 558 832 
39 471 570 
693 588 896 
407 915 275 
859 501 185 
415 796 645 
599 122 269 
804 754 961 
177 336 315 
442 878 181 
221 413 768 
973 245 692 
215 530 108 
232 50 777 
488 714 613 
597 593 515 
206 637 215 
241 534 859 
416 414 499 
266 655 526 
249 651 104 
861 280 580 
16 890 161 
14 34 324 
211 313 36 
872 594 86 
496 420 175 
777 446 451 
602 937 207 
270 67 557 
132 211 993 
276 501 668 
42 817 317 
486 161 730 
75 828 133 
195 508 528 
270 276 339 
118 250 403 
490 853 862 
231 626 851 
752 155 535 
852 441 875 
95 206 408 
47 881 203 
505 577 522 
732 237 491 
914 495 483 
962 261 221 
404 201 254 
683 996 868 
782 946 124 
722 882 325 
381 717 826 
735 935 994 
278 814 623 
263 867 616 
647 166 59 
320 295 597 
75 213 177 
70 958 240 
82 562 318 
279 629 173 
546 123 689 
14 131 434 
139 502 873 
250 918 762 
363 83 998 
142 692 984 
493 576 872 
954 861 559 
317 816 164 
966 839 238 
117 136 372 
209 938 617 
78 197 319 
343 62 531 
467 116 414 
179 936 193 
215 617 529 
624 201 575 
67 342 393 
367 876 275 
300 91 128 
71 898 419 
115 907 982 
130 401 522 
706 334 336 
482 71 794 
911 698 474 
90 240 577 
873 634 168 
800 669 906 
144 462 546 
386 4 599 
810 806 504 
640 568 823 
707 697 607 
838 691 183 
419 173 432 
637 615 924 
285 518 581 
469 472 514 
261 269 811 
419 757 487 
443 267 318 
582 142 283 
199 486 882 
330 963 344 
56 112 245 
521 23 878 
564 309 780 
245 905 301 
383 687 301 
787 218 669 
40 533 786 
214 476 118 
728 313 712 
581 393 424 
24 279 601 
609 10 944 
111 513 571 
905 946 135 
