542 502 338 
915 636 201 
208 460 797 
232 380 932 
808 691 208 
231 17 750 
102 167 215 
161 831 92 
921 837 944 
12 945 46 
580 868 50 
776 836 627 
438 791 156 
111 496 207 
711 631 817 
572 594 388 
702 575 926 
405 478 182 
615 646 504 
319 689 435 
11 921 115 
902 968 70 
876 219 186 
353 897 45 
998 608 952 
239 597 326 
55 65 334 
920 702 548 
360 289 739 
820 662 917 
60 953 379 
358 702 82 
996 183 236 
279 437 418 
188 168 923 
136 772 632 
449 549 386 
880 878 964 
496 793 260 
703 174 746 
52 251 122 
386 164 723 
162 514 978 
236 242 578 
98 280 465 
734 947 754 
870 757 312 
308 392 486 
371 568 539 
120 780 482 
862 876 423 
318 97 33 
835 587 387 
348 742 571 
986 361 62 
798 868 482 
98 882 850 
11 295 945 
149 776 631 
391 224 52 
460 919 413 
47 811 497 
851 466 443 
457 125 994 
380 23 350 
279 244 247 
81 736 668 
389 445 725 
362 63 765 
641 568 334 
485 810 881 
769 80 630 
548 400 567 
107 393 979 
4 370 32 
381 180 97 
393 920 643 
245 606 686 
650 1 468 
737 67 845 
728 456 453 
85 447 854 
443 596 270 
480 670 54 
176 651 43 
551 830 64 
359 635 824 
414 303 323 
874 554 341 
225 802 452 
324 520 261 
345 300 490 
249 609 897 
7 141 661 
942 760 925 
855 519 93 
458 797 516 
833 758 963 
25 632 829 
660 378 289 
599 717 484 
462 882 318 
783 869 20 
597 623 539 
189 249 666 
68 171 41 
76 473 40 
39 342 110 
638 820 37 
367 971 344 
22 214 287 
646 263 828 
618 474 737 
282 995 328 
298 674 987 
523 822 279 
607 990 614 
429 716 114 
1 439 109 
437 294 619 
713 619 948 
100 616 284 
160 924 195 
178 742 500 
979 676 227 
865 201 364 
679 341 685 
474 648 431 
658 211 985 
7 863 522 
225 323 817 
616 168 431 
419 187 693 
572 432 449 
498 232 967 
375 401 893 
140 562 552 
9 640 449 
927 618 535 
909 523 171 
663 366 355 
248 616 12 
903 482 359 
151 480 151 
468 19 498 
801 380 995 
142 81 633 
936 133 840 
60 839 687 
178 245 341 
25 15 609 
695 685 887 
139 546 356 
714 293 387 
790 809 581 
117 873 556 
629 997 736 
881 378 235 
339 502 990 
199 52 427 
513 582 34 
663 506 376 
374 853 956 
166 147 450 
996 661 290 
174 6 506 
243 141 223 
89 361 665 
933 454 964 
510 818 791 
130 969 512 
508 775 14 
118 412 624 
100 816 917 
592 487 134 
520 906 707 
59 142 277 
735 93 723 
533 13 852 
926 862 45 
995 418 548 
449 524 404 
590 304 8 
688 56 618 
532 803 344 
805 239 375 
176 722 912 
607 602 567 
996 535 618 
26 724 294 
629 78 358 
211 39 197 
994 681 786 
555 141 457 
298 290 890 
450 174 95 
76 792 889 
57 608 94 
302 985 119 
401 10 834 
178 442 515 
695 814 519 
167 659 375 
184 711 601 
248 929 106 
632 344 992 
822 451 456 
509 937 531 
313 73 781 
153 75 380 
650 731 945 
15 502 666 
688 755 640 
230 357 124 
850 495 718 
333 764 297 
608 857 340 
514 160 251 
372 924 518 
611 84 122 
28 910 894 
144 916 592 
833 219 23 
753 637 650 
442 841 597 
896 250 57 
139 151 744 
608 797 91 
304 990 221 
48 835 721 
342 600 797 
137 306 581 
537 106 417 
415 952 22 
555 923 944 
548 487 889 
977 201 596 
128 203 809 
68 624 347 
698 209 979 
380 318 639 
561 578 435 
289 534 18 
560 560 10 
782 702 470 
606 749 896 
665 438 998 
697 451 591 
780 401 454 
21 661 779 
884 273 701 
846 692 359 
680 518 625 
480 5 694 
588 984 574 
453 722 989 
851 530 769 
506 494 709 
227 880 225 
467 789 224 
387 765 946 
567 522 222 
888 62 947 
295 564 949 
597 601 257 
500 603 294 
515 118 128 
517 586 930 
140 840 866 
967 173 979 
47 891 497 
748 798 992 
623 737 327 
516 438 714 
239 163 285 
876 217 291 
666 615 396 
220 6 949 
280 250 157 
920 434 104 
91 806 711 
595 554 835 
133 328 537 
396 277 499 
134 635 445 
453 195 244 
298 304 806 
891 586 987 
827 887 647 
885 717 703 
32 359 73 
64 50 483 
867 528 91 
379 138 98 
391 383 614 
422 515 63 
826 548 703 
241 996 517 
945 791 826 
175 932 792 
463 747 552 
609 298 788 
475 392 799 
173 916 29 
183 551 984 
478 171 191 
382 853 974 
217 85 55 
592 115 901 
100 438 79 
322 239 207 
550 37 825 
682 174 782 
894 419 160 
76 171 964 
848 204 809 
656 370 80 
803 579 205 
14 241 925 
127 89 15 
653 325 526 
877 794 165 
789 299 733 
210 775 920 
306 555 878 
15 445 305 
896 175 946 
154 925 998 
269 63 88 
425 135 62 
179 522 794 
541 98 231 
324 428 234 
683 775 285 
194 139 753 
115 255 983 
871 20 886 
346 900 981 
947 184 664 
8 78 452 
491 860 701 
707 353 42 
556 424 896 
471 617 445 
364 243 660 
907 363 220 
395 214 260 
407 509 303 
291 5 748 
631 895 246 
477 837 485 
365 956 493 
253 848 168 
142 882 874 
381 661 144 
118 457 211 
805 882 542 
712 857 678 
766 34 114 
784 405 262 
776 701 976 
833 880 573 
331 172 516 
868 248 306 
439 673 556 
464 895 509 
331 304 555 
737 772 761 
395 356 623 
302 334 664 
258 161 478 
56 987 500 
129 872 752 
988 185 73 
546 755 827 
359 240 360 
597 377 728 
509 440 349 
680 381 788 
397 586 40 
251 786 30 
748 325 851 
858 810 387 
874 133 394 
584 139 481 
683 505 922 
686 899 110 
848 851 536 
48 370 7 
537 706 742 
414 835 4 
738 199 636 
634 363 778 
110 363 831 
967 952 725 
543 529 919 
574 933 242 
164 278 326 
160 667 952 
971 989 959 
511 306 572 
325 109 116 
95 675 127 
947 318 196 
948 642 914 
844 284 249 
407 547 325 
675 775 783 
57 469 828 
826 316 174 
53 909 193 
926 306 216 
611 852 331 
687 881 815 
666 58 387 
449 577 329 
785 203 286 
778 507 785 
667 177 547 
332 849 210 
79 981 21 
494 962 332 
571 808 82 
278 999 619 
660 516 18 
98 987 518 
881 147 464 
355 738 289 
404 707 96 
444 624 292 
654 271 949 
598 223 94 
376 675 219 
610 181 773 
262 91 836 
70 323 145 
553 310 742 
62 933 845 
839 507 498 
718 323 70 
364 27 772 
269 787 675 
664 289 701 
181 351 746 
177 503 670 
779 533 639 
408 602 472 
245 172 823 
412 828 354 
13 28 340 
431 338 548 
869 953 287 
149 881 804 
132 879 662 
970 756 505 
214 841 775 
708 454 870 
722 525 648 
791 360 578 
532 838 779 
932 290 10 
787 346 733 
392 946 462 
500 30 273 
953 106 104 
835 641 944 
300 84 619 
188 119 149 
236 281 474 
15 273 482 
360 633 750 
387 886 680 
107 551 349 
857 771 296 
404 662 630 
518 285 931 
647 431 330 
557 71 727 
305 934 760 
580 947 871 
430 121 10 
970 399 645 
672 274 84 
31 884 905 
407 521 496 
406 964 902 
326 762 924 
144 33 501 
45 34 447 
402 557 663 
324 411 21 
438 810 410 
299 859 844 
454 959 51 
90 918 935 
427 391 781 
270 916 382 
850 879 551 
867 82 319 
570 982 685 
896 381 785 
474 50 100 
459 391 493 
248 630 945 
617 780 922 
980 966 977 
892 407 112 
607 145 80 
897 760 229 
208 154 650 
633 850 605 
858 960 853 
578 591 298 
771 65 378 
657 925 63 
912 345 22 
601 417 597 
401 525 392 
916 511 305 
55 811 985 
835 519 44 
294 247 73 
139 521 599 
44 297 435 
380 587 370 
944 227 802 
665 817 147 
573 540 157 
899 373 674 
580 161 856 
160 778 268 
140 219 853 
547 336 447 
371 846 942 
910 370 194 
57 893 117 
987 359 240 
488 649 187 
750 761 853 
658 271 803 
269 167 25 
592 451 573 
890 698 476 
577 136 158 
796 466 61 
573 126 326 
142 144 193 
666 370 72 
567 565 911 
432 183 946 
567 751 442 
96 323 886 
522 719 750 
954 815 353 
650 678 595 
595 936 840 
357 743 88 
446 955 239 
97 61 336 
208 706 726 
229 897 687 
645 916 566 
407 423 151 
421 738 632 
559 132 816 
143 201 909 
221 30 682 
832 625 521 
299 371 315 
882 304 520 
21 239 531 
995 90 273 
670 215 788 
962 509 220 
659 810 745 
710 584 29 
488 909 239 
276 850 773 
523 79 735 
50 883 420 
492 137 538 
471 557 197 
484 414 308 
957 749 616 
815 55 204 
601 584 267 
404 292 758 
622 723 606 
144 914 402 
35 770 486 
829 119 616 
287 494 83 
199 131 314 
945 843 93 
397 14 883 
154 193 436 
961 183 161 
537 29 325 
251 455 953 
690 444 393 
807 701 622 
422 807 470 
53 253 157 
80 551 502 
575 900 569 
185 876 930 
742 589 295 
454 98 71 
731 365 373 
116 457 819 
404 477 708 
67 689 503 
670 874 314 
307 147 464 
951 768 987 
348 45 171 
829 226 719 
201 895 684 
421 449 418 
339 524 553 
906 120 373 
859 724 19 
138 731 960 
350 706 624 
885 752 206 
676 148 258 
676 146 756 
55 57 204 
308 140 764 
909 888 370 
853 857 603 
740 252 879 
451 617 430 
625 729 592 
657 408 191 
683 673 934 
901 226 236 
81 548 684 
535 897 995 
108 748 751 
80 150 435 
185 630 716 
852 622 508 
34 415 587 
911 698 595 
967 390 461 
403 705 435 
503 767 140 
945 974 70 
917 240 934 
64 89 965 
619 634 813 
839 341 827 
131 829 129 
459 885 659 
762 636 34 
308 203 528 
82 529 135 
954 464 895 
7 936 963 
662 560 630 
968 581 871 
966 896 283 
865 171 914 
785 11 334 
613 676 490 
247 947 574 
872 469 949 
236 693 752 
375 202 734 
739 272 689 
572 456 9 
803 635 108 
535 542 197 
849 263 756 
979 250 341 
748 735 897 
176 440 361 
732 581 239 
492 983 391 
989 28 611 
32 95 135 
347 487 395 
293 647 782 
923 749 697 
102 706 213 
205 353 31 
821 382 516 
215 1 244 
159 535 538 
241 187 622 
287 266 62 
545 165 555 
6 913 872 
387 936 783 
685 207 595 
903 382 626 
870 330 424 
490 459 93 
685 910 199 
15 649 11 
774 384 443 
534 624 349 
674 556 178 
641 217 397 
154 365 985 
718 283 311 
401 222 312 
816 604 584 
593 599 8 
424 544 796 
966 449 47 
911 43 442 
655 791 938 
361 207 622 
91 903 399 
649 948 716 
144 166 467 
779 147 326 
741 342 634 
666 374 652 
447 618 453 
775 711 791 
811 130 922 
898 961 263 
1 318 803 
991 877 425 
52 659 264 
168 479 927 
666 168 807 
238 435 728 
68 745 39 
579 314 40 
3 565 32 
267 51 691 
170 394 653 
820 876 33 
285 182 75 
31 942 929 
553 86 922 
209 709 949 
159 759 693 
400 950 246 
353 633 144 
483 949 48 
239 677 707 
14 110 284 
74 87 966 
15 511 334 
758 965 110 
786 423 237 
325 262 897 
721 581 95 
957 605 710 
270 513 78 
694 885 977 
125 646 94 
144 330 178 
575 514 742 
426 122 621 
536 457 185 
284 953 81 
31 511 444 
865 417 851 
173 837 187 
33 842 288 
495 614 822 
873 208 511 
898 631 916 
398 447 609 
48 117 327 
599 830 958 
713 47 42 
388 490 517 
466 674 657 
146 3 54 
307 815 968 
122 781 70 
838 887 72 
13 851 766 
951 281 60 
908 84 891 
86 8 128 
217 396 245 
337 699 847 
7 933 600 
436 604 237 
909 487 864 
22 474 813 
108 529 145 
375 885 761 
620 786 532 
876 273 459 
408 251 308 
281 140 436 
554 651 453 
415 629 680 
493 37 833 
477 461 483 
393 104 3 
23 127 4 
719 242 863 
726 683 179 
590 419 991 
429 284 12 
479 398 67 
514 570 784 
275 516 982 
397 964 359 
301 595 135 
45 542 727 
841 246 210 
854 325 907 
652 934 245 
98 324 578 
613 587 40 
477 196 312 
71 478 136 
859 756 274 
660 978 907 
504 56 318 
459 141 214 
570 432 440 
644 14 652 
855 243 906 
129 888 851 
512 477 884 
184 802 707 
421 718 683 
810 809 940 
842 252 318 
16 960 589 
909 463 467 
774 572 831 
387 309 643 
267 337 187 
401 434 432 
841 630 148 
915 0 432 
290 902 484 
404 57 177 
868 362 195 
247 752 212 
170 13 511 
959 897 365 
573 687 386 
546 277 993 
669 678 561 
209 731 335 
11 908 208 
225 870 272 
262 797 958 
328 540 718 
641 4 339 
524 752 429 
520 282 902 
957 962 658 
700 621 994 
448 407 624 
786 507 263 
341 84 856 
124 434 328 
649 15 19 
1 315 666 
242 324 117 
613 977 286 
556 462 403 
618 907 604 
200 851 720 
616 135 252 
978 337 870 
266 270 227 
420 618 9 
323 416 148 
592 281 251 
60 955 226 
223 801 384 
64 883 267 
43 721 535 
950 451 337 
186 470 584 
445 43 29 
849 813 140 
632 10 373 
90 699 530 
368 777 972 
346 386 157 
75 641 944 
67 563 789 
318 749 605 
749 837 805 
746 97 446 
297 323 579 
512 500 495 
863 874 702 
552 52 181 
81 834 399 
161 820 777 
973 51 941 
134 694 968 
119 645 81 
560 540 599 
346 73 715 
167 505 239 
138 690 772 
613 975 544 
916 459 880 
434 5 549 
939 655 334 
219 159 911 
97 306 297 
50 469 942 
755 654 926 
18 918 420 
766 350 313 
686 597 804 
274 959 364 
855 800 583 
736 608 243 
521 241 398 
940 738 946 
889 694 616 
595 19 222 
229 385 452 
694 335 216 
401 796 622 
983 209 898 
865 561 483 
863 949 828 
662 387 579 
714 111 399 
660 861 929 
146 187 424 
556 425 160 
408 356 830 
349 681 173 
929 886 109 
288 628 154 
735 77 471 
816 318 909 
797 32 573 
82 254 360 
567 605 851 
79 919 444 
48 66 118 
814 267 600 
622 300 835 
939 259 662 
99 942 690 
503 502 781 
673 975 117 
910 429 395 
484 523 51 
538 170 368 
622 198 991 
111 87 285 
984 877 99 
60 693 136 
142 759 668 
248 141 815 
887 968 521 
480 520 464 
87 350 428 
879 261 780 
477 202 383 
208 106 603 
295 86 913 
104 467 168 
765 450 249 
487 107 222 
773 144 885 
180 874 70 
913 433 935 
319 492 403 
769 150 752 
200 607 837 
461 444 371 
141 644 309 
572 436 174 
540 800 513 
138 939 654 
126 686 277 
857 35 485 
774 449 651 
983 721 324 
797 566 120 
946 578 196 
947 318 461 
978 320 960 
36 964 723 
543 850 808 
266 780 934 
805 896 817 
947 16 476 
577 517 505 
677 425 325 
292 548 852 
57 924 630 
708 675 810 
292 300 28 
