143 270 2 
398 44 885 
855 746 852 
29 446 247 
901 903 294 
664 500 152 
122 650 133 
411 42 716 
576 906 108 
882 880 833 
248 942 758 
231 713 188 
506 441 46 
464 233 989 
281 302 578 
48 647 629 
130 877 622 
249 975 946 
181 979 890 
672 740 407 
605 495 261 
651 876 939 
514 535 81 
552 518 813 
415 173 608 
271 8 96 
953 239 674 
654 535 862 
716 573 450 
941 822 128 
395 673 438 
206 165 31 
319 663 563 
372 228 332 
369 311 891 
906 551 806 
884 419 880 
602 864 265 
161 704 807 
175 148 516 
610 766 436 
356 503 273 
939 726 498 
86 800 127 
576 66 188 
545 159 599 
939 576 298 
508 608 50 
385 682 248 
473 420 150 
257 574 688 
119 196 691 
338 478 93 
308 209 341 
363 523 568 
726 571 80 
729 753 207 
513 613 545 
796 692 23 
587 553 830 
608 172 715 
886 253 239 
117 395 838 
7 933 750 
856 535 530 
414 537 860 
137 382 819 
139 591 741 
50 796 673 
138 463 11 
495 698 55 
191 575 904 
86 568 101 
863 285 306 
760 759 898 
768 600 57 
55 671 220 
137 579 49 
712 567 580 
195 731 26 
454 539 494 
562 468 873 
793 112 501 
440 376 956 
323 529 98 
746 493 997 
546 139 709 
821 102 339 
59 968 685 
564 591 80 
894 175 598 
225 387 834 
268 95 372 
90 512 371 
936 526 493 
633 142 829 
428 681 482 
230 327 881 
44 242 889 
475 498 952 
49 600 461 
597 837 497 
945 45 914 
829 909 451 
466 628 923 
584 159 830 
658 52 123 
225 326 750 
994 990 985 
209 519 55 
211 590 531 
223 765 920 
69 221 588 
448 235 367 
544 709 62 
895 732 991 
836 84 496 
585 166 720 
682 617 850 
817 555 717 
819 951 197 
699 124 721 
546 644 524 
892 608 159 
578 1 793 
510 218 913 
375 303 912 
567 397 209 
25 611 376 
329 922 999 
996 488 776 
871 187 706 
958 858 152 
238 692 327 
658 709 428 
334 604 729 
177 157 321 
28 824 859 
173 417 480 
68 414 914 
462 306 641 
720 9 332 
137 65 645 
902 347 65 
291 76 381 
15 549 52 
348 802 174 
311 949 209 
32 700 875 
148 288 698 
575 906 3 
647 582 215 
100 369 900 
194 86 136 
702 729 971 
631 845 585 
127 373 815 
173 479 612 
191 250 339 
950 940 206 
323 190 895 
59 213 850 
959 187 204 
667 287 505 
164 254 246 
618 706 579 
359 254 505 
911 63 855 
855 632 659 
365 606 636 
964 139 494 
366 331 921 
135 927 447 
615 653 869 
662 387 988 
690 231 328 
331 980 605 
699 309 156 
56 274 290 
158 438 780 
732 916 215 
615 837 406 
710 146 30 
826 939 103 
786 956 685 
28 258 546 
85 47 1 
679 54 828 
711 242 272 
124 147 938 
11 867 754 
232 777 262 
84 873 460 
832 613 254 
551 464 65 
450 641 256 
473 152 259 
4 330 487 
627 764 444 
755 489 608 
344 40 559 
512 731 869 
613 837 712 
43 386 375 
897 753 471 
92 877 990 
213 402 621 
409 967 577 
913 600 170 
304 456 236 
336 930 484 
261 908 565 
44 815 80 
783 163 153 
515 812 709 
78 302 313 
106 425 845 
295 819 938 
275 884 482 
295 62 851 
102 249 241 
478 131 149 
224 894 368 
722 654 600 
202 246 939 
795 182 536 
81 625 804 
289 142 274 
967 645 220 
912 81 855 
163 235 683 
854 728 657 
985 298 518 
56 876 714 
403 900 737 
334 486 64 
680 988 548 
570 439 850 
370 928 4 
295 445 537 
641 317 485 
410 274 470 
656 173 138 
339 195 23 
411 755 83 
439 125 654 
977 422 398 
799 35 87 
671 63 136 
909 943 659 
212 443 120 
612 81 636 
903 143 678 
456 106 241 
121 423 426 
105 865 133 
352 922 663 
690 404 747 
722 605 168 
524 265 468 
203 911 707 
811 481 473 
954 598 208 
788 638 525 
661 138 30 
947 765 40 
506 587 648 
572 308 512 
999 949 692 
158 950 670 
867 778 205 
654 951 75 
440 623 244 
476 246 952 
204 216 311 
2 686 160 
743 11 274 
659 503 187 
748 307 163 
977 415 704 
717 328 896 
803 80 787 
299 289 281 
250 732 242 
152 153 836 
341 524 123 
659 234 724 
720 188 363 
755 584 980 
152 971 747 
132 53 873 
406 599 826 
49 124 77 
368 136 655 
669 739 360 
425 817 200 
545 516 595 
28 513 625 
966 926 798 
769 951 322 
563 958 458 
651 199 341 
49 125 635 
371 975 772 
169 473 227 
636 714 637 
216 86 768 
926 785 155 
258 20 162 
240 270 601 
65 710 208 
488 396 29 
905 793 980 
237 475 278 
822 185 392 
245 571 272 
819 593 725 
489 430 495 
50 922 450 
595 485 645 
733 541 335 
256 86 500 
509 456 172 
468 411 441 
556 903 470 
739 273 334 
247 268 782 
489 964 247 
191 843 872 
727 382 107 
547 466 793 
896 116 900 
816 397 170 
502 12 533 
746 171 291 
67 995 607 
441 712 261 
140 560 993 
776 739 512 
501 673 731 
881 56 247 
753 845 495 
620 845 539 
257 655 156 
782 917 494 
887 188 22 
832 360 954 
688 57 212 
117 845 935 
729 219 73 
617 365 616 
406 783 488 
196 973 476 
104 370 338 
264 671 852 
978 690 707 
242 20 59 
401 545 737 
477 943 168 
81 131 853 
981 979 682 
87 142 153 
693 466 308 
374 710 240 
426 429 640 
82 747 55 
354 657 521 
401 366 592 
74 207 751 
610 629 73 
80 804 915 
41 978 158 
240 101 182 
163 736 479 
968 562 94 
678 172 225 
624 265 890 
405 694 448 
533 169 137 
495 450 992 
129 728 324 
864 447 404 
20 565 809 
189 181 471 
508 331 78 
938 523 201 
832 776 325 
419 927 429 
581 359 134 
150 707 557 
307 302 856 
140 25 975 
318 274 956 
937 814 271 
632 763 75 
903 978 579 
596 530 208 
435 728 250 
804 779 945 
864 307 636 
218 356 117 
752 949 111 
469 76 133 
134 703 334 
266 678 857 
401 459 550 
410 450 830 
373 920 79 
67 337 982 
643 831 729 
785 944 283 
720 612 785 
524 246 18 
755 398 437 
560 432 722 
813 917 543 
927 12 961 
179 164 790 
115 222 444 
820 671 674 
674 956 564 
277 667 949 
956 950 819 
974 252 232 
175 490 75 
642 706 369 
184 904 963 
262 820 410 
267 216 870 
230 13 168 
221 644 254 
406 824 759 
68 592 449 
603 35 17 
33 55 802 
385 109 569 
461 214 709 
280 843 319 
701 842 31 
497 613 946 
116 952 483 
869 481 532 
920 426 228 
397 376 435 
723 508 443 
725 589 735 
441 400 223 
17 226 51 
851 196 666 
471 747 227 
340 126 979 
401 822 720 
124 872 610 
930 893 599 
708 243 260 
251 495 436 
635 784 211 
340 357 484 
9 717 975 
696 55 927 
251 404 726 
886 360 310 
216 386 166 
967 472 75 
645 738 490 
463 173 977 
177 586 503 
566 679 329 
587 340 7 
11 259 583 
590 132 509 
326 808 951 
814 659 7 
591 905 677 
919 898 46 
699 780 650 
552 644 909 
322 791 631 
762 986 980 
860 255 927 
507 718 677 
938 330 862 
22 211 312 
717 271 802 
681 621 458 
225 6 37 
448 433 841 
479 638 928 
542 327 407 
772 620 258 
23 799 699 
617 215 919 
904 616 868 
904 916 439 
650 104 955 
437 894 894 
240 828 354 
648 957 717 
401 776 151 
649 986 739 
441 569 297 
230 535 810 
480 533 979 
160 710 929 
717 878 470 
796 50 576 
784 740 519 
749 268 298 
767 92 466 
55 880 433 
175 74 92 
36 74 128 
212 687 301 
272 558 114 
479 602 23 
181 838 363 
203 849 954 
487 969 139 
228 868 868 
6 941 599 
444 684 555 
126 628 1 
678 433 916 
948 705 846 
678 290 292 
31 109 489 
142 633 386 
758 912 228 
681 539 933 
826 816 408 
317 430 215 
245 49 163 
866 338 249 
870 260 668 
920 616 30 
388 433 92 
141 476 243 
194 674 505 
504 685 602 
208 43 407 
246 815 240 
167 613 977 
621 188 925 
996 430 873 
728 91 439 
29 795 107 
898 326 618 
613 240 537 
335 855 156 
128 522 175 
283 832 170 
917 40 262 
290 371 684 
454 374 140 
578 192 708 
326 841 471 
208 757 842 
375 568 781 
457 387 630 
28 321 360 
732 858 568 
985 145 991 
554 703 858 
983 945 13 
28 444 241 
478 949 416 
218 51 674 
924 815 701 
619 786 835 
995 923 380 
803 361 900 
928 110 565 
799 1 113 
647 281 826 
672 204 241 
425 903 87 
541 77 174 
237 36 110 
19 187 647 
984 945 454 
41 475 502 
471 214 434 
490 313 583 
742 411 408 
827 519 805 
776 785 199 
15 335 34 
754 722 168 
691 901 882 
133 472 866 
823 256 173 
645 173 294 
621 831 407 
873 886 796 
298 32 556 
699 909 997 
169 161 703 
738 662 578 
289 537 379 
926 138 807 
962 996 905 
292 842 534 
253 370 159 
504 641 784 
15 294 587 
738 72 705 
11 398 244 
101 865 285 
470 466 143 
435 55 645 
261 774 1 
843 244 567 
829 649 218 
160 967 11 
748 355 711 
71 306 778 
291 189 651 
568 263 174 
786 578 495 
709 872 476 
739 566 297 
908 865 850 
587 405 169 
860 488 147 
449 11 317 
717 193 229 
658 820 585 
340 930 110 
206 719 253 
311 539 704 
521 414 740 
597 704 839 
998 277 162 
442 395 642 
922 199 473 
421 310 3 
666 258 217 
852 294 153 
411 766 924 
646 184 367 
256 230 133 
213 782 878 
406 186 253 
761 789 801 
206 398 622 
104 547 748 
566 169 61 
211 393 207 
966 25 26 
289 558 893 
53 198 632 
403 121 854 
172 101 681 
465 584 698 
753 422 383 
829 854 658 
148 349 726 
235 311 452 
327 863 149 
207 891 902 
287 817 481 
185 377 644 
575 637 987 
253 371 848 
212 754 945 
391 537 835 
695 337 190 
331 388 412 
435 969 998 
58 80 951 
363 495 947 
302 624 914 
598 20 349 
174 518 852 
945 827 181 
744 66 766 
233 4 148 
58 670 618 
331 57 750 
622 388 579 
865 502 709 
593 168 312 
829 39 602 
32 782 524 
50 356 47 
903 976 141 
446 655 523 
156 163 279 
968 903 551 
861 484 783 
171 126 861 
255 669 535 
591 187 638 
978 827 403 
311 75 714 
258 777 414 
55 743 987 
496 682 543 
294 958 24 
573 789 869 
328 432 984 
839 249 711 
448 823 511 
307 749 273 
292 441 18 
273 195 467 
762 286 391 
81 308 923 
122 921 970 
210 10 233 
912 325 878 
237 223 411 
743 577 313 
218 177 740 
983 79 777 
759 197 384 
176 361 367 
730 813 88 
70 556 152 
94 531 807 
691 270 276 
104 179 681 
652 844 972 
570 556 663 
452 498 319 
296 637 432 
428 301 214 
329 340 566 
403 239 507 
209 152 346 
628 218 573 
592 757 572 
395 290 10 
672 229 996 
893 704 442 
0 819 913 
286 241 665 
955 592 255 
949 39 414 
579 82 580 
61 512 163 
533 693 412 
816 18 289 
898 614 298 
476 334 633 
330 407 924 
509 332 199 
461 978 655 
955 262 150 
247 347 703 
988 913 228 
998 818 886 
248 381 8 
641 538 206 
476 910 903 
417 339 80 
952 368 546 
623 812 792 
754 981 922 
356 650 188 
852 679 302 
734 272 670 
782 159 912 
832 697 987 
681 603 192 
816 264 203 
743 151 960 
113 542 861 
833 839 614 
768 130 892 
950 704 199 
928 61 948 
846 405 122 
838 491 128 
272 940 427 
99 517 348 
829 272 378 
75 452 732 
796 874 682 
909 88 725 
959 185 742 
289 335 685 
196 850 577 
807 404 334 
67 953 336 
882 243 835 
361 247 520 
659 286 208 
312 899 290 
194 163 887 
838 64 980 
785 414 906 
511 835 240 
202 206 632 
382 788 541 
936 277 735 
190 623 998 
443 735 784 
513 977 231 
155 874 353 
504 664 916 
652 149 806 
377 960 381 
157 292 97 
88 332 573 
362 150 336 
755 544 743 
778 225 902 
989 948 375 
290 749 624 
281 796 333 
588 692 774 
607 358 204 
229 667 815 
516 139 764 
359 437 717 
833 718 159 
416 971 106 
677 339 829 
442 506 761 
287 774 570 
429 134 936 
244 930 686 
547 67 471 
295 502 676 
395 781 237 
321 554 881 
21 388 276 
885 522 216 
758 765 655 
288 496 681 
432 507 682 
303 47 103 
723 469 578 
266 0 460 
413 368 494 
936 634 599 
52 436 817 
606 815 554 
773 164 107 
216 902 693 
187 118 660 
374 422 372 
318 2 902 
505 855 133 
574 86 345 
293 503 64 
73 41 199 
316 599 674 
199 390 561 
334 159 594 
363 323 120 
467 356 608 
565 721 24 
95 375 181 
454 135 492 
760 509 166 
643 362 776 
740 607 591 
603 730 894 
196 288 18 
620 591 523 
176 49 763 
246 221 843 
402 410 588 
249 846 843 
709 830 352 
934 320 262 
850 897 324 
329 536 87 
685 568 688 
975 467 840 
242 289 71 
426 683 76 
209 725 100 
326 612 681 
239 265 995 
233 217 118 
997 236 251 
602 772 343 
683 81 388 
43 423 155 
822 966 721 
745 676 201 
822 364 527 
85 609 363 
268 43 77 
22 133 495 
383 276 339 
504 945 69 
361 159 667 
61 309 249 
13 166 511 
106 975 288 
796 664 129 
240 220 385 
862 762 847 
714 243 468 
870 934 918 
49 6 919 
761 503 319 
83 942 262 
115 838 285 
141 466 960 
376 210 954 
579 623 493 
356 892 895 
593 9 787 
782 321 956 
784 626 132 
192 524 303 
316 258 145 
455 408 586 
559 675 795 
923 733 992 
849 834 8 
917 935 411 
410 289 652 
646 690 497 
807 857 627 
799 286 935 
556 766 256 
670 500 898 
888 382 872 
732 150 389 
163 627 900 
720 353 951 
274 332 167 
678 798 827 
482 761 291 
618 826 257 
565 566 819 
235 471 550 
785 459 641 
68 333 388 
409 550 672 
485 276 201 
106 952 945 
477 744 852 
11 19 312 
762 394 26 
658 780 468 
993 836 873 
868 920 954 
550 87 711 
977 398 824 
984 735 602 
495 352 576 
260 634 336 
567 973 600 
562 303 239 
118 287 861 
716 464 133 
677 189 949 
398 605 39 
175 795 769 
903 606 63 
724 902 617 
409 903 544 
400 490 394 
871 944 956 
789 324 292 
355 49 165 
340 981 847 
602 453 860 
4 754 173 
285 585 42 
937 425 923 
965 284 809 
707 824 718 
942 3 268 
632 102 139 
742 719 595 
16 563 621 
317 33 733 
311 688 437 
843 115 368 
428 564 667 
24 64 827 
855 659 839 
423 794 794 
344 730 891 
763 592 521 
773 986 24 
786 165 866 
325 585 121 
132 371 462 
112 408 127 
912 65 250 
983 141 43 
635 488 953 
302 480 837 
491 413 224 
446 136 809 
414 572 839 
427 734 55 
859 325 589 
179 559 653 
394 261 475 
311 376 149 
