686 488 750 
566 857 819 
249 890 203 
994 30 836 
599 704 829 
755 471 768 
58 128 805 
781 399 539 
487 505 994 
87 588 134 
726 78 370 
916 287 202 
162 392 207 
162 468 573 
654 77 564 
769 294 190 
910 615 20 
971 381 900 
418 44 927 
848 314 949 
444 19 925 
416 189 858 
834 954 618 
925 402 896 
188 462 23 
958 337 327 
605 939 253 
192 993 429 
965 109 574 
508 615 856 
446 894 102 
656 69 231 
986 645 290 
298 644 806 
327 32 991 
121 463 171 
241 246 303 
360 280 417 
677 808 634 
787 525 849 
461 236 547 
237 822 455 
178 799 93 
329 339 493 
788 959 593 
150 944 371 
945 298 353 
42 968 624 
532 270 196 
952 727 51 
692 862 124 
72 732 535 
359 117 304 
668 138 123 
425 168 848 
883 110 599 
933 551 34 
117 500 239 
83 575 195 
450 419 98 
569 770 783 
927 24 825 
981 632 710 
85 826 218 
61 846 633 
318 105 152 
600 70 162 
418 205 320 
191 889 53 
514 355 881 
925 594 684 
58 114 696 
221 587 794 
964 622 693 
237 357 754 
710 662 493 
222 721 124 
126 625 615 
942 744 998 
524 379 363 
478 352 966 
940 683 672 
248 910 47 
624 128 646 
476 736 869 
570 557 448 
245 910 224 
273 110 957 
895 994 673 
705 684 435 
222 656 674 
298 386 507 
834 656 894 
419 851 590 
434 42 355 
793 870 396 
322 496 64 
8 926 974 
513 63 984 
568 370 855 
789 924 717 
196 777 76 
758 356 710 
350 176 709 
787 201 924 
246 952 94 
772 799 93 
224 877 213 
385 898 251 
886 984 84 
934 493 310 
337 194 467 
265 80 125 
786 219 5 
106 87 244 
396 346 444 
662 897 250 
783 242 934 
319 314 784 
578 222 199 
155 459 704 
48 315 264 
987 89 940 
709 148 747 
956 59 671 
725 738 267 
225 848 218 
239 829 896 
277 950 619 
483 413 818 
327 839 309 
424 813 252 
583 275 82 
130 504 349 
21 680 406 
11 237 75 
201 707 372 
104 695 845 
889 462 922 
715 403 59 
20 382 297 
209 51 919 
31 60 423 
175 291 227 
247 732 94 
656 644 960 
318 966 558 
287 807 182 
226 157 394 
870 181 753 
894 638 850 
546 466 825 
87 869 444 
45 990 744 
108 742 815 
558 850 805 
651 104 95 
888 411 508 
655 127 679 
908 147 698 
10 517 877 
514 274 282 
996 867 566 
701 504 882 
121 282 591 
849 963 424 
294 44 830 
477 707 319 
949 405 391 
398 929 86 
657 216 861 
98 677 881 
953 842 644 
899 781 732 
445 776 387 
113 945 887 
918 190 756 
640 266 476 
864 766 497 
862 419 472 
732 495 824 
699 723 53 
75 880 163 
382 798 821 
246 109 17 
867 185 129 
606 700 446 
834 346 526 
522 457 248 
257 873 60 
112 576 557 
674 404 7 
550 161 330 
218 187 745 
46 638 38 
972 639 631 
230 589 130 
604 454 459 
284 50 547 
928 648 260 
274 626 304 
444 776 101 
369 577 787 
354 639 684 
878 713 799 
344 322 766 
396 263 791 
483 760 627 
122 770 4 
176 528 413 
756 931 497 
388 73 494 
928 986 322 
187 814 989 
749 314 39 
928 670 41 
76 63 106 
647 791 158 
166 86 406 
125 376 419 
318 796 407 
962 624 367 
263 34 529 
247 940 627 
4 989 64 
672 514 51 
847 516 962 
57 7 13 
835 849 966 
320 470 592 
571 935 992 
265 606 294 
229 127 292 
654 9 886 
227 891 55 
815 260 785 
804 255 518 
942 86 354 
494 931 159 
961 300 932 
197 678 290 
994 387 863 
806 370 866 
959 422 404 
537 140 147 
281 365 766 
869 25 145 
574 350 209 
22 534 12 
598 445 242 
502 728 169 
323 567 598 
715 348 40 
130 901 131 
480 696 288 
982 903 272 
248 222 600 
518 764 901 
613 618 852 
712 188 49 
684 121 678 
560 293 19 
360 143 563 
706 139 26 
809 319 863 
695 991 494 
580 157 438 
588 216 322 
82 608 405 
446 878 124 
746 769 478 
176 809 518 
917 27 417 
987 271 631 
786 238 569 
752 53 845 
517 665 446 
882 377 395 
746 553 255 
442 827 736 
519 759 738 
178 104 291 
235 335 173 
127 740 876 
988 949 304 
506 299 186 
896 878 339 
67 433 476 
607 816 305 
337 69 241 
18 508 2 
12 313 919 
909 664 8 
184 745 634 
175 463 806 
305 298 107 
634 888 796 
733 960 991 
281 672 482 
462 952 228 
315 208 968 
190 549 39 
914 565 217 
306 508 220 
406 616 693 
271 280 967 
252 907 97 
974 723 607 
934 955 857 
1 688 762 
110 526 963 
714 7 466 
563 429 737 
176 745 925 
106 159 902 
598 395 689 
623 419 505 
512 350 529 
451 783 961 
602 86 611 
732 863 412 
469 473 781 
428 109 208 
34 602 147 
129 260 927 
613 38 815 
563 528 334 
377 79 133 
660 780 239 
427 998 199 
700 978 993 
873 312 251 
210 203 562 
465 583 953 
618 467 244 
317 991 866 
514 847 435 
202 154 997 
520 606 127 
579 396 860 
961 312 823 
858 293 220 
581 524 386 
177 855 932 
46 846 444 
300 695 866 
341 874 310 
211 782 169 
750 563 953 
320 75 715 
756 809 917 
767 98 488 
67 646 560 
782 652 924 
453 785 368 
525 220 625 
813 920 631 
298 887 918 
393 649 431 
902 909 509 
27 639 517 
476 646 617 
651 503 470 
480 251 26 
388 286 921 
940 913 747 
95 279 403 
884 431 53 
815 53 71 
960 352 988 
842 299 373 
28 746 586 
673 226 276 
570 276 40 
812 759 175 
556 527 241 
429 876 304 
978 885 136 
74 542 579 
75 292 351 
174 671 586 
461 20 349 
656 558 442 
406 426 503 
864 65 998 
303 961 458 
115 748 560 
986 147 981 
237 537 572 
875 975 269 
972 645 436 
901 802 87 
404 374 386 
405 964 793 
776 857 430 
568 190 263 
285 763 440 
74 790 364 
981 37 346 
250 176 944 
696 326 188 
252 383 312 
254 997 417 
588 12 243 
780 695 276 
421 626 432 
839 211 160 
421 92 366 
235 563 160 
22 30 65 
555 599 496 
890 119 641 
283 765 234 
339 799 651 
66 748 813 
348 680 709 
136 126 437 
150 341 499 
225 931 739 
981 778 507 
645 513 129 
637 29 366 
833 952 715 
904 713 165 
58 349 817 
763 468 755 
497 423 92 
701 500 917 
497 808 587 
919 2 102 
759 673 260 
134 742 879 
313 797 702 
292 411 901 
48 200 135 
200 524 500 
452 602 306 
77 538 665 
593 355 303 
994 304 877 
660 968 913 
852 751 115 
718 408 522 
659 307 242 
192 280 595 
231 352 112 
103 5 138 
731 545 837 
918 495 199 
374 604 187 
946 482 917 
858 542 711 
825 742 900 
852 106 669 
563 37 918 
629 398 341 
778 120 415 
448 169 884 
16 874 668 
906 690 591 
387 536 126 
792 258 933 
289 71 966 
145 966 935 
591 671 155 
610 296 95 
436 825 449 
596 606 42 
790 295 404 
41 184 934 
790 405 937 
5 560 269 
821 823 599 
823 308 809 
829 661 187 
259 429 253 
75 196 371 
932 705 585 
378 430 68 
777 681 548 
246 312 896 
938 337 694 
60 668 859 
52 186 204 
772 506 568 
123 412 416 
895 602 18 
335 181 659 
815 906 767 
105 304 30 
755 128 58 
356 371 523 
912 615 462 
401 392 743 
0 394 36 
320 490 531 
541 111 884 
836 969 635 
135 203 989 
36 735 895 
630 250 13 
738 152 500 
275 363 314 
212 553 832 
521 716 140 
173 224 231 
70 635 825 
518 281 496 
70 613 596 
966 464 754 
344 235 977 
321 461 93 
317 591 197 
727 194 929 
402 869 64 
207 83 384 
771 731 985 
414 718 8 
136 569 690 
921 570 890 
437 976 669 
994 53 655 
509 565 515 
982 924 675 
580 114 445 
956 506 94 
456 512 210 
872 63 640 
983 234 279 
844 708 748 
435 978 62 
891 355 896 
743 152 81 
446 943 639 
220 851 189 
322 861 66 
844 386 823 
528 233 234 
924 533 872 
223 50 237 
493 64 180 
330 200 38 
565 552 995 
624 655 516 
893 694 145 
386 625 367 
360 273 160 
713 908 741 
322 860 595 
522 188 36 
619 271 764 
642 785 246 
688 45 511 
983 892 578 
313 740 474 
941 128 292 
627 763 304 
391 868 646 
588 507 372 
340 225 561 
121 492 200 
55 459 269 
549 427 944 
901 845 40 
975 116 700 
616 304 971 
764 431 616 
163 898 647 
618 550 82 
462 49 500 
546 448 18 
811 484 241 
406 327 54 
243 110 234 
867 25 871 
0 732 662 
364 521 1 
373 171 892 
713 902 344 
924 42 505 
317 377 306 
986 355 678 
324 129 778 
323 894 460 
572 183 894 
724 48 971 
333 377 875 
901 476 211 
753 168 683 
966 504 28 
601 8 61 
264 453 259 
928 569 234 
626 995 676 
34 209 320 
576 906 13 
416 105 874 
621 215 323 
936 948 469 
84 618 628 
520 947 17 
17 581 139 
766 463 125 
982 548 536 
292 224 117 
694 981 937 
833 697 392 
190 921 902 
286 422 281 
373 844 564 
603 797 762 
285 641 78 
232 663 762 
266 14 867 
38 353 849 
265 933 279 
390 671 1 
668 239 22 
636 833 906 
346 523 698 
353 835 914 
572 916 244 
650 180 66 
960 989 657 
623 780 778 
375 655 36 
356 953 553 
614 445 82 
391 309 423 
552 361 843 
771 846 481 
775 571 493 
881 399 577 
798 856 609 
891 558 332 
996 654 150 
450 966 799 
46 129 705 
273 966 924 
383 880 265 
461 750 540 
158 951 115 
249 788 709 
543 315 49 
102 840 415 
823 457 247 
285 76 293 
761 562 756 
441 436 777 
309 451 800 
809 335 980 
887 978 390 
904 690 233 
725 899 130 
436 825 439 
872 895 919 
538 521 596 
315 973 282 
672 678 55 
180 530 411 
903 707 720 
606 897 761 
66 777 119 
274 431 149 
137 195 702 
161 440 348 
613 714 692 
784 621 751 
741 597 407 
312 238 180 
63 307 213 
734 383 690 
847 216 839 
396 481 965 
375 470 514 
271 655 350 
684 498 350 
124 737 53 
438 982 666 
413 649 246 
346 312 701 
738 417 883 
706 791 260 
297 237 587 
730 816 989 
310 418 217 
922 932 648 
564 317 450 
558 462 442 
858 479 696 
451 588 319 
733 383 611 
246 896 783 
650 523 55 
216 377 861 
664 284 16 
797 614 715 
670 215 560 
256 630 535 
910 750 719 
505 121 801 
671 224 238 
656 123 960 
727 64 333 
360 166 541 
675 518 191 
641 352 326 
17 999 41 
230 160 89 
486 913 570 
245 714 451 
603 222 833 
211 752 703 
966 724 677 
434 910 366 
955 543 236 
627 90 792 
418 531 70 
81 665 392 
401 389 581 
126 709 339 
327 450 964 
63 816 379 
174 301 951 
238 102 873 
80 923 410 
506 682 661 
380 853 218 
935 426 805 
713 658 575 
527 663 475 
235 604 882 
313 126 560 
951 300 580 
832 372 601 
366 721 111 
154 421 18 
879 922 603 
763 333 166 
224 591 486 
95 390 973 
136 165 209 
597 550 981 
342 277 370 
290 559 35 
606 618 785 
829 719 263 
258 356 855 
38 874 719 
126 964 901 
132 275 964 
809 697 108 
518 259 497 
504 538 9 
170 717 961 
899 226 748 
572 754 610 
677 86 613 
723 655 228 
221 605 704 
565 572 991 
622 181 862 
24 8 27 
427 220 404 
714 857 658 
173 357 930 
610 304 964 
167 84 715 
795 177 636 
611 985 79 
233 233 102 
265 804 505 
541 536 518 
998 169 336 
714 677 428 
275 730 980 
314 58 414 
567 253 419 
303 975 930 
850 697 207 
568 365 583 
420 81 489 
792 112 680 
642 383 148 
162 603 840 
360 578 874 
366 696 165 
351 826 116 
972 705 998 
284 583 181 
632 118 734 
764 922 230 
827 311 462 
120 203 10 
718 341 332 
586 897 208 
105 372 34 
532 368 556 
979 340 380 
799 87 38 
910 677 116 
677 406 238 
911 417 648 
464 626 677 
82 698 880 
165 170 192 
514 610 844 
68 690 364 
80 701 508 
683 418 279 
452 505 739 
55 882 735 
989 56 122 
827 260 847 
312 955 280 
303 401 969 
111 898 293 
50 695 341 
681 4 297 
599 217 20 
217 190 402 
490 266 654 
956 785 679 
742 191 919 
515 184 637 
461 762 709 
13 299 89 
603 824 260 
536 453 492 
265 640 989 
670 300 78 
632 68 771 
87 254 65 
423 303 596 
89 113 754 
768 276 216 
499 153 176 
681 962 224 
798 755 792 
894 519 157 
415 348 592 
719 469 113 
224 794 727 
892 402 405 
569 30 973 
13 219 482 
897 687 32 
380 469 845 
488 124 196 
524 229 454 
629 774 675 
815 433 864 
801 205 704 
130 444 835 
684 654 602 
824 559 631 
915 155 25 
535 436 661 
785 821 590 
155 300 914 
467 943 924 
598 328 658 
160 932 270 
776 361 359 
891 263 516 
975 662 957 
371 363 599 
62 791 580 
804 295 680 
364 984 722 
876 98 637 
118 166 259 
875 746 198 
79 193 582 
791 557 752 
293 437 939 
912 251 573 
206 785 352 
951 762 635 
270 526 302 
513 44 248 
144 904 615 
472 953 734 
850 257 732 
926 914 957 
904 472 873 
884 847 540 
693 152 370 
79 267 845 
492 406 293 
878 928 263 
502 482 423 
288 950 614 
474 791 71 
548 984 224 
722 409 660 
133 262 124 
327 351 814 
617 845 275 
886 918 127 
344 986 997 
244 605 403 
704 812 944 
959 635 699 
992 979 395 
463 724 488 
205 446 556 
88 865 414 
821 107 876 
298 323 170 
237 646 718 
207 119 208 
967 439 341 
43 932 358 
381 433 463 
645 843 228 
437 474 454 
649 954 580 
487 753 625 
488 277 389 
873 781 870 
862 996 474 
992 231 425 
143 206 31 
481 966 686 
167 910 671 
831 572 495 
882 783 489 
969 133 946 
796 280 562 
352 963 635 
387 557 499 
629 821 516 
493 887 790 
213 877 698 
13 779 337 
659 765 299 
826 376 573 
126 154 703 
759 247 362 
605 411 144 
294 907 951 
351 544 117 
221 830 126 
877 969 584 
617 244 325 
455 603 328 
323 931 316 
905 943 805 
536 822 999 
233 792 949 
711 762 684 
87 173 87 
250 585 558 
731 598 431 
875 627 167 
619 12 0 
569 323 895 
756 259 273 
388 977 559 
476 232 469 
626 883 260 
50 400 130 
386 938 293 
45 44 663 
98 481 568 
56 610 722 
508 528 287 
135 714 513 
470 946 600 
206 348 587 
455 270 227 
772 173 595 
854 151 65 
386 973 820 
843 94 820 
999 549 605 
270 718 170 
948 146 639 
10 230 55 
352 447 279 
170 785 343 
120 600 291 
910 451 890 
44 911 637 
181 306 134 
635 314 797 
942 109 1 
650 290 472 
428 377 730 
440 619 584 
964 34 740 
824 540 55 
189 933 154 
836 304 652 
615 446 817 
189 851 916 
911 511 109 
533 381 10 
304 744 835 
