321 506 296 
761 162 125 
184 498 893 
640 558 411 
704 268 157 
756 321 212 
153 992 999 
52 794 678 
878 321 333 
725 600 943 
308 627 735 
441 37 26 
887 800 528 
640 272 963 
1 921 801 
632 134 683 
984 52 347 
574 854 844 
137 142 255 
145 413 774 
719 970 140 
283 248 640 
588 50 920 
691 726 159 
815 476 768 
547 271 207 
639 105 516 
64 601 533 
11 462 696 
529 438 112 
907 230 869 
971 862 875 
825 485 794 
981 113 865 
328 587 776 
975 862 45 
830 815 676 
833 914 674 
48 377 441 
230 461 260 
80 332 562 
831 62 535 
615 568 749 
90 563 807 
783 55 473 
530 612 720 
136 131 785 
188 617 544 
821 128 460 
582 734 454 
459 851 441 
511 232 871 
342 33 322 
166 921 93 
210 805 900 
823 525 94 
378 643 34 
985 702 857 
803 297 826 
732 888 425 
965 292 462 
281 252 326 
511 601 104 
901 780 440 
424 864 909 
33 749 464 
176 179 347 
155 640 884 
480 218 869 
361 645 691 
897 588 425 
12 779 539 
293 5 780 
273 562 8 
583 211 319 
832 934 633 
366 147 87 
150 870 30 
941 870 771 
75 731 364 
681 937 875 
725 104 17 
717 644 489 
24 131 411 
863 6 665 
539 297 753 
482 280 388 
567 109 659 
645 414 399 
389 35 434 
538 917 883 
138 162 143 
597 511 616 
906 68 483 
48 27 947 
601 133 723 
323 495 229 
738 17 605 
751 150 92 
625 248 644 
172 696 796 
682 438 706 
554 390 828 
147 201 7 
297 594 254 
646 946 152 
664 232 544 
790 514 219 
658 315 111 
274 984 481 
477 695 146 
355 543 972 
783 333 806 
134 273 680 
314 271 877 
441 739 159 
896 300 900 
621 21 890 
159 783 244 
332 875 228 
276 307 113 
226 425 678 
263 682 433 
471 387 420 
216 186 106 
167 555 611 
945 785 65 
123 999 384 
542 615 958 
771 521 373 
958 408 205 
939 834 866 
821 54 790 
982 312 804 
413 978 509 
526 114 931 
864 750 548 
386 409 65 
181 435 846 
304 923 993 
279 633 973 
225 823 637 
362 417 610 
814 802 749 
906 847 648 
566 196 608 
103 727 263 
220 754 6 
700 336 296 
754 881 923 
276 15 344 
381 643 356 
501 653 62 
53 476 883 
159 10 609 
950 112 355 
697 122 334 
390 109 450 
821 119 559 
927 718 90 
284 362 811 
472 58 228 
36 796 579 
463 209 65 
792 791 423 
466 849 771 
680 701 80 
563 747 597 
141 93 410 
338 436 775 
226 703 835 
955 502 440 
575 354 156 
534 983 894 
809 817 592 
521 888 793 
519 755 477 
560 205 764 
472 855 684 
695 157 892 
632 94 401 
677 321 368 
119 308 349 
820 888 254 
626 328 200 
17 369 819 
773 962 710 
195 611 745 
532 675 963 
961 365 61 
66 912 967 
376 309 415 
899 822 258 
566 31 421 
706 488 442 
88 635 838 
151 881 986 
234 819 821 
110 362 745 
171 151 183 
549 11 244 
74 190 24 
516 226 212 
41 573 68 
552 577 745 
559 547 553 
870 354 271 
863 652 981 
9 398 737 
561 984 225 
816 77 992 
717 345 822 
95 434 274 
609 785 469 
754 832 742 
581 974 272 
616 816 317 
187 715 218 
550 886 637 
546 473 937 
654 176 43 
198 969 70 
291 296 623 
51 33 594 
749 926 78 
912 300 821 
335 630 278 
465 507 108 
296 398 732 
106 683 156 
466 766 669 
413 235 463 
404 404 527 
900 611 166 
143 462 733 
768 813 343 
717 844 391 
878 896 449 
525 89 979 
973 938 325 
198 690 296 
196 618 803 
108 627 582 
186 88 927 
389 991 271 
660 28 654 
963 378 967 
678 930 404 
907 418 287 
486 614 757 
597 658 763 
527 119 95 
265 126 2 
711 971 643 
364 116 170 
235 957 438 
383 62 43 
931 317 287 
685 203 530 
617 957 607 
135 354 920 
510 661 86 
474 491 895 
371 874 487 
462 844 805 
270 95 893 
950 441 369 
938 195 719 
619 4 403 
432 754 433 
507 656 744 
823 991 333 
248 949 454 
37 54 621 
551 262 724 
410 440 811 
950 194 797 
976 263 736 
861 19 485 
729 984 999 
863 256 540 
822 143 944 
431 522 450 
614 407 232 
563 809 557 
137 840 383 
688 31 261 
813 854 816 
316 954 565 
706 231 753 
376 763 180 
993 893 444 
526 906 627 
682 260 94 
945 672 795 
818 129 740 
783 976 219 
988 103 539 
734 501 781 
285 313 568 
653 776 128 
906 301 727 
34 510 323 
576 79 912 
213 498 79 
649 104 581 
574 250 396 
345 275 815 
175 150 352 
762 86 101 
971 897 515 
475 51 309 
655 320 775 
344 520 439 
312 930 790 
500 774 183 
0 804 176 
496 156 14 
469 253 771 
917 456 693 
594 654 337 
761 93 797 
949 283 790 
622 711 678 
155 354 896 
154 974 753 
162 646 941 
470 19 338 
922 35 621 
241 125 137 
770 551 686 
972 476 909 
967 866 643 
662 693 934 
751 748 615 
445 989 220 
678 940 639 
227 989 12 
612 827 747 
316 895 447 
835 9 971 
559 421 243 
811 479 53 
559 167 770 
192 653 187 
183 935 701 
906 221 973 
307 921 337 
138 36 470 
896 266 404 
38 611 896 
350 149 271 
595 879 769 
869 811 391 
272 469 37 
821 743 25 
785 462 876 
313 485 537 
219 508 338 
194 685 989 
980 17 327 
657 808 22 
591 939 829 
604 177 754 
581 727 735 
593 349 99 
223 736 160 
914 350 868 
290 922 194 
768 416 521 
990 53 581 
909 446 30 
62 132 498 
385 655 405 
992 506 39 
2 930 890 
470 339 542 
975 640 775 
436 9 697 
657 562 729 
111 365 83 
589 927 846 
239 260 232 
581 164 755 
396 32 482 
417 133 916 
612 294 876 
408 785 586 
356 681 890 
325 510 187 
535 339 781 
531 939 297 
201 502 638 
129 609 876 
312 133 569 
703 786 724 
955 586 601 
446 130 680 
628 86 2 
819 693 611 
724 437 972 
346 77 718 
15 484 461 
226 110 280 
869 806 234 
925 497 495 
62 141 926 
776 989 865 
805 526 915 
165 533 809 
904 864 167 
625 551 539 
611 770 565 
539 848 142 
748 837 512 
270 767 677 
321 516 592 
682 560 624 
645 593 897 
661 601 109 
225 936 327 
232 276 676 
514 585 818 
332 791 586 
909 590 60 
196 918 728 
746 201 701 
587 709 502 
718 216 132 
307 856 667 
316 945 650 
923 807 511 
647 506 570 
352 456 495 
748 20 144 
966 754 689 
475 753 247 
207 263 765 
161 677 917 
644 391 803 
473 890 822 
845 652 6 
867 488 539 
719 186 828 
536 968 85 
934 974 362 
41 73 675 
140 434 208 
382 385 343 
547 287 207 
776 988 550 
823 804 445 
483 14 279 
535 749 719 
920 817 358 
178 600 308 
51 437 766 
127 282 590 
768 323 244 
930 36 453 
545 757 805 
555 603 86 
313 245 51 
926 551 810 
432 878 902 
700 518 250 
280 441 922 
149 405 246 
932 538 652 
506 237 828 
244 685 440 
939 961 563 
5 660 19 
969 568 611 
768 643 705 
823 9 503 
772 675 89 
562 336 469 
298 572 821 
852 146 970 
518 219 595 
369 782 404 
561 298 384 
779 932 670 
14 816 757 
783 139 192 
429 984 172 
281 960 674 
376 144 809 
980 457 441 
231 695 539 
506 549 75 
961 796 736 
682 527 839 
641 903 1 
210 74 289 
979 91 429 
242 706 121 
872 470 351 
563 141 907 
148 668 22 
580 167 126 
701 17 699 
600 66 671 
894 502 798 
112 158 324 
683 574 660 
974 950 881 
618 654 789 
834 624 899 
659 275 978 
274 835 62 
654 804 9 
751 394 644 
923 614 282 
211 334 509 
799 322 141 
746 459 331 
268 593 472 
980 684 282 
680 762 103 
722 744 974 
666 648 718 
670 811 31 
825 803 872 
827 391 913 
526 682 289 
305 251 96 
219 447 75 
102 304 592 
63 65 891 
141 901 403 
672 44 408 
512 536 817 
311 774 979 
321 651 785 
656 494 786 
347 872 268 
170 189 377 
862 631 237 
758 358 996 
268 868 848 
304 322 751 
641 832 943 
794 233 915 
169 590 146 
475 942 466 
812 598 13 
545 303 260 
909 473 708 
627 601 423 
841 527 438 
519 135 229 
483 433 456 
830 628 768 
834 369 835 
445 699 537 
43 160 345 
182 306 566 
455 119 291 
382 53 181 
317 93 629 
642 932 521 
581 552 802 
355 758 383 
257 917 920 
118 191 283 
728 491 303 
359 839 61 
512 732 760 
518 612 204 
653 535 839 
237 518 43 
962 422 264 
405 251 839 
470 62 539 
174 207 110 
636 470 411 
260 844 962 
923 9 250 
160 404 54 
132 872 880 
189 418 91 
465 941 299 
697 675 760 
171 602 877 
615 141 622 
875 53 995 
25 259 392 
351 942 969 
724 292 180 
962 177 926 
62 353 389 
51 492 650 
533 332 86 
569 588 756 
241 478 566 
157 690 415 
590 17 64 
433 292 107 
510 373 58 
762 582 443 
525 23 361 
638 793 268 
858 52 741 
945 530 143 
86 308 142 
765 360 428 
734 865 927 
787 783 691 
99 589 911 
331 681 9 
368 77 630 
443 965 457 
806 923 802 
379 579 414 
145 562 234 
6 255 94 
872 753 557 
171 962 411 
145 933 521 
929 349 975 
115 675 975 
611 982 133 
872 920 624 
355 945 987 
187 758 798 
572 884 263 
334 239 946 
958 11 370 
819 399 524 
585 946 98 
243 876 333 
446 544 634 
19 402 131 
501 515 495 
241 377 839 
461 262 826 
904 137 921 
217 930 784 
957 602 760 
842 43 678 
747 909 565 
744 371 989 
998 477 32 
598 829 205 
946 342 984 
569 877 609 
372 880 73 
625 811 34 
661 50 303 
344 315 456 
522 205 103 
30 560 429 
145 348 884 
377 722 804 
599 724 299 
913 608 702 
712 132 525 
66 628 828 
831 877 150 
345 980 478 
753 966 13 
356 778 632 
728 57 346 
871 616 921 
83 913 336 
718 0 269 
823 924 349 
66 364 116 
205 469 355 
463 242 521 
312 825 398 
46 512 231 
657 832 416 
182 780 475 
285 218 217 
712 729 911 
502 495 839 
152 686 993 
510 881 839 
816 410 123 
283 709 896 
564 942 726 
447 217 806 
282 860 833 
129 514 414 
774 376 166 
537 491 368 
793 982 413 
929 707 591 
47 960 785 
991 814 863 
386 872 525 
781 416 286 
454 264 737 
833 750 981 
794 289 620 
506 247 906 
382 92 313 
750 63 538 
484 145 289 
730 260 808 
867 873 716 
243 495 342 
682 978 267 
272 242 147 
929 766 494 
977 429 741 
719 16 635 
204 506 205 
291 283 354 
651 426 146 
894 392 126 
806 238 646 
621 326 175 
269 779 300 
289 413 70 
294 938 818 
135 508 9 
264 8 397 
792 566 844 
738 71 951 
967 188 601 
771 124 377 
429 868 429 
457 900 156 
626 527 129 
548 145 682 
802 367 302 
868 850 38 
991 362 704 
556 639 386 
751 921 109 
907 819 436 
176 270 125 
170 809 330 
811 339 149 
445 471 699 
166 766 698 
158 741 191 
949 165 973 
401 868 301 
591 887 320 
782 14 37 
343 1 686 
433 353 243 
150 183 282 
734 551 58 
679 863 848 
246 847 42 
616 587 319 
769 279 452 
882 740 144 
302 444 402 
199 364 169 
149 667 511 
918 28 625 
994 11 586 
909 659 412 
163 813 382 
419 927 364 
908 860 391 
671 840 893 
5 799 946 
583 840 660 
205 677 148 
651 459 616 
632 316 568 
340 873 426 
387 251 580 
455 361 844 
745 396 908 
432 51 162 
497 681 963 
856 391 510 
885 289 531 
575 730 41 
481 202 180 
972 764 416 
784 19 183 
224 694 4 
812 965 236 
452 641 886 
208 692 787 
82 20 397 
786 253 588 
498 380 612 
403 97 149 
713 283 317 
76 115 132 
203 817 782 
468 822 507 
50 596 665 
182 531 443 
873 865 500 
547 197 445 
680 977 370 
490 215 963 
599 548 465 
146 970 930 
762 607 126 
151 698 754 
266 153 583 
421 102 519 
426 31 436 
808 299 404 
97 7 858 
938 727 410 
603 958 256 
193 757 773 
1 931 359 
671 217 452 
575 837 956 
212 681 923 
376 257 536 
705 859 348 
268 203 487 
425 240 800 
363 888 366 
832 440 200 
682 623 957 
11 104 758 
15 957 803 
48 952 262 
754 442 26 
887 473 604 
985 785 570 
956 842 313 
901 754 556 
23 915 781 
666 598 155 
316 65 854 
632 362 452 
421 431 368 
586 860 152 
766 81 173 
856 893 881 
266 345 171 
191 881 271 
129 148 117 
55 346 346 
350 758 137 
211 247 787 
301 261 392 
370 153 902 
370 878 380 
392 48 746 
199 584 893 
93 572 633 
40 432 396 
624 516 428 
897 692 580 
333 586 949 
875 717 53 
238 826 150 
198 47 691 
400 886 627 
490 859 199 
835 780 2 
27 205 407 
28 621 861 
161 136 31 
597 804 100 
82 76 630 
546 84 41 
592 360 764 
91 780 594 
417 263 401 
446 24 996 
244 172 44 
206 820 760 
752 173 591 
470 688 89 
363 880 958 
700 12 782 
320 684 92 
595 862 620 
842 777 385 
415 457 608 
871 320 464 
856 236 576 
586 760 778 
509 188 466 
936 395 748 
181 657 513 
569 950 188 
963 597 668 
41 120 126 
647 107 79 
716 621 136 
395 398 168 
533 680 933 
95 422 344 
874 448 596 
823 3 103 
744 455 144 
381 147 97 
332 615 320 
593 703 250 
9 860 864 
104 638 937 
392 522 836 
433 618 563 
1 796 814 
812 598 138 
501 937 726 
450 686 975 
875 866 527 
328 440 796 
831 85 528 
106 848 742 
77 358 771 
601 5 8 
796 845 55 
180 868 210 
4 215 252 
48 968 718 
863 432 855 
403 977 746 
964 829 604 
883 533 531 
393 899 394 
789 291 225 
932 416 95 
668 435 803 
335 791 864 
378 599 207 
473 103 775 
676 811 959 
558 730 529 
984 896 539 
434 198 78 
194 25 884 
27 462 774 
557 79 722 
170 799 405 
557 815 944 
559 283 478 
608 585 639 
658 331 915 
843 466 601 
935 398 828 
436 587 512 
805 550 801 
277 389 780 
153 476 135 
634 112 362 
38 868 898 
904 490 559 
602 886 538 
202 683 354 
348 180 479 
9 120 19 
60 81 139 
94 311 961 
406 328 728 
517 262 866 
429 961 647 
307 866 881 
82 486 166 
412 14 960 
2 259 426 
93 306 233 
488 631 374 
872 518 81 
698 509 494 
62 72 370 
741 385 272 
591 584 392 
478 331 370 
810 745 412 
226 674 156 
817 697 72 
565 561 266 
634 931 186 
882 948 517 
599 199 361 
366 143 453 
132 100 718 
99 160 919 
186 653 616 
191 396 818 
483 614 113 
933 888 900 
933 473 387 
274 203 941 
441 438 282 
295 301 549 
871 821 263 
270 259 38 
342 515 178 
799 330 683 
504 618 320 
27 479 265 
643 371 337 
816 251 844 
254 312 357 
295 747 504 
479 969 119 
