873 884 785 
961 748 134 
705 619 912 
970 987 781 
388 464 527 
545 472 297 
757 185 622 
785 720 800 
26 963 192 
539 97 896 
438 386 621 
558 344 903 
446 170 356 
810 45 897 
513 414 994 
728 753 228 
309 310 787 
834 905 915 
534 887 277 
304 503 445 
868 266 539 
940 724 484 
496 999 683 
368 949 78 
406 729 371 
343 667 64 
395 401 390 
818 534 126 
985 930 140 
180 253 504 
780 617 317 
389 10 681 
337 162 470 
326 248 420 
537 818 286 
110 419 731 
845 236 216 
683 264 535 
841 827 955 
513 150 932 
390 847 489 
666 784 654 
765 390 504 
315 486 78 
87 764 795 
123 226 284 
846 566 531 
399 436 711 
14 642 487 
428 233 277 
152 979 861 
809 130 532 
506 368 427 
22 398 61 
3 372 846 
121 215 620 
245 335 623 
308 753 189 
803 865 181 
135 645 45 
537 297 535 
228 742 529 
37 100 869 
719 157 366 
855 3 603 
925 255 257 
593 186 516 
170 516 626 
611 298 193 
964 537 594 
470 163 485 
658 110 284 
124 165 524 
756 6 432 
833 2 606 
784 984 252 
471 999 22 
817 906 707 
367 594 388 
899 451 886 
948 263 784 
456 435 531 
969 975 251 
479 68 498 
586 998 66 
261 48 33 
783 581 619 
896 233 964 
684 724 197 
338 202 444 
108 144 381 
322 477 354 
357 208 85 
944 249 76 
649 809 123 
846 964 901 
352 58 84 
452 645 15 
854 920 910 
291 618 541 
472 888 401 
49 518 990 
826 323 833 
78 605 812 
743 225 471 
900 902 563 
508 883 227 
415 690 678 
19 728 497 
185 394 266 
241 287 818 
67 645 115 
411 305 179 
305 201 664 
77 919 452 
856 681 673 
232 633 252 
950 556 453 
222 469 680 
528 39 827 
591 838 704 
180 132 441 
428 458 977 
245 140 519 
67 91 537 
44 233 622 
45 36 675 
117 947 464 
152 317 549 
503 71 827 
747 417 991 
27 441 32 
890 327 458 
452 52 776 
720 658 609 
962 6 136 
997 423 685 
943 437 547 
474 157 570 
942 984 38 
374 251 826 
367 863 165 
969 295 64 
809 467 891 
239 124 621 
860 769 777 
903 534 721 
935 5 448 
184 117 175 
819 855 843 
70 864 448 
111 454 547 
906 808 731 
358 498 954 
940 595 430 
902 141 426 
718 61 744 
555 796 722 
923 817 858 
633 381 212 
642 80 169 
225 992 408 
77 831 428 
567 637 120 
68 118 672 
170 119 242 
37 369 204 
673 422 107 
304 883 513 
368 158 563 
272 716 320 
960 351 755 
532 436 58 
639 850 80 
569 249 658 
34 28 322 
323 532 472 
180 590 370 
932 18 329 
400 789 312 
647 790 412 
721 941 737 
34 939 375 
102 826 225 
784 782 292 
125 737 505 
266 919 256 
520 931 551 
178 179 150 
211 28 603 
537 669 723 
830 606 565 
204 341 974 
502 525 651 
680 775 569 
876 866 480 
467 775 512 
255 418 554 
859 366 699 
449 832 427 
957 50 881 
844 677 392 
617 940 601 
633 961 855 
145 654 496 
973 18 575 
567 655 757 
505 314 820 
20 414 442 
533 205 710 
71 845 647 
519 259 967 
256 639 674 
659 393 169 
493 369 457 
508 94 377 
742 660 374 
604 563 178 
970 866 139 
759 476 201 
780 441 326 
662 422 359 
169 556 210 
375 131 950 
576 481 583 
986 648 144 
391 5 634 
477 444 893 
538 359 862 
70 899 523 
375 701 996 
707 969 754 
943 423 232 
638 918 413 
922 345 553 
101 243 718 
346 542 326 
989 506 743 
909 69 100 
27 953 572 
734 84 661 
284 841 826 
941 405 342 
529 540 729 
120 100 218 
39 40 873 
925 543 683 
867 631 31 
416 950 125 
856 278 875 
535 232 987 
760 851 180 
687 610 380 
826 494 577 
793 801 268 
665 64 437 
562 657 56 
427 215 106 
798 725 347 
630 967 786 
437 626 445 
797 572 1 
469 552 490 
566 964 222 
124 245 434 
634 142 199 
687 871 939 
193 346 684 
562 816 168 
699 133 947 
505 295 419 
612 390 512 
741 556 911 
781 918 394 
161 812 747 
272 740 864 
625 347 131 
208 182 596 
957 400 776 
832 400 510 
42 312 605 
316 581 22 
174 653 403 
173 628 773 
823 27 709 
401 96 982 
627 768 803 
912 752 285 
456 848 213 
786 373 198 
10 50 391 
795 864 219 
240 867 794 
79 402 24 
273 470 177 
372 502 497 
142 746 987 
333 863 298 
851 281 260 
487 584 998 
389 487 107 
419 376 86 
637 666 6 
215 892 715 
541 81 162 
378 520 305 
744 623 786 
738 279 234 
617 222 167 
345 679 247 
728 728 805 
798 838 956 
240 743 522 
212 133 31 
810 228 272 
748 531 783 
704 551 621 
944 959 920 
357 821 646 
719 992 849 
741 370 530 
717 47 504 
927 90 251 
968 753 301 
912 503 920 
695 536 500 
983 616 261 
978 35 376 
282 569 599 
42 480 905 
18 669 360 
149 306 392 
344 672 922 
937 15 262 
351 833 674 
105 792 168 
209 191 676 
721 364 612 
709 954 782 
146 466 43 
988 201 802 
392 231 628 
476 908 28 
474 700 476 
293 798 128 
61 329 972 
544 283 294 
247 932 135 
703 596 303 
43 336 101 
121 126 982 
547 739 127 
996 227 283 
655 928 331 
216 776 171 
418 551 763 
775 881 939 
659 132 186 
60 388 723 
91 94 615 
356 815 234 
293 730 377 
881 957 483 
590 757 820 
654 94 162 
496 77 719 
361 49 450 
262 390 989 
814 538 839 
142 12 319 
637 145 901 
932 383 766 
692 58 913 
223 761 241 
532 536 499 
560 631 273 
86 104 747 
730 285 575 
828 676 689 
516 915 360 
399 179 664 
342 983 527 
997 668 512 
367 854 873 
250 279 325 
549 356 780 
273 959 499 
811 326 730 
556 886 641 
869 184 908 
506 462 966 
828 779 250 
407 974 192 
27 291 278 
276 567 121 
422 635 952 
651 183 471 
630 584 723 
585 773 202 
890 793 876 
184 766 377 
908 311 789 
147 664 801 
932 251 727 
183 11 656 
740 586 136 
435 550 365 
955 106 41 
351 43 575 
288 925 516 
288 436 204 
750 180 982 
68 131 515 
445 72 332 
716 757 673 
264 940 660 
586 123 274 
282 7 999 
128 316 855 
113 955 997 
512 530 819 
378 529 840 
534 432 499 
825 176 325 
408 716 829 
127 542 436 
86 317 717 
889 898 824 
611 324 996 
677 402 487 
10 194 831 
480 885 370 
795 296 708 
775 118 763 
428 371 111 
222 227 203 
264 656 218 
17 798 23 
927 116 223 
672 42 750 
52 347 408 
770 870 976 
915 816 589 
930 923 510 
611 718 629 
948 318 567 
521 108 517 
114 218 101 
682 153 823 
547 525 687 
14 572 738 
335 120 801 
33 873 856 
143 499 385 
548 129 860 
253 870 220 
812 564 477 
782 295 606 
428 956 812 
11 844 879 
659 956 165 
874 848 376 
904 187 668 
580 768 883 
10 267 398 
260 191 229 
820 318 2 
103 729 765 
604 663 475 
979 969 833 
643 726 412 
499 834 61 
841 50 530 
732 539 527 
775 906 366 
386 92 787 
318 257 137 
591 519 429 
154 278 294 
913 731 654 
4 863 160 
762 907 937 
449 65 441 
465 467 801 
490 814 537 
918 338 563 
921 162 639 
157 531 218 
573 890 668 
251 347 312 
625 984 282 
489 559 657 
542 49 375 
297 341 449 
646 244 981 
300 267 643 
682 322 146 
750 917 550 
966 613 400 
921 138 378 
781 74 336 
174 239 243 
339 871 824 
256 599 186 
297 310 641 
315 352 245 
560 567 723 
476 435 250 
28 264 452 
481 5 200 
378 870 10 
296 516 420 
109 968 265 
870 293 601 
253 344 920 
731 446 201 
255 621 701 
588 273 971 
383 505 807 
229 235 29 
87 690 782 
995 340 352 
282 117 483 
614 525 979 
344 360 214 
374 31 238 
378 786 334 
554 796 950 
919 739 884 
449 180 915 
558 59 643 
322 867 213 
993 733 709 
550 555 543 
819 643 655 
338 604 73 
945 793 705 
850 257 853 
907 491 762 
218 108 838 
406 934 937 
88 269 925 
45 792 492 
540 529 403 
913 712 511 
504 341 250 
69 861 619 
914 319 734 
645 684 6 
452 53 51 
268 602 73 
721 369 543 
192 376 999 
25 809 192 
682 735 786 
421 412 424 
366 388 245 
197 136 619 
383 32 756 
954 463 864 
749 282 119 
994 433 928 
761 566 376 
461 542 571 
883 965 85 
335 410 634 
151 790 854 
725 606 638 
53 953 854 
926 779 444 
188 649 205 
970 187 275 
386 703 341 
414 450 801 
942 809 488 
864 237 406 
748 411 596 
935 481 649 
374 284 85 
880 848 131 
63 533 176 
484 194 945 
954 320 440 
36 770 718 
426 592 859 
561 339 725 
990 98 317 
428 918 845 
179 434 512 
106 485 860 
233 371 410 
370 823 93 
304 737 665 
365 670 872 
171 384 187 
54 753 870 
32 486 636 
380 24 497 
827 54 976 
815 25 613 
392 97 844 
698 265 877 
542 47 418 
599 684 838 
379 657 628 
185 642 351 
123 101 227 
105 84 459 
577 766 437 
156 628 57 
36 857 355 
467 447 164 
17 557 840 
599 876 295 
519 975 432 
754 897 172 
586 567 943 
856 528 690 
777 249 726 
734 385 397 
907 550 773 
73 770 765 
668 342 428 
123 761 256 
659 549 221 
468 434 176 
47 118 176 
97 142 749 
331 164 224 
795 24 951 
211 716 33 
474 560 610 
656 341 863 
307 600 998 
30 208 418 
933 819 194 
877 550 385 
323 351 915 
831 158 592 
211 507 221 
238 707 278 
733 186 287 
65 136 241 
694 422 414 
703 575 961 
897 311 339 
349 84 581 
97 483 854 
148 23 861 
377 99 804 
408 154 225 
472 744 140 
738 476 37 
6 938 107 
588 837 895 
644 80 759 
435 483 567 
966 62 139 
249 452 386 
955 643 41 
312 954 266 
687 280 840 
987 382 157 
810 815 633 
71 601 76 
187 354 992 
447 799 892 
233 852 956 
244 683 520 
625 950 513 
206 818 579 
290 582 511 
653 888 276 
277 279 463 
276 828 699 
269 267 69 
150 512 984 
565 518 136 
442 466 875 
763 867 648 
555 926 386 
513 48 375 
287 295 420 
676 951 103 
549 695 847 
500 547 929 
428 253 989 
735 393 149 
756 606 315 
820 272 567 
927 54 350 
230 779 184 
251 93 585 
771 58 392 
487 559 441 
925 956 917 
970 114 925 
841 277 922 
837 162 507 
469 652 615 
653 795 830 
135 707 597 
476 277 960 
777 760 879 
370 832 81 
433 984 957 
311 83 733 
372 752 579 
169 228 625 
808 702 658 
888 613 879 
564 974 286 
733 599 986 
283 843 990 
425 622 113 
40 761 321 
223 12 500 
865 823 11 
354 689 693 
129 368 861 
914 82 453 
276 579 662 
426 200 200 
304 977 486 
393 169 158 
812 267 635 
779 932 296 
21 720 404 
373 106 231 
142 52 222 
782 859 746 
631 101 63 
339 755 671 
361 673 716 
333 762 468 
325 406 935 
371 79 67 
92 720 140 
102 511 730 
135 715 279 
996 334 967 
975 795 854 
525 538 997 
137 863 740 
404 566 570 
459 57 30 
818 65 494 
550 972 103 
620 950 779 
999 467 797 
129 694 480 
198 567 804 
856 339 857 
490 803 180 
496 982 892 
708 195 462 
837 633 280 
687 911 302 
283 32 806 
798 825 56 
299 943 47 
577 44 601 
987 951 998 
650 316 201 
522 623 982 
955 750 248 
557 317 410 
49 251 28 
546 161 900 
467 588 777 
886 902 703 
107 351 682 
964 395 502 
876 712 270 
476 981 519 
334 811 790 
229 416 988 
270 757 491 
791 829 237 
900 315 44 
296 618 214 
732 515 75 
806 927 396 
577 5 606 
915 453 947 
64 773 734 
709 420 757 
462 548 172 
251 10 497 
798 865 955 
683 951 136 
262 907 54 
210 772 783 
83 776 630 
587 418 803 
538 110 960 
127 802 527 
121 900 927 
304 299 526 
442 411 794 
805 346 650 
745 103 7 
107 498 592 
946 847 106 
563 591 292 
492 907 952 
728 56 819 
103 134 256 
859 143 157 
287 628 704 
260 478 634 
485 282 845 
576 156 441 
826 866 289 
91 848 411 
23 580 423 
711 852 959 
892 51 928 
933 510 705 
138 15 381 
359 543 5 
726 927 424 
184 46 873 
342 777 779 
636 533 732 
346 340 10 
495 416 525 
739 837 289 
685 329 192 
78 952 724 
106 447 613 
348 732 581 
437 327 535 
306 284 732 
120 544 417 
866 473 323 
320 173 546 
683 798 7 
215 729 620 
455 539 462 
812 465 882 
659 440 706 
36 680 939 
581 661 4 
23 183 625 
686 781 140 
293 438 460 
996 640 467 
408 829 713 
658 515 718 
618 696 746 
997 986 884 
270 669 257 
563 235 120 
60 553 245 
165 352 185 
718 934 635 
401 132 65 
198 445 495 
969 750 31 
984 488 378 
240 733 523 
831 502 346 
418 167 217 
929 82 377 
819 794 641 
785 988 677 
6 56 175 
812 738 390 
117 94 983 
908 484 766 
755 54 771 
794 961 53 
525 127 92 
387 47 138 
705 296 80 
210 648 793 
28 377 518 
776 181 864 
771 726 150 
330 891 589 
645 657 11 
435 757 693 
313 40 437 
211 560 480 
777 26 887 
92 618 864 
13 651 397 
691 196 638 
573 980 855 
114 421 974 
48 606 174 
437 563 579 
754 369 696 
59 451 153 
705 259 482 
212 873 986 
431 418 245 
268 930 714 
386 680 645 
325 882 564 
670 287 676 
771 948 718 
263 412 133 
18 131 36 
777 573 652 
414 503 244 
443 503 226 
235 323 6 
416 383 29 
48 599 869 
577 674 244 
336 106 703 
153 735 659 
882 770 901 
852 813 909 
754 620 879 
892 183 793 
756 8 639 
419 415 803 
393 481 179 
25 841 335 
391 644 654 
517 943 51 
118 381 231 
223 742 928 
11 26 878 
549 49 684 
361 167 384 
123 314 890 
314 214 722 
314 845 110 
126 432 375 
690 852 42 
95 237 894 
182 729 974 
504 339 593 
652 340 412 
33 708 309 
529 62 840 
8 531 84 
950 390 900 
825 778 198 
313 479 9 
911 934 755 
867 715 412 
83 948 464 
289 397 791 
632 404 522 
215 640 875 
945 388 621 
939 791 126 
786 27 28 
458 238 318 
522 446 35 
171 287 794 
545 474 257 
260 121 293 
241 424 30 
657 336 403 
965 696 238 
578 893 781 
801 188 209 
963 123 768 
75 9 4 
620 755 190 
270 196 397 
725 752 587 
776 77 650 
961 194 296 
239 105 65 
790 33 134 
700 989 110 
170 512 183 
319 954 839 
536 242 689 
603 867 557 
647 529 184 
563 549 224 
244 692 824 
448 900 372 
32 983 103 
629 252 318 
584 752 948 
731 493 671 
715 920 591 
438 734 864 
454 240 205 
698 440 790 
341 654 885 
298 736 452 
722 714 114 
596 985 367 
32 408 49 
645 367 221 
47 165 599 
920 809 166 
10 766 826 
987 652 332 
31 278 864 
