387 469 39 
667 738 152 
764 487 611 
331 154 612 
57 888 109 
669 30 415 
780 970 593 
294 319 173 
730 393 973 
79 761 818 
122 604 45 
53 341 240 
608 466 7 
28 199 255 
967 649 736 
49 387 576 
28 592 890 
843 828 709 
828 620 655 
88 898 816 
593 642 258 
638 408 483 
211 794 144 
89 463 289 
502 415 438 
897 858 437 
7 367 917 
170 754 780 
714 234 928 
516 561 261 
44 980 862 
495 795 8 
385 277 870 
950 126 914 
449 474 828 
718 835 495 
955 648 278 
687 566 368 
672 647 409 
860 832 498 
820 300 997 
985 116 292 
208 475 835 
870 386 127 
502 105 399 
547 660 50 
514 511 863 
261 346 51 
227 288 666 
74 515 980 
15 882 747 
137 578 345 
880 221 917 
982 307 433 
146 456 676 
520 951 847 
787 317 86 
877 562 128 
177 1 991 
28 483 456 
550 120 145 
704 762 168 
143 658 740 
983 190 331 
796 803 396 
647 476 310 
524 243 189 
708 332 206 
152 126 206 
235 183 241 
118 605 812 
323 890 23 
54 604 687 
887 965 669 
104 774 339 
121 658 624 
922 140 51 
514 340 995 
880 772 198 
810 877 221 
198 604 488 
253 859 210 
263 204 147 
715 615 620 
215 660 958 
965 555 637 
56 61 618 
600 94 217 
95 62 406 
269 278 352 
859 364 856 
719 612 421 
325 944 195 
402 380 440 
180 118 78 
935 85 690 
209 124 228 
164 408 885 
931 76 272 
57 713 132 
133 805 675 
292 387 351 
896 767 408 
34 650 438 
830 782 415 
439 535 627 
999 162 425 
562 721 631 
841 360 966 
911 67 768 
447 749 663 
164 185 185 
216 512 734 
809 583 523 
616 468 604 
858 159 549 
524 467 722 
904 326 131 
450 108 543 
700 345 333 
285 343 218 
260 593 354 
426 94 565 
214 347 638 
741 775 746 
336 227 849 
670 723 570 
939 425 545 
108 723 996 
286 687 614 
82 499 274 
274 254 518 
381 306 593 
544 30 796 
51 986 272 
707 763 541 
878 901 410 
821 806 32 
785 152 464 
405 83 489 
677 793 500 
460 501 556 
97 637 873 
72 90 178 
319 88 810 
849 739 146 
463 423 650 
51 237 399 
330 469 605 
475 30 111 
770 745 742 
793 60 517 
370 595 589 
783 839 217 
369 929 794 
733 467 512 
970 753 355 
668 250 151 
171 613 636 
471 849 20 
369 388 718 
451 212 91 
45 450 679 
969 919 823 
484 408 779 
641 190 702 
908 665 97 
659 74 670 
203 588 818 
91 182 177 
353 151 854 
503 572 689 
780 474 683 
174 421 75 
67 161 621 
474 371 861 
165 329 951 
154 484 20 
384 634 73 
888 644 710 
206 247 593 
914 616 429 
5 457 963 
203 778 926 
834 982 653 
217 565 66 
253 443 515 
112 584 238 
126 345 825 
123 775 750 
686 929 934 
646 910 575 
451 475 952 
766 539 617 
422 742 82 
804 25 67 
703 493 846 
252 61 864 
413 537 237 
677 426 990 
857 97 348 
384 132 969 
827 658 741 
387 136 60 
386 344 276 
297 288 298 
450 268 433 
638 848 399 
279 109 904 
367 948 557 
766 519 868 
199 738 447 
474 237 901 
176 727 570 
80 287 802 
125 463 748 
401 844 773 
375 821 737 
705 566 220 
931 855 124 
791 836 865 
889 452 978 
691 282 254 
765 15 813 
520 68 189 
100 769 476 
612 691 864 
605 302 519 
825 499 669 
269 936 782 
299 581 114 
918 368 153 
124 288 629 
221 731 797 
373 309 874 
141 243 5 
345 615 933 
545 418 67 
752 218 104 
7 822 58 
416 330 883 
932 513 672 
142 587 128 
243 914 637 
292 330 67 
91 329 297 
557 648 224 
52 856 395 
355 929 297 
995 277 617 
410 687 688 
211 490 535 
145 838 287 
258 622 408 
119 245 135 
583 101 700 
18 987 321 
40 792 151 
161 677 198 
378 259 479 
726 470 69 
409 659 284 
923 913 516 
682 855 507 
935 747 127 
384 879 129 
48 683 656 
353 705 921 
815 987 90 
618 247 188 
507 664 590 
570 193 363 
70 91 851 
454 103 338 
219 106 225 
424 567 84 
464 851 399 
62 896 317 
818 71 384 
428 137 511 
251 257 309 
116 961 15 
844 490 476 
810 854 970 
150 442 22 
922 848 258 
84 733 389 
969 199 318 
174 397 415 
454 22 631 
857 344 69 
318 12 109 
979 339 617 
194 458 311 
271 650 421 
453 316 912 
359 607 456 
437 420 248 
186 426 789 
323 46 203 
767 743 839 
896 690 160 
710 177 7 
218 996 878 
987 516 564 
520 473 927 
817 728 355 
322 391 569 
448 619 406 
116 777 732 
841 544 694 
504 813 972 
830 769 669 
707 419 991 
546 939 540 
806 935 658 
652 173 626 
597 935 894 
519 702 301 
231 679 225 
959 260 797 
571 183 55 
569 616 532 
294 990 960 
570 870 710 
628 16 385 
597 851 915 
450 954 60 
840 89 754 
207 287 967 
351 4 187 
167 758 543 
982 751 358 
703 649 682 
900 826 624 
996 212 855 
588 441 2 
119 651 314 
798 384 194 
293 629 120 
458 392 340 
506 64 201 
592 88 782 
21 457 462 
24 435 349 
134 513 716 
712 782 228 
106 881 986 
926 802 544 
599 232 471 
420 205 74 
517 617 807 
163 750 550 
179 469 452 
53 240 670 
924 755 937 
505 251 415 
901 50 616 
679 88 377 
405 470 682 
214 20 459 
226 83 586 
338 487 471 
938 581 522 
286 993 566 
923 126 937 
59 734 908 
804 932 258 
933 383 664 
574 409 128 
59 896 913 
390 541 995 
97 500 252 
245 281 249 
937 619 45 
551 776 169 
164 141 761 
881 382 299 
747 790 111 
802 616 151 
736 262 268 
99 229 322 
295 53 848 
790 970 885 
196 502 622 
768 478 762 
328 430 550 
718 832 214 
572 805 585 
832 940 679 
307 38 892 
76 964 968 
197 155 741 
531 268 124 
0 733 213 
359 432 671 
333 639 617 
15 270 206 
454 801 216 
693 729 130 
698 680 500 
89 311 461 
719 907 605 
143 67 57 
570 403 403 
63 639 710 
594 459 94 
145 127 816 
880 986 565 
207 231 488 
655 913 834 
819 393 531 
199 605 905 
39 466 785 
412 83 484 
47 149 616 
791 120 297 
24 909 708 
262 213 969 
862 170 938 
397 393 447 
889 570 610 
628 345 974 
385 663 472 
392 236 686 
957 615 634 
165 475 696 
98 465 243 
735 253 443 
89 436 926 
824 352 886 
509 46 581 
406 146 697 
613 34 316 
764 364 122 
966 755 715 
895 442 476 
85 111 598 
774 566 150 
168 361 985 
950 286 45 
444 399 134 
871 714 505 
423 326 805 
798 171 52 
717 365 833 
304 82 97 
979 768 282 
136 585 619 
87 927 143 
428 120 459 
74 603 42 
970 411 110 
3 56 301 
477 27 181 
673 723 96 
788 251 840 
964 855 768 
323 645 662 
63 565 857 
270 361 33 
371 118 558 
927 646 796 
525 16 277 
150 888 403 
621 245 690 
182 904 508 
934 129 679 
806 373 668 
387 365 51 
152 680 567 
375 171 190 
555 589 149 
261 602 594 
104 244 48 
556 964 558 
617 267 848 
930 896 679 
533 670 363 
487 76 504 
714 203 888 
568 407 463 
758 756 327 
453 905 281 
38 830 138 
124 497 972 
692 995 797 
151 21 218 
181 618 857 
493 176 849 
9 463 689 
10 432 501 
512 725 742 
498 710 809 
486 560 93 
140 594 800 
790 118 422 
630 533 107 
922 852 14 
667 377 1 
427 472 654 
805 517 187 
486 76 127 
827 768 660 
907 332 41 
693 292 480 
261 725 450 
372 320 108 
724 74 210 
251 424 46 
608 548 798 
215 927 869 
659 764 812 
695 137 624 
287 886 907 
635 422 780 
85 303 502 
990 914 588 
172 338 864 
464 553 251 
551 343 747 
348 39 554 
865 309 918 
343 855 188 
280 997 55 
443 385 458 
785 593 798 
148 657 560 
826 712 430 
739 484 10 
267 290 5 
593 183 195 
448 294 599 
207 747 313 
659 430 401 
344 597 223 
553 974 245 
440 706 755 
570 967 621 
85 820 227 
252 635 893 
554 665 962 
805 527 63 
990 77 687 
733 694 971 
153 737 581 
940 272 833 
417 472 622 
428 729 550 
406 855 247 
984 14 76 
640 66 872 
493 436 284 
427 894 911 
775 242 225 
171 652 241 
642 319 376 
608 42 887 
148 342 346 
665 992 874 
45 290 463 
792 96 612 
510 47 390 
125 471 555 
387 948 746 
84 490 818 
506 563 770 
794 197 651 
11 958 909 
395 326 888 
605 479 547 
778 653 198 
204 779 974 
468 831 807 
489 156 633 
121 65 865 
661 607 289 
105 811 146 
640 519 646 
969 209 779 
942 409 943 
440 132 691 
94 139 228 
314 989 795 
420 255 15 
264 283 443 
208 588 973 
608 677 889 
211 157 564 
158 535 132 
763 185 237 
217 676 898 
773 993 742 
274 460 780 
335 399 938 
401 997 885 
927 317 884 
722 327 184 
353 774 333 
684 453 948 
547 562 646 
26 927 771 
791 665 713 
392 920 249 
848 846 568 
941 61 457 
454 662 32 
596 736 262 
142 554 874 
508 708 861 
632 607 661 
65 255 88 
263 307 13 
417 100 499 
905 963 69 
179 845 993 
760 811 128 
223 778 579 
912 942 111 
876 540 263 
630 339 856 
385 914 11 
505 257 979 
646 809 125 
556 592 245 
525 77 496 
625 94 840 
59 557 668 
512 206 152 
444 558 32 
99 115 766 
291 825 854 
814 917 434 
695 486 327 
127 353 2 
585 951 721 
485 975 616 
81 40 461 
546 785 616 
66 277 60 
566 836 106 
13 47 168 
775 356 460 
59 852 968 
508 843 499 
186 733 627 
77 524 361 
111 542 157 
333 940 522 
355 653 75 
66 651 715 
402 415 575 
63 510 527 
789 248 786 
996 567 433 
381 986 740 
678 890 385 
227 966 993 
912 576 194 
806 283 476 
915 379 779 
509 882 527 
76 903 313 
810 724 589 
983 924 286 
729 929 129 
134 955 84 
810 128 737 
150 92 553 
836 548 365 
167 98 438 
696 660 357 
647 183 910 
456 729 424 
530 417 461 
885 374 544 
632 500 894 
138 569 583 
29 26 398 
337 798 253 
559 503 83 
512 706 942 
898 73 413 
126 952 590 
227 706 701 
845 757 515 
951 417 562 
801 963 142 
353 701 134 
738 883 126 
193 696 629 
22 315 50 
291 872 104 
722 841 624 
864 461 539 
326 986 517 
212 225 143 
985 851 829 
915 363 761 
856 749 430 
399 982 48 
41 197 431 
659 637 661 
370 955 847 
286 481 808 
346 244 152 
844 492 597 
986 528 451 
495 907 513 
596 644 476 
199 136 135 
6 966 796 
9 142 566 
115 852 873 
109 890 961 
348 349 383 
492 835 32 
359 629 316 
526 203 474 
551 633 366 
87 980 840 
926 856 409 
568 332 213 
335 153 617 
84 144 828 
576 285 575 
818 218 454 
99 264 753 
71 537 767 
845 600 990 
736 701 974 
670 180 315 
28 652 681 
566 694 958 
216 596 241 
467 571 196 
183 100 813 
414 118 781 
562 480 592 
671 981 397 
973 787 992 
788 540 628 
390 371 905 
962 533 205 
384 319 223 
527 168 151 
999 379 698 
73 880 343 
929 628 985 
981 99 728 
13 376 573 
435 728 320 
142 724 851 
442 306 695 
824 23 246 
941 793 998 
307 320 603 
937 907 920 
560 625 57 
501 34 879 
717 393 227 
336 53 401 
289 124 303 
400 31 164 
706 304 279 
397 53 70 
28 229 215 
16 443 617 
669 606 265 
688 171 979 
383 560 226 
462 155 651 
127 793 697 
781 275 493 
582 93 919 
272 485 718 
128 548 506 
89 64 189 
699 512 157 
63 807 345 
835 610 766 
669 564 147 
657 284 0 
424 779 287 
992 319 884 
618 539 363 
918 812 236 
829 840 724 
371 43 496 
850 575 439 
413 135 349 
143 411 409 
506 124 728 
263 852 193 
619 238 119 
434 508 142 
876 542 902 
828 676 875 
601 692 770 
509 541 610 
414 298 985 
925 37 173 
512 746 94 
517 245 504 
304 985 901 
61 159 538 
779 661 53 
909 106 313 
989 731 803 
164 610 607 
926 765 198 
44 765 337 
215 129 619 
769 252 737 
636 924 590 
307 566 585 
697 827 789 
443 298 603 
213 280 810 
633 992 520 
184 702 743 
527 356 705 
677 831 552 
838 991 613 
809 558 672 
901 827 611 
361 485 356 
656 974 268 
238 964 187 
61 336 305 
365 20 350 
517 973 963 
284 124 431 
801 514 616 
41 120 689 
686 487 441 
116 414 299 
534 538 487 
257 956 199 
828 121 315 
882 927 86 
28 874 233 
483 230 1 
35 45 396 
914 644 932 
879 575 335 
819 219 955 
279 822 24 
871 955 715 
160 504 616 
674 128 517 
991 974 980 
614 45 541 
876 832 720 
148 749 781 
157 500 549 
928 531 785 
791 686 659 
64 823 160 
871 200 258 
669 668 522 
141 972 997 
995 889 840 
861 608 392 
380 857 288 
927 29 984 
21 607 991 
183 116 337 
943 597 869 
590 264 536 
964 296 418 
203 973 249 
388 813 927 
182 818 54 
119 559 882 
464 365 430 
816 600 963 
737 97 367 
738 157 196 
642 311 49 
12 554 539 
485 771 401 
0 614 745 
634 135 967 
810 459 310 
92 853 626 
838 982 688 
473 643 934 
441 239 405 
408 536 973 
524 830 520 
682 784 397 
716 643 454 
136 198 18 
942 40 114 
209 441 141 
578 155 537 
163 715 464 
328 259 140 
115 978 589 
606 34 423 
359 895 514 
672 373 305 
516 923 125 
31 399 850 
965 984 91 
597 675 260 
951 112 465 
467 144 839 
300 237 767 
165 975 788 
974 388 977 
165 870 351 
319 870 800 
476 591 105 
334 429 306 
239 573 589 
549 184 490 
631 117 222 
950 298 692 
529 647 194 
100 221 460 
200 511 775 
484 241 673 
831 644 876 
106 160 396 
356 172 394 
708 493 869 
57 656 820 
217 774 549 
567 536 731 
567 604 175 
268 80 926 
958 305 607 
113 750 512 
643 95 636 
783 675 291 
966 791 699 
530 616 324 
813 193 235 
473 617 346 
36 776 714 
24 213 639 
231 714 682 
222 123 797 
369 901 650 
57 335 363 
832 781 339 
937 703 687 
818 588 756 
788 630 161 
311 253 275 
508 126 658 
144 649 701 
481 422 451 
971 623 57 
826 428 567 
863 519 271 
72 225 260 
699 280 150 
6 371 431 
430 284 794 
766 458 674 
437 518 286 
918 108 669 
767 211 669 
36 567 963 
149 764 370 
576 859 230 
604 907 75 
553 729 214 
700 550 880 
309 167 352 
861 854 444 
608 393 729 
619 444 729 
139 619 167 
752 613 386 
876 42 937 
258 180 942 
68 804 679 
102 559 188 
399 94 720 
265 704 727 
37 407 555 
823 880 451 
842 247 974 
746 646 585 
770 182 147 
979 727 959 
54 836 394 
218 685 138 
941 576 644 
550 456 989 
648 581 779 
530 548 635 
614 370 689 
390 233 807 
187 628 447 
382 62 282 
