30 252 502 
486 592 796 
189 56 918 
132 416 675 
941 411 243 
913 510 693 
237 897 232 
517 319 102 
74 703 501 
362 150 719 
78 551 546 
784 17 779 
304 642 109 
653 284 579 
779 552 958 
472 31 739 
309 201 832 
82 900 695 
585 805 905 
690 784 290 
312 67 628 
369 814 482 
228 533 905 
357 643 234 
117 166 935 
191 505 264 
416 466 520 
838 414 586 
12 520 931 
149 69 635 
943 814 622 
187 554 714 
265 223 765 
616 449 921 
650 915 780 
649 313 493 
260 134 316 
249 723 472 
2 773 212 
564 408 138 
73 45 430 
458 246 124 
757 261 100 
843 654 728 
946 723 830 
347 238 944 
349 236 145 
894 606 845 
65 467 561 
463 864 401 
380 610 673 
789 224 298 
915 17 824 
263 702 106 
732 233 786 
543 347 86 
182 383 887 
530 6 149 
346 330 847 
899 663 157 
460 712 459 
191 810 56 
979 731 792 
550 647 916 
976 320 371 
944 235 535 
590 890 993 
658 283 10 
934 958 965 
747 96 500 
664 897 28 
543 618 229 
216 912 297 
567 35 168 
390 975 193 
777 318 31 
395 857 498 
849 339 220 
796 632 517 
126 986 861 
648 634 791 
569 84 41 
300 50 406 
474 750 972 
631 474 321 
109 651 361 
379 244 884 
569 99 639 
831 371 559 
160 614 992 
365 668 628 
296 690 960 
640 283 894 
656 457 138 
736 77 120 
289 221 425 
130 699 924 
194 460 362 
189 482 153 
41 664 359 
647 792 75 
827 320 980 
299 850 924 
760 314 931 
700 68 65 
974 1 536 
597 920 587 
653 822 246 
534 920 221 
691 6 324 
475 119 355 
115 702 151 
495 488 582 
259 581 724 
302 177 260 
820 47 315 
376 715 718 
342 626 49 
381 346 29 
568 166 297 
225 398 172 
942 998 684 
540 252 134 
98 17 160 
989 716 422 
140 156 613 
707 712 160 
575 858 311 
922 588 172 
699 623 269 
997 710 496 
388 758 407 
228 591 337 
413 952 316 
814 795 529 
947 476 848 
305 573 340 
802 941 423 
127 758 607 
163 760 158 
671 547 252 
55 164 490 
766 406 201 
41 239 103 
210 915 651 
2 501 406 
574 826 86 
151 709 571 
819 104 689 
664 718 992 
901 734 337 
591 113 88 
539 620 552 
847 784 710 
164 822 200 
227 34 968 
694 816 71 
406 936 982 
465 185 478 
853 562 184 
11 360 279 
831 57 980 
208 756 289 
222 160 231 
655 912 243 
997 492 824 
47 921 902 
486 699 832 
546 983 933 
831 482 875 
880 187 969 
631 82 373 
922 951 627 
368 673 708 
665 344 9 
278 937 993 
221 334 440 
89 450 603 
575 219 401 
175 157 713 
619 276 478 
293 53 865 
577 468 442 
171 328 456 
768 58 680 
592 234 633 
152 982 637 
361 623 348 
423 603 206 
380 793 224 
92 715 61 
415 480 985 
970 361 529 
728 700 981 
554 175 801 
51 617 570 
774 159 510 
687 128 597 
425 31 431 
563 916 375 
821 295 400 
914 684 909 
515 917 653 
749 854 902 
836 216 717 
770 849 549 
832 442 842 
996 967 417 
627 613 754 
476 800 438 
214 279 353 
264 803 352 
332 885 682 
818 497 408 
340 569 798 
552 414 924 
755 218 881 
916 968 58 
637 135 474 
807 662 561 
692 200 446 
161 954 71 
402 131 649 
992 209 903 
67 85 623 
21 838 898 
64 458 468 
664 823 444 
53 664 222 
175 376 949 
320 985 545 
6 882 144 
548 143 17 
998 79 732 
397 166 654 
793 154 926 
800 489 759 
224 543 721 
287 711 69 
231 93 170 
769 836 509 
760 89 260 
134 569 698 
886 723 845 
747 132 249 
291 599 361 
962 584 96 
89 143 218 
713 194 5 
711 796 165 
575 807 867 
489 89 923 
610 524 60 
536 440 551 
69 876 375 
965 209 460 
929 743 811 
431 658 247 
669 947 325 
183 741 290 
807 334 886 
968 975 150 
152 996 807 
813 962 361 
676 989 484 
919 792 914 
121 643 1 
160 801 672 
211 7 716 
736 200 908 
874 267 56 
21 224 162 
339 896 622 
425 947 888 
547 247 295 
902 177 819 
306 744 590 
860 515 584 
847 509 349 
564 33 620 
246 885 322 
150 556 422 
321 297 899 
931 662 348 
908 131 948 
335 800 444 
315 451 130 
362 82 685 
714 699 346 
916 125 842 
854 604 362 
429 631 367 
599 374 675 
376 442 195 
533 771 757 
770 512 260 
832 388 956 
338 970 828 
916 832 186 
621 974 888 
719 661 49 
972 232 626 
597 379 174 
216 620 900 
101 420 663 
409 801 895 
123 627 502 
50 42 894 
671 19 389 
873 88 682 
543 941 151 
954 69 551 
757 271 762 
84 339 240 
167 424 55 
681 927 763 
294 217 929 
920 27 418 
207 90 374 
234 507 630 
504 325 345 
560 26 613 
687 91 245 
983 720 336 
572 275 521 
457 821 160 
627 51 263 
297 671 806 
118 880 455 
979 665 350 
89 569 101 
716 383 659 
130 160 705 
233 723 832 
429 98 883 
612 484 179 
211 451 77 
414 520 461 
527 122 137 
432 144 771 
662 618 579 
406 811 569 
614 820 196 
538 473 552 
660 292 858 
430 966 496 
774 201 412 
568 954 641 
613 665 328 
232 832 614 
228 824 671 
530 782 307 
160 937 370 
533 741 804 
947 586 915 
608 110 456 
239 234 746 
432 92 953 
142 215 674 
215 51 843 
264 981 416 
53 194 51 
53 874 965 
105 679 108 
247 28 905 
643 44 192 
764 44 92 
703 509 700 
384 947 501 
172 675 94 
862 144 645 
11 808 565 
97 80 124 
855 585 659 
824 404 432 
38 793 145 
189 72 631 
599 23 881 
746 241 132 
986 266 884 
988 951 380 
211 674 722 
512 654 538 
230 623 231 
453 564 562 
114 314 821 
934 78 960 
380 380 251 
870 23 205 
594 75 234 
834 171 185 
8 185 88 
843 368 155 
300 0 184 
523 70 240 
760 465 928 
555 845 429 
871 561 296 
223 886 44 
610 618 419 
185 375 473 
102 254 501 
857 618 125 
207 839 217 
726 426 803 
712 3 59 
625 548 5 
506 848 743 
613 624 940 
675 796 953 
694 314 459 
597 179 599 
759 97 953 
469 740 460 
518 643 90 
89 523 368 
837 217 486 
928 822 906 
781 995 911 
415 22 94 
92 213 596 
601 397 144 
587 204 600 
384 404 503 
307 403 125 
84 127 576 
168 571 584 
469 683 722 
201 566 823 
423 780 395 
98 859 79 
612 496 829 
994 891 550 
880 885 215 
671 626 671 
232 231 386 
472 660 509 
108 152 21 
717 253 265 
204 715 670 
119 374 420 
527 593 289 
910 369 311 
364 360 31 
938 881 964 
402 107 71 
857 296 171 
0 518 569 
18 107 984 
741 228 15 
332 245 45 
710 96 420 
261 633 699 
2 15 845 
933 326 771 
90 353 740 
259 804 840 
290 771 488 
375 187 450 
69 528 655 
165 900 358 
991 58 213 
273 632 217 
287 18 788 
855 212 809 
151 508 71 
978 796 165 
699 270 365 
700 313 5 
785 979 885 
912 717 543 
910 277 466 
785 288 477 
886 832 128 
175 514 642 
691 831 47 
402 643 457 
790 539 447 
551 323 634 
790 411 5 
113 72 462 
581 536 225 
934 768 30 
43 486 938 
470 935 383 
953 221 287 
220 827 559 
491 876 93 
913 110 953 
738 273 84 
61 812 721 
802 28 25 
27 466 524 
37 342 810 
721 672 967 
624 877 580 
3 60 916 
502 616 330 
718 990 36 
362 238 756 
93 582 87 
473 711 920 
959 63 940 
829 451 126 
53 401 337 
549 423 160 
469 105 785 
790 315 716 
770 53 267 
949 415 817 
203 583 930 
457 406 209 
846 291 650 
403 839 796 
856 327 134 
308 492 395 
74 394 932 
810 74 257 
517 521 695 
934 312 861 
479 125 180 
46 244 343 
709 216 747 
2 171 95 
383 789 765 
700 822 807 
596 496 420 
107 700 355 
107 665 781 
770 292 764 
256 315 175 
211 37 598 
327 391 505 
522 321 176 
780 24 946 
740 976 808 
296 949 38 
375 897 214 
763 98 24 
274 88 145 
502 977 759 
906 300 47 
721 753 727 
834 492 754 
141 457 506 
691 955 196 
445 408 1 
292 430 172 
341 471 333 
216 380 415 
554 404 55 
177 858 104 
802 93 485 
557 80 55 
340 796 602 
896 449 722 
46 241 350 
952 964 494 
671 827 996 
571 420 252 
171 534 710 
718 301 792 
19 446 516 
41 597 188 
286 879 36 
62 917 19 
732 739 367 
928 249 931 
886 376 471 
448 482 397 
534 560 842 
257 178 466 
90 339 88 
595 287 871 
197 596 21 
944 401 834 
593 236 816 
1 618 300 
25 742 802 
311 992 784 
83 602 758 
121 509 438 
608 895 428 
709 813 769 
110 858 824 
920 721 949 
470 101 803 
736 825 593 
244 818 635 
796 757 773 
423 285 52 
581 489 323 
815 519 669 
46 550 11 
556 629 957 
136 612 293 
15 803 983 
586 942 428 
347 965 135 
61 298 394 
107 63 487 
869 455 770 
241 337 597 
929 5 676 
227 248 243 
602 385 428 
387 485 921 
829 856 142 
151 2 306 
386 952 201 
298 492 15 
1 950 27 
761 694 540 
232 290 264 
587 206 505 
793 133 598 
822 577 682 
469 444 808 
646 173 714 
55 841 269 
419 811 415 
694 749 143 
286 931 319 
628 469 323 
795 216 877 
127 899 289 
999 626 175 
324 60 178 
397 79 108 
122 250 735 
22 457 364 
550 206 379 
762 452 940 
481 499 721 
529 447 731 
165 189 211 
900 868 964 
349 993 673 
519 47 150 
422 990 754 
323 629 619 
170 791 431 
250 295 569 
422 636 754 
106 728 691 
456 391 163 
280 230 962 
335 392 177 
719 877 925 
536 732 114 
920 441 122 
943 548 484 
105 961 967 
216 416 480 
90 448 209 
502 111 354 
546 765 617 
308 120 957 
607 411 966 
306 291 729 
740 702 639 
130 331 320 
487 299 308 
216 401 128 
384 437 777 
569 754 446 
97 8 305 
833 574 601 
874 395 142 
582 642 109 
253 894 0 
903 862 490 
129 787 150 
548 301 201 
37 660 463 
99 934 920 
979 836 566 
375 7 305 
473 258 468 
828 983 71 
166 49 806 
732 702 976 
897 380 793 
758 750 593 
617 615 878 
223 313 148 
189 129 414 
828 977 426 
337 707 335 
1 721 348 
833 338 62 
76 363 157 
680 165 133 
38 70 203 
707 224 546 
727 912 262 
193 845 554 
432 745 260 
646 350 307 
273 644 644 
911 184 581 
426 343 721 
417 479 948 
675 149 346 
340 831 297 
132 838 708 
376 349 204 
594 104 745 
798 485 482 
751 216 456 
347 278 313 
131 929 676 
452 987 521 
181 604 597 
829 172 73 
495 852 577 
823 554 865 
791 389 543 
133 737 203 
733 503 472 
892 108 642 
43 683 298 
984 228 706 
960 186 675 
342 488 745 
89 6 77 
839 355 482 
582 895 201 
81 240 171 
946 658 15 
843 774 796 
633 339 464 
401 928 702 
509 757 10 
727 253 405 
895 822 509 
226 190 663 
839 348 803 
958 407 475 
857 895 794 
41 720 418 
781 700 523 
555 639 551 
74 551 220 
440 375 675 
712 68 70 
231 500 71 
941 768 375 
808 286 27 
28 912 102 
140 692 419 
427 726 928 
695 214 502 
78 537 50 
776 173 240 
513 379 62 
169 450 552 
17 177 752 
37 409 673 
42 553 805 
387 122 376 
804 435 517 
845 332 73 
974 671 31 
947 151 420 
755 304 61 
523 973 743 
966 646 633 
413 2 628 
608 373 27 
564 590 417 
563 709 390 
775 225 971 
621 72 815 
403 104 178 
378 824 899 
668 455 246 
56 825 311 
788 399 646 
967 207 768 
646 302 609 
922 542 963 
648 671 290 
507 26 166 
357 620 790 
676 8 441 
358 545 34 
35 58 771 
253 200 38 
785 945 754 
387 669 810 
246 850 550 
13 736 324 
401 448 520 
360 948 622 
467 684 176 
770 528 340 
736 43 396 
713 826 326 
237 240 336 
314 64 283 
707 636 360 
253 550 586 
468 7 378 
261 907 208 
651 807 214 
729 406 580 
874 942 269 
470 408 112 
657 288 371 
183 715 676 
598 493 183 
152 343 918 
21 850 44 
611 173 364 
240 950 558 
948 658 88 
372 514 523 
870 436 308 
122 106 997 
95 245 38 
156 987 342 
547 363 129 
464 615 864 
545 924 21 
814 987 548 
375 274 895 
883 270 860 
441 936 642 
96 372 701 
157 408 111 
16 681 544 
372 565 970 
797 181 334 
718 779 178 
760 649 569 
181 659 550 
835 15 822 
983 524 795 
28 141 14 
792 711 179 
432 796 839 
629 138 371 
871 870 512 
375 493 271 
217 633 764 
507 971 774 
800 943 812 
750 253 271 
71 421 355 
11 762 724 
250 481 344 
618 935 741 
391 803 720 
891 760 995 
290 972 631 
316 468 518 
590 642 479 
38 290 408 
12 978 193 
356 194 929 
351 909 451 
19 4 901 
322 429 715 
521 420 884 
593 101 920 
491 544 340 
827 584 704 
701 284 424 
1 338 993 
547 71 210 
765 410 266 
838 287 613 
192 65 727 
153 506 816 
767 54 632 
361 523 687 
106 79 367 
755 764 627 
244 616 868 
207 167 855 
851 909 126 
962 926 372 
32 242 273 
282 263 846 
7 325 156 
469 127 739 
32 572 926 
65 483 939 
350 536 755 
242 120 676 
474 266 59 
839 499 14 
424 19 227 
23 641 228 
537 607 782 
867 217 637 
868 511 611 
479 995 933 
970 478 42 
337 548 187 
161 117 253 
775 978 486 
496 664 356 
662 515 728 
22 363 926 
752 733 431 
688 505 858 
321 422 315 
523 968 417 
302 660 264 
99 518 250 
893 485 788 
724 124 256 
255 502 193 
518 857 267 
843 820 133 
310 220 583 
287 357 733 
639 268 923 
406 173 264 
73 866 612 
895 0 225 
815 923 773 
519 831 180 
193 113 879 
157 876 424 
262 979 38 
663 240 833 
697 767 794 
62 662 785 
880 936 595 
875 444 58 
678 612 13 
697 993 273 
898 468 882 
162 161 682 
317 183 617 
245 120 243 
16 300 643 
227 410 662 
658 840 535 
746 976 751 
975 684 385 
546 836 994 
77 424 716 
236 988 327 
754 994 658 
986 520 79 
817 773 219 
123 341 365 
163 711 840 
965 350 234 
139 75 584 
80 925 785 
544 465 827 
95 290 160 
764 645 380 
986 760 486 
736 206 501 
841 269 356 
117 633 970 
238 559 452 
65 123 624 
889 947 954 
254 962 813 
964 553 97 
199 810 270 
263 29 365 
721 696 356 
533 423 570 
218 129 798 
587 546 333 
801 194 547 
386 563 190 
197 615 31 
956 607 901 
794 892 743 
8 126 650 
263 49 595 
602 904 752 
276 276 974 
295 236 656 
120 506 715 
907 786 771 
57 551 473 
242 989 344 
442 345 786 
83 463 405 
431 825 175 
224 297 369 
321 388 112 
956 461 266 
419 578 391 
952 896 10 
985 209 956 
406 507 647 
755 973 554 
395 741 386 
562 421 590 
