664 686 85 
294 879 499 
60 368 332 
2 633 304 
81 200 120 
509 477 296 
123 672 108 
303 532 121 
764 327 433 
756 282 338 
42 936 971 
877 46 820 
247 278 689 
478 655 588 
547 57 879 
322 866 731 
151 983 919 
289 987 165 
62 95 546 
475 335 495 
36 521 793 
748 149 624 
54 317 430 
892 90 945 
291 120 797 
707 910 372 
784 675 946 
196 156 502 
540 816 934 
396 332 268 
910 284 178 
363 271 918 
826 453 865 
572 722 746 
394 462 291 
369 307 137 
554 218 974 
923 619 333 
214 949 467 
773 295 421 
20 340 548 
15 142 747 
487 520 936 
134 74 391 
645 251 525 
649 547 405 
721 815 616 
641 417 741 
677 812 640 
785 588 943 
877 590 406 
256 779 461 
277 798 85 
495 672 225 
391 393 341 
259 591 525 
264 927 314 
417 802 29 
795 302 429 
406 31 718 
123 82 772 
899 871 740 
288 72 235 
759 405 703 
88 520 466 
391 140 343 
261 478 630 
378 868 307 
485 368 835 
561 574 976 
511 417 893 
531 361 935 
786 892 102 
238 148 859 
732 555 252 
832 479 683 
200 154 274 
442 104 660 
265 273 45 
432 394 571 
333 212 988 
972 724 534 
551 679 380 
620 243 778 
61 908 157 
696 335 261 
284 395 732 
689 418 227 
147 743 886 
528 199 609 
134 104 358 
255 881 501 
77 21 946 
230 193 888 
425 24 440 
297 92 609 
622 563 707 
377 179 279 
385 646 618 
297 430 906 
557 94 697 
579 828 317 
163 463 228 
503 567 729 
524 236 757 
476 58 955 
694 923 36 
422 657 747 
275 192 700 
438 210 324 
535 741 116 
507 58 321 
91 121 222 
214 429 653 
833 684 65 
171 843 819 
192 72 766 
882 54 634 
682 396 647 
257 750 760 
14 997 875 
524 497 37 
378 990 784 
57 446 350 
869 253 412 
362 989 779 
823 567 244 
76 856 330 
783 266 442 
137 643 445 
187 872 11 
616 359 3 
238 655 39 
341 735 440 
222 227 550 
291 852 424 
868 551 932 
486 283 474 
904 918 260 
548 340 708 
187 481 968 
50 44 297 
695 607 497 
46 940 699 
811 545 956 
202 197 465 
430 26 289 
434 999 115 
706 558 307 
843 488 786 
142 938 498 
704 632 49 
422 604 974 
706 372 421 
149 571 849 
754 610 525 
855 694 965 
868 713 49 
996 234 923 
613 716 788 
824 554 378 
896 478 958 
759 129 597 
149 761 914 
765 104 183 
219 412 405 
861 962 214 
67 21 657 
79 584 583 
439 252 986 
551 694 272 
254 276 65 
746 200 665 
832 987 783 
437 513 566 
132 501 717 
505 63 777 
116 751 222 
19 813 191 
396 171 246 
456 73 528 
749 659 67 
426 345 554 
665 683 648 
959 576 83 
573 85 732 
59 973 355 
308 865 775 
479 755 970 
350 911 991 
462 252 322 
111 804 708 
373 165 478 
836 74 702 
624 390 107 
154 594 137 
100 877 133 
648 687 177 
778 23 264 
693 886 934 
824 773 554 
988 840 527 
470 48 851 
712 957 742 
558 330 772 
229 348 651 
133 265 561 
602 960 210 
176 128 608 
665 8 424 
515 833 25 
116 291 425 
276 158 315 
205 105 24 
443 4 282 
353 580 66 
909 717 575 
746 95 863 
239 7 563 
957 783 415 
89 384 638 
989 68 543 
719 769 284 
615 709 814 
2 273 988 
329 362 256 
371 457 586 
621 29 190 
681 641 510 
770 315 350 
387 351 25 
683 450 316 
221 890 585 
303 427 927 
226 760 643 
111 500 448 
706 594 749 
461 440 639 
723 267 29 
747 874 840 
61 318 599 
532 747 242 
155 898 529 
224 84 176 
733 329 845 
799 895 854 
694 927 614 
228 182 107 
459 359 988 
20 350 530 
566 116 36 
816 912 642 
626 51 534 
189 531 503 
117 294 797 
217 723 879 
562 977 679 
673 259 993 
531 479 126 
633 614 269 
768 817 654 
380 429 826 
298 581 996 
1 886 23 
264 929 895 
751 137 68 
791 331 10 
598 163 131 
475 918 695 
12 678 313 
627 690 310 
924 238 690 
204 142 913 
481 652 649 
247 884 916 
291 784 653 
684 757 253 
927 640 911 
461 975 491 
933 854 879 
190 947 408 
383 366 440 
291 562 468 
930 160 139 
685 158 221 
170 410 873 
714 654 474 
905 633 584 
19 785 19 
690 783 613 
700 355 947 
186 696 233 
707 481 776 
113 969 40 
477 813 581 
924 789 571 
54 120 130 
661 887 507 
720 42 732 
496 727 225 
52 271 742 
502 880 804 
337 178 513 
425 577 275 
432 93 882 
629 175 32 
138 347 949 
394 44 119 
375 759 932 
657 770 376 
702 879 84 
690 895 66 
754 11 157 
744 796 958 
298 259 725 
973 12 806 
879 166 712 
479 627 27 
140 766 798 
410 68 888 
583 197 323 
808 924 847 
372 347 13 
685 993 238 
456 52 224 
55 275 436 
694 196 65 
448 691 891 
635 873 173 
39 80 895 
521 772 663 
875 324 168 
857 924 279 
990 723 652 
737 688 865 
14 206 40 
559 134 526 
595 417 700 
280 667 874 
791 885 695 
753 819 945 
33 639 854 
787 172 765 
668 278 327 
483 237 289 
267 435 552 
841 397 132 
399 342 304 
850 734 834 
394 763 936 
38 497 245 
809 271 474 
106 458 957 
950 69 140 
764 762 471 
756 884 337 
826 775 851 
704 143 794 
763 869 290 
529 742 981 
403 394 788 
777 56 773 
575 828 981 
34 142 700 
854 951 182 
706 171 677 
567 47 674 
206 594 150 
91 317 24 
136 364 577 
790 711 733 
551 533 523 
606 12 662 
955 420 604 
538 153 290 
642 623 92 
780 380 742 
954 15 921 
65 986 309 
994 899 956 
716 867 752 
886 278 173 
507 523 395 
953 134 18 
314 354 796 
33 423 368 
667 491 38 
933 981 21 
934 165 549 
185 744 447 
662 21 71 
90 991 419 
241 454 203 
206 131 41 
134 774 764 
698 865 432 
304 445 102 
221 396 115 
391 412 201 
678 601 639 
761 718 558 
767 431 787 
584 957 539 
999 961 70 
395 783 559 
850 773 62 
461 466 24 
22 181 347 
907 460 946 
363 85 262 
321 967 243 
420 551 766 
569 249 277 
182 368 964 
785 521 101 
359 127 67 
217 595 628 
555 805 718 
403 332 262 
538 536 143 
910 659 481 
462 827 573 
685 471 1 
584 612 235 
282 9 391 
994 558 150 
41 693 982 
773 226 96 
329 169 948 
106 274 971 
174 90 137 
657 830 104 
621 445 155 
741 363 77 
65 495 296 
290 366 373 
322 655 905 
36 829 696 
690 532 490 
4 580 122 
490 569 623 
986 376 507 
435 248 700 
216 31 259 
107 355 758 
544 244 907 
619 574 942 
95 955 27 
445 992 297 
691 731 19 
440 559 675 
369 65 18 
688 285 484 
387 964 290 
643 143 357 
615 961 175 
818 927 698 
842 556 753 
476 679 983 
929 531 761 
280 137 475 
502 536 39 
414 966 870 
204 957 693 
954 727 555 
789 30 188 
797 315 111 
572 230 731 
329 649 943 
347 74 262 
660 122 612 
922 353 91 
318 711 915 
634 668 867 
107 873 322 
602 445 615 
632 630 167 
982 991 28 
589 399 794 
548 889 812 
864 701 63 
338 229 522 
959 937 880 
821 220 906 
880 423 161 
164 671 857 
443 530 48 
450 570 733 
877 485 249 
521 321 53 
956 518 109 
809 881 542 
774 54 72 
54 867 853 
20 938 724 
827 539 690 
702 422 674 
219 819 3 
914 579 54 
977 743 685 
212 689 326 
573 238 117 
246 32 819 
642 336 211 
82 331 649 
143 974 483 
534 494 482 
63 270 333 
459 270 579 
789 325 157 
658 191 93 
67 867 908 
766 382 946 
806 880 81 
59 111 66 
939 229 140 
488 644 557 
53 448 326 
803 396 110 
670 281 575 
319 637 864 
547 570 336 
525 663 266 
48 25 819 
857 511 654 
812 991 128 
613 557 800 
113 204 810 
755 152 140 
244 446 647 
617 196 967 
493 147 558 
606 363 634 
564 686 560 
646 771 58 
361 148 550 
588 744 404 
910 976 135 
183 787 712 
409 311 953 
697 182 278 
769 858 753 
784 51 100 
368 453 629 
53 472 470 
275 887 650 
393 355 861 
245 712 811 
70 937 115 
209 634 29 
198 655 329 
646 541 674 
243 933 43 
477 834 716 
442 823 403 
764 477 837 
172 86 458 
749 775 708 
507 720 197 
275 83 923 
710 16 189 
251 660 772 
72 370 623 
317 744 874 
675 970 550 
685 869 714 
951 639 861 
74 546 200 
910 258 306 
266 792 466 
227 171 231 
462 122 599 
908 203 717 
278 41 693 
458 453 210 
462 396 12 
623 501 615 
828 246 961 
509 10 429 
273 641 868 
965 473 864 
398 722 83 
7 369 287 
87 896 954 
606 552 878 
907 109 13 
120 408 644 
377 339 87 
723 32 479 
53 793 142 
75 281 375 
949 517 592 
898 762 818 
308 831 677 
331 921 722 
380 472 638 
679 923 423 
884 217 441 
933 951 560 
626 965 501 
21 437 550 
927 690 753 
774 772 764 
857 997 764 
378 432 452 
912 784 347 
788 820 676 
762 563 445 
953 51 58 
565 313 875 
546 48 630 
873 972 714 
33 297 295 
135 948 26 
140 446 819 
485 6 171 
404 170 918 
503 607 385 
554 551 673 
241 445 910 
955 696 274 
920 303 808 
138 68 10 
906 997 396 
469 658 941 
316 446 383 
702 645 99 
117 201 781 
822 489 832 
29 36 304 
468 527 480 
972 361 233 
829 405 548 
394 424 408 
91 384 43 
934 2 788 
502 235 582 
299 281 840 
738 129 964 
648 247 924 
863 749 265 
986 749 68 
588 600 291 
451 901 865 
759 797 117 
71 932 72 
384 49 897 
796 92 720 
585 471 253 
968 101 649 
189 216 317 
338 33 765 
695 51 406 
73 414 440 
786 692 819 
263 440 20 
153 869 35 
279 530 478 
211 554 263 
358 190 644 
165 537 189 
644 723 644 
463 379 816 
838 820 768 
809 998 511 
847 776 450 
831 629 64 
585 47 818 
893 246 112 
651 577 137 
88 634 176 
323 548 813 
245 143 289 
512 693 992 
312 160 785 
586 256 982 
322 81 942 
203 653 896 
111 646 174 
375 70 975 
528 260 784 
279 722 212 
500 287 846 
822 145 353 
379 21 144 
6 298 784 
185 485 341 
120 809 765 
323 957 912 
95 929 917 
345 523 898 
858 18 862 
575 919 643 
205 226 575 
76 384 324 
290 991 598 
575 660 469 
864 165 236 
173 517 919 
294 182 114 
666 565 869 
715 99 9 
906 99 859 
616 661 764 
926 213 950 
163 318 706 
826 35 124 
322 681 564 
870 856 661 
504 532 334 
765 538 405 
219 663 251 
606 91 836 
506 762 732 
956 455 702 
451 739 829 
363 673 564 
426 118 902 
97 572 100 
936 29 529 
199 120 976 
955 630 361 
690 454 696 
790 339 879 
393 558 886 
115 589 687 
542 378 329 
652 361 526 
217 668 201 
700 820 153 
729 149 379 
433 397 945 
329 789 698 
785 405 484 
796 359 178 
827 950 844 
15 35 884 
782 426 447 
789 236 952 
272 621 64 
464 919 998 
560 621 622 
366 728 482 
443 427 303 
255 802 3 
900 818 982 
177 974 361 
996 289 221 
812 805 605 
128 312 829 
264 828 853 
228 639 277 
825 249 376 
892 821 294 
98 133 805 
44 924 980 
77 180 577 
612 87 606 
1 644 369 
930 284 774 
348 81 367 
148 207 406 
88 473 113 
807 590 954 
150 930 802 
751 953 174 
306 410 719 
279 980 587 
268 509 224 
773 263 770 
206 865 704 
734 966 197 
979 961 750 
160 476 244 
430 980 937 
308 343 401 
71 388 2 
34 397 270 
694 262 629 
293 97 758 
25 218 71 
374 338 2 
168 513 379 
872 628 565 
716 796 986 
528 2 847 
870 390 548 
786 112 888 
977 978 953 
459 629 26 
249 490 819 
270 204 800 
915 687 851 
790 484 287 
342 581 357 
691 687 641 
998 880 714 
979 260 139 
464 241 473 
457 683 835 
641 944 492 
861 720 616 
328 36 482 
98 449 911 
275 819 553 
828 28 916 
849 219 575 
666 263 331 
938 301 510 
687 703 583 
503 141 884 
339 334 931 
286 383 639 
94 377 103 
287 440 954 
967 895 493 
221 693 531 
99 586 945 
689 115 930 
354 205 592 
24 751 50 
627 395 190 
282 144 248 
756 462 97 
308 898 297 
125 854 776 
846 365 107 
473 283 907 
84 410 877 
815 562 520 
306 471 329 
493 430 458 
866 815 77 
49 218 413 
680 898 624 
31 810 315 
676 153 338 
656 435 235 
75 761 55 
416 686 986 
715 393 241 
776 108 302 
513 101 107 
552 603 825 
800 614 217 
69 904 137 
616 276 958 
606 949 833 
736 720 888 
959 440 264 
880 393 539 
290 974 975 
607 613 182 
417 93 950 
488 795 950 
73 589 942 
993 878 973 
374 482 276 
909 5 119 
845 485 59 
348 421 280 
920 206 871 
461 272 516 
54 834 674 
802 566 624 
325 223 397 
97 784 591 
881 190 260 
659 214 21 
735 739 812 
136 296 365 
499 985 714 
607 628 321 
32 225 94 
136 203 574 
906 430 883 
609 171 552 
839 101 701 
566 274 740 
201 290 285 
617 410 227 
499 33 455 
879 812 995 
301 47 194 
257 713 380 
98 102 471 
687 783 23 
89 886 577 
335 975 603 
988 243 384 
878 577 132 
595 475 534 
690 260 278 
346 317 102 
963 41 95 
825 562 80 
926 697 815 
214 390 619 
352 968 418 
700 703 591 
258 583 175 
183 49 19 
324 543 542 
263 603 176 
90 571 704 
259 833 564 
775 236 921 
107 18 941 
792 220 545 
680 898 294 
423 541 391 
475 377 388 
259 381 993 
280 759 723 
561 161 910 
535 412 635 
682 590 846 
448 700 259 
523 527 914 
592 725 191 
114 794 47 
364 749 495 
934 732 311 
599 72 727 
787 517 4 
857 427 816 
665 870 197 
626 995 104 
538 836 448 
592 440 172 
960 103 423 
828 355 583 
392 568 524 
763 824 572 
643 103 981 
295 465 797 
984 216 428 
918 56 196 
922 866 624 
649 587 644 
94 715 215 
908 564 184 
830 682 75 
257 118 380 
99 583 423 
316 576 648 
307 193 815 
669 385 441 
502 289 80 
232 241 848 
648 943 48 
481 965 788 
406 642 597 
801 732 38 
745 444 500 
598 24 651 
218 657 558 
929 84 721 
635 193 571 
700 560 46 
105 803 765 
237 970 747 
350 960 664 
453 260 160 
78 348 183 
862 438 779 
577 702 998 
872 598 736 
620 9 672 
412 579 586 
870 226 102 
24 628 475 
329 620 262 
615 111 199 
415 36 901 
991 462 647 
725 75 487 
91 520 785 
288 787 771 
593 642 253 
682 710 439 
998 706 97 
667 260 743 
889 322 147 
758 67 9 
647 293 601 
529 99 231 
154 838 828 
363 199 359 
230 484 573 
262 761 516 
420 838 550 
385 659 492 
652 297 173 
325 441 418 
436 431 247 
746 192 837 
70 605 220 
394 463 573 
814 375 252 
