216 971 345 
847 667 136 
523 736 593 
318 757 251 
339 364 453 
759 90 762 
348 116 14 
481 558 859 
635 46 215 
787 781 780 
951 97 212 
525 92 947 
570 157 575 
769 34 35 
729 496 691 
4 867 660 
385 646 220 
442 589 982 
861 895 923 
22 817 305 
537 991 968 
576 439 958 
114 568 105 
654 609 885 
498 843 544 
91 59 606 
232 802 993 
74 809 642 
189 969 996 
497 12 315 
687 422 631 
173 642 641 
605 874 351 
305 636 521 
439 377 582 
386 438 104 
128 182 704 
819 742 578 
998 106 346 
415 464 692 
36 802 647 
303 491 315 
378 112 114 
292 541 643 
45 312 891 
152 986 749 
176 626 197 
55 697 141 
332 883 71 
563 825 316 
974 931 414 
150 971 32 
714 757 132 
673 962 600 
130 153 875 
768 642 381 
491 991 177 
438 423 423 
997 811 463 
944 864 684 
974 356 359 
676 726 139 
610 948 648 
759 332 632 
257 371 825 
281 272 621 
495 302 419 
12 870 168 
17 392 737 
689 427 581 
374 495 308 
51 274 874 
504 574 789 
744 384 181 
869 842 691 
736 711 573 
568 171 824 
7 511 425 
177 379 192 
511 553 795 
156 527 940 
185 832 829 
649 626 175 
522 826 159 
391 434 308 
746 268 332 
607 681 192 
854 623 258 
508 458 640 
324 8 960 
833 917 326 
545 239 805 
885 462 226 
446 337 739 
788 438 328 
716 37 235 
704 690 797 
163 331 409 
265 540 564 
753 726 974 
188 455 692 
475 733 376 
737 688 248 
266 855 308 
233 902 783 
89 560 693 
172 99 547 
198 837 916 
398 154 754 
666 85 556 
368 902 80 
0 447 58 
149 399 480 
542 548 412 
108 278 43 
303 328 996 
666 123 517 
517 433 565 
491 851 485 
203 198 487 
905 903 97 
496 769 55 
518 693 618 
475 575 610 
150 10 423 
458 603 128 
874 594 835 
976 459 558 
374 258 508 
242 731 98 
784 111 966 
381 941 80 
907 256 533 
495 640 559 
955 273 177 
182 250 883 
765 375 769 
696 310 905 
979 904 222 
634 947 430 
573 321 805 
518 150 602 
88 425 585 
439 751 870 
812 87 543 
359 74 733 
634 893 597 
992 434 25 
16 50 57 
753 645 392 
813 99 958 
981 353 624 
375 59 199 
240 168 87 
42 30 392 
376 751 191 
652 108 851 
581 224 78 
911 755 588 
0 321 532 
872 832 701 
244 498 683 
952 506 564 
171 484 328 
979 806 232 
545 105 13 
735 886 972 
469 177 69 
448 653 46 
343 991 980 
558 788 577 
327 583 486 
423 909 566 
126 96 423 
142 910 598 
494 366 445 
923 858 756 
72 118 245 
959 803 482 
314 219 548 
725 261 174 
552 797 353 
551 548 926 
192 654 2 
497 394 958 
22 551 732 
927 284 83 
460 633 168 
341 440 282 
554 586 104 
520 620 81 
542 283 265 
673 328 921 
955 382 551 
733 945 722 
232 106 372 
63 813 969 
356 379 175 
26 259 565 
241 118 142 
684 388 787 
620 287 627 
329 732 751 
18 130 431 
832 368 95 
983 206 374 
813 923 573 
147 558 984 
457 365 275 
877 555 622 
183 467 781 
65 15 31 
588 367 638 
806 956 795 
637 812 291 
470 680 248 
515 887 91 
935 835 859 
595 844 23 
69 473 505 
683 122 873 
69 999 419 
41 434 492 
720 20 321 
453 758 143 
885 488 652 
867 265 580 
232 65 438 
189 809 428 
780 242 496 
463 388 176 
160 15 481 
535 31 491 
889 266 832 
25 963 652 
367 234 167 
22 584 901 
628 5 292 
170 210 136 
745 484 237 
871 484 113 
18 855 574 
534 921 474 
432 171 855 
179 541 407 
119 951 339 
220 661 191 
564 402 15 
666 303 250 
736 655 350 
576 1 624 
949 348 334 
107 990 746 
731 810 587 
605 697 690 
81 722 865 
296 997 928 
316 103 782 
750 709 263 
982 933 667 
895 606 757 
102 67 989 
987 477 888 
77 215 90 
508 243 659 
723 700 897 
144 926 261 
481 339 112 
307 128 205 
106 224 788 
792 368 252 
748 140 663 
251 75 866 
379 724 376 
720 994 893 
980 91 528 
252 385 563 
944 648 580 
56 732 335 
511 66 610 
617 574 78 
27 465 243 
692 320 523 
392 117 315 
488 257 67 
535 239 315 
0 214 255 
677 752 85 
607 9 387 
925 942 263 
994 689 542 
535 523 863 
162 72 624 
949 977 98 
209 242 267 
877 890 774 
592 611 487 
438 64 937 
811 112 573 
909 968 207 
92 508 889 
323 163 603 
28 593 308 
264 755 251 
879 45 609 
555 511 775 
545 393 482 
289 586 591 
604 992 840 
109 589 491 
812 141 750 
978 171 21 
348 919 635 
821 859 789 
786 180 635 
275 913 116 
680 949 350 
950 283 488 
575 963 70 
200 786 16 
477 720 674 
964 712 972 
323 466 301 
558 991 982 
26 660 233 
518 728 763 
190 862 611 
330 419 16 
942 549 610 
278 691 627 
758 693 248 
271 718 600 
837 936 783 
734 858 341 
729 329 694 
793 683 764 
954 686 731 
992 235 682 
341 99 926 
779 101 877 
422 415 328 
40 18 876 
92 92 82 
417 905 13 
719 895 111 
762 682 72 
550 114 580 
770 780 612 
269 960 504 
867 329 982 
174 604 180 
526 652 110 
406 468 337 
301 986 938 
109 611 512 
41 476 292 
275 773 844 
284 444 459 
77 423 605 
33 256 204 
994 146 928 
759 177 422 
61 274 306 
890 280 367 
146 16 753 
581 810 838 
348 764 4 
187 322 654 
325 444 155 
116 22 570 
665 219 396 
77 79 289 
792 841 937 
216 857 3 
950 917 141 
440 807 93 
903 362 955 
262 530 72 
75 501 259 
145 673 265 
548 637 222 
562 605 888 
928 863 438 
804 458 852 
255 225 565 
564 968 932 
173 449 124 
626 158 605 
128 183 197 
659 778 375 
43 463 252 
63 852 279 
936 97 942 
13 70 651 
821 610 584 
715 123 680 
110 25 77 
580 277 745 
736 998 795 
931 58 38 
494 769 390 
261 514 916 
231 965 985 
275 21 270 
580 426 741 
694 552 811 
187 516 116 
539 459 850 
911 787 790 
764 30 945 
439 633 851 
347 316 917 
601 688 690 
824 580 355 
914 79 949 
948 664 709 
67 453 274 
13 814 750 
925 111 292 
221 90 477 
814 582 440 
264 221 82 
843 668 854 
7 843 76 
773 628 535 
588 221 399 
128 265 69 
645 610 135 
494 222 437 
223 450 858 
250 930 391 
100 537 463 
632 465 855 
637 988 645 
100 686 328 
267 331 216 
943 126 322 
544 442 184 
617 949 923 
678 400 199 
99 175 249 
866 356 496 
605 619 24 
621 122 957 
248 405 194 
848 545 835 
127 216 968 
260 794 949 
182 250 987 
348 959 780 
498 33 172 
535 20 663 
905 238 17 
438 785 65 
322 960 85 
13 537 560 
875 856 849 
655 883 79 
571 308 165 
502 258 344 
526 163 495 
163 162 959 
390 766 979 
714 185 854 
391 306 259 
617 40 823 
580 17 469 
191 259 578 
157 649 755 
874 243 96 
404 708 326 
750 146 496 
360 570 491 
155 270 231 
529 710 398 
963 151 773 
924 185 609 
79 264 115 
324 757 985 
927 796 217 
757 852 372 
653 0 498 
200 12 633 
940 119 9 
477 675 652 
186 595 264 
132 32 894 
789 234 694 
833 800 245 
564 132 957 
195 463 77 
232 767 390 
50 876 325 
219 435 986 
615 69 724 
937 832 894 
560 542 85 
790 193 504 
83 739 84 
499 716 730 
362 943 476 
991 344 981 
7 380 144 
438 477 546 
528 887 285 
74 521 316 
767 822 794 
496 62 514 
954 494 82 
984 285 240 
308 580 214 
945 282 196 
570 185 810 
275 525 365 
788 108 950 
616 760 829 
101 978 350 
655 733 826 
804 392 261 
635 626 851 
248 465 905 
557 316 391 
698 245 416 
927 204 383 
878 205 893 
652 688 840 
937 714 279 
669 936 180 
94 393 538 
246 621 219 
998 863 185 
485 448 818 
745 861 264 
523 812 764 
623 939 878 
890 837 528 
945 435 942 
636 304 682 
691 424 807 
393 236 326 
406 82 739 
888 373 325 
660 359 681 
335 528 35 
651 699 321 
788 554 943 
64 995 831 
22 306 137 
831 893 137 
585 877 116 
38 788 941 
892 493 858 
318 991 977 
783 239 824 
814 850 98 
488 77 741 
389 554 282 
337 813 812 
41 226 829 
282 23 979 
293 673 597 
181 318 564 
919 257 721 
71 979 440 
823 654 637 
130 555 984 
167 123 476 
966 118 135 
527 482 944 
270 313 997 
153 432 985 
937 532 13 
804 208 678 
105 418 855 
559 491 542 
179 706 281 
132 806 876 
50 818 774 
1 575 425 
891 674 63 
13 82 122 
461 607 578 
696 448 92 
826 127 935 
766 54 296 
471 32 620 
849 378 647 
407 967 710 
36 207 367 
39 239 643 
883 658 565 
397 24 535 
521 144 475 
673 913 848 
195 558 63 
69 570 414 
920 406 766 
489 730 166 
812 506 758 
478 20 962 
580 847 527 
274 838 425 
517 249 37 
741 683 933 
664 892 169 
10 363 578 
882 68 531 
499 652 507 
975 472 312 
370 819 61 
188 676 62 
954 595 604 
987 108 702 
575 909 264 
187 456 100 
531 700 863 
76 153 963 
799 988 184 
297 866 84 
592 286 68 
967 753 602 
473 256 801 
650 316 545 
448 62 149 
847 314 888 
933 578 233 
535 137 968 
461 281 449 
392 889 863 
316 596 826 
546 594 799 
6 867 405 
950 375 976 
245 124 779 
27 983 230 
737 676 841 
773 2 559 
748 777 938 
504 255 970 
593 91 628 
586 339 440 
753 255 224 
851 309 876 
952 482 436 
23 519 671 
329 477 977 
445 775 594 
202 360 205 
749 148 893 
532 783 854 
16 654 740 
142 597 772 
922 563 718 
395 918 145 
778 165 343 
113 615 448 
338 260 431 
869 868 965 
165 375 734 
968 763 485 
810 651 980 
790 677 295 
860 208 157 
875 279 941 
441 613 447 
515 295 405 
599 102 768 
209 900 925 
336 191 492 
21 90 402 
526 366 944 
443 449 376 
176 555 593 
185 291 507 
43 486 447 
449 826 347 
484 375 954 
33 139 801 
530 283 953 
243 567 949 
372 869 227 
994 901 572 
76 40 843 
406 472 626 
64 601 526 
666 269 576 
865 649 625 
299 54 676 
686 234 68 
348 612 775 
819 859 303 
533 804 518 
316 288 217 
203 665 18 
758 712 810 
239 372 429 
623 62 623 
504 178 341 
61 507 823 
248 502 12 
61 485 491 
793 601 159 
760 405 425 
652 795 356 
534 653 126 
791 194 155 
865 68 601 
504 480 869 
237 217 308 
467 969 766 
405 335 351 
642 565 556 
421 726 304 
565 97 653 
815 559 382 
507 204 50 
847 175 712 
985 496 730 
928 723 563 
866 511 934 
968 712 20 
248 726 259 
859 889 662 
854 138 992 
504 893 978 
176 93 311 
669 166 594 
928 334 746 
574 998 436 
200 595 30 
833 266 136 
363 399 796 
743 82 498 
835 490 988 
81 658 737 
153 701 195 
142 309 116 
543 50 346 
199 282 912 
802 359 158 
831 775 919 
882 949 2 
523 694 886 
116 742 830 
820 812 497 
464 65 109 
327 364 791 
338 941 472 
881 369 423 
309 586 346 
982 201 947 
99 237 730 
603 113 115 
259 302 973 
995 94 672 
0 222 894 
723 388 651 
208 115 761 
900 518 595 
209 826 87 
345 329 435 
494 60 956 
39 134 918 
989 739 471 
444 625 180 
671 82 390 
285 976 867 
380 116 505 
942 919 494 
892 69 590 
787 980 455 
763 972 609 
781 535 225 
130 114 465 
407 293 827 
43 422 790 
526 946 721 
1 951 80 
807 189 221 
543 902 408 
771 772 319 
289 90 925 
596 230 947 
608 878 778 
635 74 948 
946 992 313 
77 573 720 
31 238 494 
848 283 392 
927 754 925 
352 180 488 
606 290 657 
364 674 104 
240 490 603 
707 315 437 
27 349 674 
638 502 437 
298 876 129 
385 939 229 
227 754 363 
202 350 81 
204 48 986 
47 103 731 
335 835 260 
869 628 860 
392 676 913 
158 704 906 
709 250 424 
518 389 453 
571 615 922 
858 638 265 
981 500 37 
192 770 12 
393 377 831 
833 917 705 
511 533 932 
916 927 155 
282 127 59 
727 635 274 
686 886 3 
285 125 557 
618 19 71 
605 291 548 
587 19 970 
812 70 126 
329 321 680 
770 597 386 
465 897 665 
890 573 385 
247 468 441 
185 190 617 
224 316 117 
436 863 520 
994 591 650 
761 639 326 
713 191 497 
433 874 238 
511 48 492 
251 556 54 
37 948 32 
392 25 904 
305 983 591 
486 818 281 
522 298 949 
525 665 906 
290 477 667 
998 740 214 
291 902 132 
315 843 30 
61 192 760 
972 411 730 
794 153 472 
572 910 310 
76 852 514 
318 73 388 
61 497 545 
500 64 474 
268 276 501 
486 913 151 
730 612 752 
924 266 940 
890 902 9 
944 54 915 
265 647 250 
922 502 352 
489 421 786 
684 494 558 
629 788 742 
550 269 313 
931 945 238 
907 491 381 
223 377 155 
968 913 519 
289 353 908 
742 781 631 
791 173 731 
87 588 133 
79 297 638 
586 853 33 
328 997 5 
123 131 654 
928 567 315 
727 529 805 
574 60 802 
442 899 991 
874 112 707 
416 48 523 
926 721 551 
448 918 215 
6 776 864 
852 611 946 
892 714 427 
735 753 10 
736 783 661 
954 792 297 
145 53 278 
15 6 989 
703 112 142 
371 51 743 
441 959 85 
688 914 571 
761 339 429 
161 74 881 
271 78 205 
427 146 94 
661 699 540 
190 891 290 
963 664 546 
432 479 593 
325 65 67 
335 782 285 
2 398 731 
192 898 849 
687 88 160 
518 610 518 
944 442 558 
963 142 308 
895 747 622 
878 822 375 
900 37 859 
724 657 554 
436 953 963 
432 814 119 
120 238 278 
641 143 807 
797 930 19 
924 22 925 
700 348 461 
472 900 474 
190 602 115 
52 495 499 
503 884 659 
411 35 143 
860 674 947 
986 516 799 
537 181 160 
516 128 288 
586 511 627 
842 353 835 
848 472 39 
36 742 794 
583 274 424 
825 713 77 
997 133 499 
215 461 819 
333 823 411 
980 297 73 
546 584 838 
242 253 993 
448 298 774 
669 133 986 
98 258 742 
445 536 998 
552 939 988 
175 606 448 
653 92 133 
124 159 175 
467 755 213 
978 973 44 
655 286 28 
463 747 499 
307 136 659 
538 616 336 
923 86 260 
450 398 16 
873 803 860 
746 959 371 
602 35 323 
360 510 873 
276 97 237 
909 427 864 
618 256 983 
401 789 980 
545 727 95 
493 523 686 
645 934 856 
787 232 904 
392 255 32 
844 99 330 
24 370 735 
165 346 930 
536 168 600 
808 186 177 
372 701 278 
222 637 0 
239 354 151 
355 120 683 
885 449 460 
213 781 406 
777 519 80 
167 177 330 
116 9 735 
650 472 965 
691 693 132 
705 842 969 
955 649 645 
827 918 804 
987 129 494 
420 798 624 
557 549 703 
