358 475 497 
936 886 899 
41 772 988 
535 891 495 
824 648 789 
429 729 788 
349 322 537 
706 556 375 
885 649 418 
621 611 588 
59 245 876 
939 782 913 
368 681 46 
323 745 630 
721 384 56 
904 677 184 
44 219 59 
412 329 642 
140 516 812 
856 25 429 
117 920 135 
644 349 861 
446 506 887 
391 570 363 
971 323 674 
812 733 557 
294 9 652 
269 270 784 
807 803 254 
45 826 248 
189 995 422 
642 357 508 
62 164 773 
245 781 160 
329 177 14 
818 363 449 
443 730 275 
420 239 85 
986 849 215 
353 132 278 
18 987 172 
723 850 559 
665 856 411 
523 934 696 
272 801 48 
49 397 407 
768 433 558 
356 672 287 
615 953 819 
122 269 657 
76 754 193 
926 504 481 
797 810 0 
606 135 952 
943 350 442 
45 498 7 
868 925 429 
578 619 582 
394 628 424 
219 636 442 
181 926 554 
686 586 566 
382 178 171 
32 365 128 
470 829 634 
683 57 768 
491 774 824 
626 957 783 
708 188 812 
552 847 288 
874 490 723 
101 760 397 
394 541 162 
633 216 308 
549 82 397 
487 524 308 
680 807 744 
347 173 193 
454 404 406 
187 290 446 
31 372 265 
207 27 193 
852 836 485 
376 96 89 
289 459 506 
417 880 114 
753 691 850 
277 580 593 
814 821 298 
598 29 782 
584 67 117 
660 636 990 
833 678 617 
263 398 411 
228 488 776 
303 234 121 
850 930 716 
102 565 910 
859 661 320 
20 382 743 
149 977 643 
235 933 890 
481 177 601 
113 3 530 
49 290 641 
321 914 375 
953 790 816 
331 563 639 
644 767 265 
59 710 432 
181 13 51 
969 333 313 
801 162 650 
94 704 869 
919 888 315 
792 940 841 
748 900 241 
651 229 233 
136 436 274 
852 595 359 
949 14 269 
611 409 650 
333 58 560 
930 948 856 
312 855 112 
166 24 187 
9 962 40 
940 80 869 
942 864 896 
184 925 456 
108 52 240 
770 904 805 
725 711 236 
546 980 277 
667 195 366 
874 914 695 
363 22 539 
169 867 35 
785 79 478 
108 62 407 
600 111 49 
902 820 840 
771 391 513 
172 424 468 
810 551 426 
643 942 746 
121 552 568 
508 136 947 
274 116 17 
374 578 296 
904 430 703 
269 60 931 
772 556 850 
541 546 845 
908 565 925 
115 495 493 
589 420 978 
85 268 403 
354 139 311 
227 810 462 
726 906 952 
255 837 775 
67 653 117 
34 80 380 
725 703 172 
312 41 103 
356 60 341 
363 240 329 
291 589 94 
725 32 157 
498 866 837 
108 435 200 
440 345 273 
305 851 606 
347 54 476 
942 405 859 
428 805 278 
667 76 724 
271 137 56 
231 151 357 
215 117 596 
176 931 411 
621 212 419 
614 403 858 
792 323 533 
777 85 540 
426 752 103 
842 424 344 
356 178 236 
657 616 557 
955 0 402 
911 581 401 
373 916 561 
519 554 842 
467 597 571 
599 323 768 
123 520 839 
435 817 434 
392 942 210 
9 602 876 
630 803 812 
992 123 632 
984 908 334 
953 637 261 
977 113 183 
558 342 676 
776 703 289 
155 400 777 
915 801 272 
209 163 358 
221 759 343 
29 455 35 
864 139 969 
395 587 47 
75 170 228 
209 802 344 
886 240 874 
938 653 75 
554 198 996 
851 29 638 
433 756 369 
854 734 559 
688 355 332 
941 396 451 
520 258 160 
275 151 843 
1 808 734 
93 499 717 
761 668 424 
462 853 220 
643 615 154 
592 235 437 
544 533 331 
870 922 985 
550 159 312 
494 655 890 
734 821 775 
346 562 792 
912 213 395 
777 734 900 
749 80 974 
58 49 45 
494 887 656 
434 507 456 
920 612 650 
868 856 502 
326 357 477 
610 856 465 
599 829 717 
957 6 358 
129 653 974 
651 97 642 
961 767 446 
488 947 84 
157 43 409 
769 252 238 
131 184 79 
455 721 831 
968 970 665 
232 501 344 
222 367 588 
340 548 296 
713 811 832 
571 536 165 
365 661 613 
292 809 980 
504 520 270 
990 855 636 
76 351 420 
769 43 365 
734 236 502 
665 963 47 
164 157 154 
441 57 916 
22 698 361 
731 215 976 
884 338 107 
175 836 590 
266 752 707 
222 423 537 
578 144 626 
925 676 392 
482 903 738 
772 688 928 
71 519 206 
819 147 704 
991 290 669 
838 832 943 
922 266 908 
488 306 705 
157 63 305 
749 606 309 
995 879 318 
763 489 243 
774 637 952 
127 44 435 
120 657 208 
637 114 389 
227 971 387 
232 16 638 
845 187 211 
855 421 47 
758 273 887 
514 66 525 
813 676 338 
11 535 105 
554 439 756 
530 327 175 
510 274 105 
808 804 434 
331 912 337 
489 356 612 
801 740 869 
86 692 550 
458 426 979 
932 622 101 
736 256 846 
403 506 495 
840 348 709 
881 45 266 
432 165 473 
945 0 62 
924 723 194 
582 96 591 
222 566 762 
405 79 839 
6 169 446 
920 60 282 
983 76 567 
70 59 183 
739 276 476 
981 470 173 
271 743 183 
327 500 91 
235 128 249 
470 879 83 
340 169 184 
530 335 310 
278 529 550 
365 63 259 
308 887 760 
435 795 902 
445 48 923 
471 538 942 
369 493 666 
485 857 507 
476 96 807 
382 574 645 
278 653 234 
564 979 342 
501 5 876 
990 54 778 
362 332 404 
406 838 674 
784 465 544 
49 793 690 
34 856 414 
760 267 74 
694 692 231 
745 403 190 
980 10 237 
746 503 943 
515 247 173 
426 989 404 
566 85 21 
991 563 451 
675 188 832 
186 559 150 
13 656 946 
981 142 255 
301 132 546 
271 387 837 
209 630 91 
548 495 198 
229 733 157 
643 917 290 
510 167 229 
389 935 796 
301 382 384 
222 534 474 
599 26 229 
809 316 847 
147 306 446 
608 560 429 
388 642 607 
52 729 352 
557 919 894 
513 491 963 
683 419 692 
326 553 750 
744 761 222 
191 566 938 
795 191 472 
181 930 448 
448 871 689 
548 417 927 
844 465 824 
186 743 445 
449 665 504 
962 286 32 
387 966 986 
717 143 337 
700 19 470 
148 687 475 
946 699 654 
742 378 918 
605 513 788 
674 554 142 
540 358 123 
795 211 445 
25 9 259 
552 273 962 
526 77 620 
592 503 704 
380 559 920 
652 927 502 
466 189 328 
231 195 981 
392 440 842 
442 28 733 
590 289 104 
340 692 593 
401 437 767 
318 192 436 
426 800 355 
548 9 23 
701 186 862 
950 462 523 
983 361 877 
507 916 388 
425 971 862 
313 535 702 
971 373 502 
808 902 48 
942 300 540 
352 871 856 
473 89 134 
383 49 211 
634 83 931 
479 253 292 
823 359 62 
170 655 105 
51 747 220 
880 827 665 
584 360 978 
995 72 964 
757 30 301 
85 685 192 
152 833 474 
161 266 581 
28 271 406 
968 998 300 
510 566 343 
862 442 894 
85 707 615 
689 766 246 
219 335 345 
243 919 824 
767 882 166 
739 768 699 
850 495 959 
135 838 267 
631 927 829 
636 703 892 
513 315 8 
18 56 760 
952 145 593 
119 983 825 
916 53 183 
657 760 751 
433 596 62 
847 321 986 
74 525 275 
462 602 566 
943 513 246 
371 880 282 
183 168 19 
711 789 359 
427 101 441 
144 929 697 
761 856 520 
745 994 708 
719 497 751 
480 583 613 
511 8 660 
696 997 881 
241 951 833 
893 868 710 
828 490 288 
860 664 878 
249 605 510 
281 555 852 
937 839 123 
355 752 849 
295 809 929 
478 945 422 
513 291 198 
374 432 636 
309 919 953 
517 643 233 
223 907 236 
962 434 232 
556 731 529 
214 395 658 
626 787 526 
516 541 933 
682 111 566 
755 380 801 
417 840 940 
665 248 861 
880 808 16 
793 389 747 
194 903 688 
672 893 957 
202 187 448 
660 506 484 
901 241 884 
726 306 759 
31 302 857 
190 285 390 
191 916 891 
205 449 662 
424 573 570 
220 891 457 
441 246 309 
401 999 63 
381 467 279 
541 666 896 
22 617 691 
680 882 737 
906 714 87 
583 136 829 
212 606 450 
28 749 17 
600 113 913 
784 854 481 
147 559 180 
751 78 21 
376 280 233 
382 891 339 
850 853 201 
907 862 786 
882 730 975 
348 869 827 
303 259 637 
940 833 28 
171 623 79 
378 194 987 
597 821 602 
436 300 466 
621 171 251 
575 453 3 
784 921 318 
114 93 724 
64 895 29 
38 532 582 
613 352 775 
614 391 298 
925 588 322 
354 165 221 
598 777 507 
501 243 10 
163 695 593 
576 136 839 
449 419 964 
972 475 494 
194 788 201 
912 359 555 
136 668 575 
324 191 400 
676 930 856 
815 417 459 
148 731 453 
810 699 771 
155 863 265 
572 479 133 
276 351 842 
553 785 431 
550 786 966 
261 333 888 
162 730 803 
733 593 984 
189 899 4 
805 49 913 
549 301 309 
790 160 419 
275 616 772 
356 282 784 
505 57 968 
86 644 143 
35 773 694 
748 511 555 
835 327 601 
608 949 589 
867 736 273 
588 496 302 
817 437 767 
254 601 411 
796 887 461 
427 457 788 
951 559 373 
886 823 250 
59 80 866 
146 3 246 
901 509 637 
954 115 50 
193 60 34 
646 44 398 
508 359 549 
497 321 504 
318 864 490 
361 486 895 
512 426 923 
367 331 780 
180 49 663 
484 501 628 
24 989 652 
773 70 472 
480 506 35 
875 385 267 
282 388 194 
629 874 96 
43 476 351 
749 883 309 
946 344 307 
789 782 43 
166 873 476 
159 92 84 
201 482 110 
38 234 852 
484 799 386 
620 833 256 
530 466 464 
361 415 233 
512 341 978 
987 411 151 
848 616 444 
183 890 389 
527 340 999 
957 738 384 
844 991 881 
395 438 731 
392 420 647 
26 113 811 
476 569 349 
404 279 857 
103 289 416 
519 764 104 
630 595 887 
771 980 647 
289 722 806 
590 845 537 
570 942 666 
407 36 499 
505 533 842 
218 126 454 
86 183 540 
825 730 523 
945 808 525 
485 601 949 
572 124 710 
168 340 790 
244 599 811 
176 515 531 
542 747 485 
210 669 855 
328 462 131 
823 342 130 
538 232 599 
652 395 15 
176 660 506 
950 829 319 
656 363 642 
528 659 206 
103 836 720 
748 194 0 
721 300 982 
786 705 766 
632 864 235 
347 963 344 
395 829 770 
958 236 3 
466 667 425 
657 90 160 
551 242 259 
351 247 835 
169 522 362 
510 308 667 
501 615 856 
527 163 439 
831 512 890 
210 929 725 
253 119 906 
416 441 92 
314 812 740 
67 74 672 
63 237 657 
877 308 161 
654 592 642 
264 600 484 
229 841 337 
695 83 964 
506 775 898 
725 752 521 
588 103 980 
494 172 659 
976 163 131 
868 820 803 
947 71 361 
347 549 444 
197 297 925 
467 885 514 
123 398 801 
647 829 321 
256 835 247 
936 605 764 
861 846 265 
963 807 605 
736 162 363 
38 376 177 
641 798 91 
780 191 572 
461 133 261 
643 577 809 
819 776 199 
66 862 50 
616 897 121 
384 194 781 
952 227 422 
612 816 970 
911 829 227 
444 277 408 
151 966 575 
323 246 488 
256 41 616 
822 904 897 
548 856 683 
233 598 478 
918 844 706 
364 765 615 
926 94 794 
28 230 624 
753 449 161 
341 215 753 
177 730 328 
684 72 885 
31 869 750 
831 496 608 
46 548 809 
62 416 995 
176 222 130 
398 342 858 
991 800 441 
867 321 949 
263 762 371 
795 654 364 
159 787 504 
529 695 900 
300 66 127 
84 416 324 
63 11 922 
893 374 31 
798 682 777 
774 890 419 
300 619 517 
603 95 240 
925 423 378 
108 104 827 
955 657 339 
731 84 292 
246 853 58 
690 536 921 
439 44 942 
385 553 719 
631 43 732 
59 748 632 
538 997 363 
856 219 954 
658 292 695 
995 512 480 
432 392 199 
979 77 754 
14 596 553 
634 859 979 
459 719 958 
689 6 679 
496 260 664 
478 522 971 
615 236 730 
411 135 86 
320 772 705 
835 416 83 
214 929 40 
508 873 723 
928 107 714 
378 233 784 
14 598 246 
917 468 502 
207 324 35 
315 77 962 
534 6 184 
115 794 889 
531 856 974 
801 761 932 
425 214 217 
990 250 540 
397 491 600 
969 105 540 
770 491 566 
368 841 949 
894 238 857 
662 161 321 
534 543 998 
887 492 399 
406 832 694 
53 267 784 
400 720 118 
209 89 206 
573 368 55 
592 403 377 
558 14 721 
786 420 644 
826 114 115 
368 997 348 
930 911 819 
884 77 732 
808 268 256 
708 191 307 
619 416 814 
195 199 144 
137 445 383 
457 602 659 
177 275 646 
586 612 761 
986 819 508 
285 596 236 
200 199 878 
655 917 874 
14 358 451 
76 129 650 
189 64 349 
455 190 154 
494 189 279 
518 224 470 
701 141 683 
919 615 509 
69 404 781 
307 921 485 
228 840 637 
255 78 926 
113 392 198 
989 899 11 
329 230 280 
748 664 850 
941 496 90 
768 379 556 
238 771 145 
441 510 972 
635 473 752 
128 321 809 
302 152 666 
634 477 97 
871 701 130 
224 92 851 
592 756 209 
222 295 927 
447 208 246 
762 925 758 
833 165 706 
208 829 248 
373 120 536 
504 617 52 
367 457 444 
186 687 948 
534 895 556 
598 775 643 
672 429 313 
237 227 992 
525 463 344 
210 681 149 
817 226 951 
792 657 466 
153 73 183 
473 888 284 
402 671 43 
939 248 173 
644 627 793 
135 791 527 
416 815 453 
240 841 79 
493 126 573 
867 977 325 
131 584 502 
94 754 77 
125 113 513 
581 486 548 
671 933 693 
731 782 976 
877 284 761 
957 472 613 
879 289 960 
373 672 463 
784 283 948 
865 604 831 
539 913 887 
219 975 504 
676 366 957 
890 492 885 
51 573 141 
142 259 100 
795 938 741 
388 288 534 
556 986 168 
895 574 438 
384 543 159 
321 628 8 
783 94 359 
228 623 488 
53 527 884 
184 357 266 
666 81 170 
244 809 691 
361 910 829 
159 220 412 
367 525 125 
915 745 368 
422 571 551 
155 813 547 
937 563 558 
780 421 960 
600 291 705 
392 113 630 
854 666 917 
793 328 996 
874 85 658 
858 575 63 
758 756 579 
401 458 10 
225 271 966 
214 113 543 
362 574 346 
958 837 933 
52 627 568 
382 770 163 
728 636 164 
608 290 504 
323 942 865 
695 349 564 
980 791 144 
723 147 471 
91 583 143 
408 752 590 
577 188 246 
825 370 914 
531 287 50 
354 967 577 
781 747 195 
125 343 366 
584 114 176 
639 477 540 
531 512 256 
517 536 226 
757 969 970 
537 452 932 
266 802 693 
50 642 396 
103 546 742 
720 173 400 
300 70 498 
549 812 5 
684 246 851 
335 59 870 
946 519 189 
641 19 48 
122 30 403 
651 442 407 
539 396 503 
336 520 738 
493 722 955 
825 69 571 
387 814 97 
348 150 270 
82 559 255 
987 341 330 
625 700 940 
108 201 832 
480 867 529 
743 860 464 
993 93 149 
472 96 20 
502 887 537 
5 561 539 
569 170 103 
250 668 219 
192 138 367 
443 541 371 
184 334 754 
690 297 177 
578 581 388 
550 539 470 
