327 581 955 
591 548 607 
954 565 468 
682 519 605 
13 948 134 
723 77 503 
169 904 285 
592 372 923 
911 794 187 
415 868 187 
724 701 678 
327 466 318 
52 793 374 
367 804 43 
594 682 490 
757 264 421 
935 882 204 
521 525 643 
131 800 983 
222 747 356 
957 735 681 
208 228 705 
258 734 636 
608 945 821 
732 78 671 
987 24 113 
937 823 458 
342 819 540 
111 260 683 
491 656 655 
856 416 400 
655 576 726 
726 740 657 
834 40 584 
119 177 503 
538 796 415 
346 690 670 
413 19 966 
923 262 789 
408 167 326 
895 433 286 
448 626 431 
741 250 262 
454 490 911 
315 381 972 
529 299 304 
732 648 485 
630 867 500 
580 334 278 
595 182 923 
661 447 808 
961 817 399 
551 874 771 
216 953 498 
785 160 834 
971 915 247 
275 94 524 
819 868 159 
644 414 482 
715 802 334 
172 137 31 
825 719 130 
790 994 970 
478 519 692 
355 477 658 
634 576 502 
41 633 986 
999 479 787 
404 474 908 
625 409 33 
498 772 547 
966 986 704 
736 617 847 
893 599 622 
661 211 425 
898 162 473 
930 130 850 
370 982 520 
385 93 48 
979 241 512 
686 10 83 
73 65 470 
826 760 600 
873 435 547 
403 718 272 
599 85 325 
676 481 123 
587 258 967 
994 388 78 
717 293 487 
604 703 571 
333 895 440 
167 708 274 
861 81 230 
723 129 922 
801 854 510 
765 51 373 
277 632 716 
524 578 722 
232 722 623 
438 71 212 
906 14 331 
908 886 963 
126 960 308 
368 997 517 
987 479 172 
305 891 763 
263 55 202 
349 635 389 
944 386 791 
442 350 304 
186 996 118 
865 746 782 
494 969 694 
846 79 778 
665 716 637 
855 20 702 
802 237 142 
128 739 188 
378 257 766 
757 805 425 
390 799 723 
159 621 554 
310 383 694 
868 121 553 
452 25 223 
812 930 669 
907 320 639 
141 691 108 
397 516 358 
292 7 425 
215 28 133 
94 502 170 
421 403 345 
341 320 169 
764 812 30 
715 818 706 
758 990 134 
109 590 17 
667 333 404 
839 772 674 
471 721 33 
294 605 657 
190 889 945 
634 250 539 
576 579 769 
685 329 794 
878 792 935 
5 609 927 
796 675 73 
281 859 729 
998 302 602 
641 581 771 
419 781 57 
784 53 897 
98 998 11 
799 165 910 
649 820 584 
317 959 863 
704 955 908 
617 457 299 
55 423 657 
309 724 725 
297 911 290 
134 913 338 
261 678 207 
161 573 216 
476 444 146 
483 443 458 
498 927 215 
333 129 110 
536 423 660 
237 233 539 
450 633 841 
654 223 287 
723 789 510 
916 45 400 
626 611 690 
411 561 61 
628 37 334 
610 657 25 
825 53 801 
506 253 958 
850 612 710 
681 751 893 
678 380 108 
811 962 158 
982 335 213 
931 459 478 
945 68 950 
433 437 803 
964 562 959 
804 976 295 
727 815 119 
419 238 961 
82 527 770 
819 30 128 
183 754 161 
722 523 373 
778 243 6 
542 709 586 
331 999 923 
901 584 614 
938 882 966 
715 622 261 
741 942 627 
993 384 581 
454 74 512 
275 727 454 
895 421 773 
388 860 117 
534 916 238 
305 609 270 
974 255 539 
119 757 711 
586 487 583 
482 712 493 
667 384 296 
531 705 869 
598 126 791 
949 662 318 
327 439 981 
916 736 502 
267 129 871 
202 5 331 
393 30 886 
458 328 442 
237 1 625 
456 455 368 
126 900 354 
127 188 996 
907 397 243 
367 828 13 
733 346 886 
658 197 245 
486 49 910 
93 727 101 
677 650 501 
849 388 752 
217 845 611 
867 134 883 
765 772 406 
124 893 921 
545 700 323 
800 108 228 
238 115 410 
62 663 447 
234 474 800 
518 292 847 
160 845 9 
382 421 616 
782 872 684 
922 228 160 
455 856 688 
451 627 685 
954 588 869 
432 508 764 
249 521 537 
38 239 851 
231 57 619 
490 714 951 
270 414 935 
362 574 745 
225 285 55 
146 876 152 
260 84 172 
382 559 80 
248 65 536 
758 777 597 
197 875 249 
322 742 388 
642 491 508 
137 116 747 
470 477 402 
23 456 682 
297 791 584 
689 694 86 
998 135 171 
648 967 923 
782 763 638 
707 566 806 
456 103 803 
807 610 453 
721 625 537 
243 592 330 
430 828 492 
642 236 385 
428 927 799 
393 800 678 
275 27 772 
268 542 928 
803 594 883 
878 850 447 
820 630 307 
863 867 655 
418 1 181 
660 424 263 
988 120 561 
926 711 986 
644 565 296 
835 95 147 
554 996 884 
105 692 781 
267 766 870 
584 117 297 
240 788 491 
313 498 646 
313 505 795 
945 683 863 
417 542 530 
939 417 991 
930 605 140 
541 891 463 
423 169 162 
146 85 903 
972 596 723 
47 487 510 
607 958 812 
860 206 361 
172 366 985 
601 678 268 
907 962 379 
566 794 781 
255 569 127 
238 891 925 
915 111 339 
931 992 275 
641 524 706 
336 109 365 
880 531 578 
927 659 815 
405 274 690 
368 868 906 
558 954 825 
49 529 7 
354 196 270 
557 119 522 
621 181 535 
119 894 528 
502 999 415 
28 279 501 
763 52 210 
531 649 182 
539 204 670 
798 807 397 
792 872 475 
315 809 595 
963 46 844 
824 579 282 
839 930 670 
774 756 575 
360 165 374 
340 314 378 
381 88 354 
401 398 639 
468 985 33 
406 282 861 
792 342 547 
505 354 769 
922 562 33 
210 342 374 
798 729 122 
467 918 12 
408 260 417 
289 894 861 
288 471 293 
23 920 21 
538 487 895 
426 844 377 
514 132 113 
355 648 20 
788 708 263 
206 871 187 
193 686 264 
371 898 366 
412 932 209 
996 85 405 
313 712 737 
101 227 195 
345 458 601 
868 178 617 
761 748 947 
267 900 497 
988 88 250 
807 855 685 
476 226 734 
137 502 713 
809 670 103 
708 401 827 
254 502 710 
742 819 141 
818 695 47 
118 608 87 
672 782 564 
671 165 316 
33 862 259 
810 209 882 
978 201 860 
727 799 452 
288 933 342 
13 408 603 
635 116 773 
882 733 662 
222 757 184 
778 741 436 
158 631 424 
184 394 889 
720 769 680 
226 946 531 
492 717 64 
958 254 621 
555 53 246 
573 726 678 
969 801 426 
152 768 937 
490 683 762 
661 778 273 
822 972 985 
267 327 615 
752 574 979 
458 14 460 
394 563 633 
358 120 611 
147 239 614 
497 311 908 
324 230 150 
768 579 475 
931 876 946 
246 159 635 
136 372 689 
92 968 872 
278 529 534 
745 49 116 
148 826 591 
17 985 651 
161 990 119 
933 191 710 
391 107 222 
437 659 980 
301 607 768 
156 546 266 
438 66 580 
1 574 789 
388 474 991 
911 253 103 
76 108 533 
160 286 291 
239 498 73 
219 535 505 
525 17 225 
273 412 349 
982 194 978 
229 436 202 
734 809 816 
772 436 982 
747 414 685 
62 390 496 
92 292 636 
800 525 589 
83 43 300 
618 661 486 
678 890 345 
571 680 357 
385 542 835 
139 585 447 
785 906 995 
58 415 790 
105 746 686 
211 200 964 
639 927 165 
751 867 210 
463 2 540 
887 208 830 
772 180 817 
266 952 861 
673 110 8 
416 370 63 
174 57 641 
488 544 621 
520 130 331 
699 81 346 
790 726 825 
544 537 872 
574 129 345 
713 519 442 
217 453 495 
77 285 939 
821 584 966 
801 714 440 
461 277 864 
333 686 927 
852 511 931 
386 488 966 
209 601 584 
375 819 526 
766 338 290 
645 724 240 
910 792 238 
122 819 380 
545 317 418 
8 612 666 
387 813 257 
554 860 753 
256 270 617 
966 113 620 
208 56 83 
469 383 115 
718 108 380 
90 114 513 
953 492 10 
563 691 833 
792 781 909 
227 629 863 
510 960 605 
85 731 155 
109 564 522 
50 299 257 
492 322 73 
580 294 502 
28 337 437 
87 663 623 
907 789 119 
449 538 372 
147 363 452 
794 611 407 
397 460 825 
12 869 872 
272 464 238 
413 992 612 
590 535 426 
694 785 471 
646 612 39 
335 215 876 
197 11 576 
233 283 939 
446 975 793 
445 785 199 
399 63 863 
966 375 874 
447 561 705 
18 151 747 
107 50 163 
774 467 412 
27 544 571 
830 167 461 
767 208 713 
682 189 58 
703 666 930 
515 220 361 
637 460 34 
397 99 355 
639 453 966 
859 953 266 
218 432 950 
986 574 344 
60 235 547 
517 354 668 
12 695 441 
999 82 919 
67 123 875 
247 86 975 
559 621 221 
424 774 781 
468 35 561 
270 229 790 
60 61 20 
888 268 781 
571 985 267 
377 739 292 
853 168 256 
386 717 839 
719 976 290 
956 958 200 
624 566 857 
13 196 898 
221 895 335 
729 202 255 
502 925 146 
61 692 706 
376 133 573 
617 318 615 
416 687 192 
862 607 925 
471 360 406 
169 707 588 
558 553 640 
523 213 183 
259 68 548 
976 361 619 
957 703 132 
940 318 23 
579 377 838 
701 797 148 
771 524 482 
766 190 490 
374 333 76 
599 451 516 
521 693 882 
524 339 739 
725 160 256 
772 820 487 
109 789 26 
883 373 948 
931 438 890 
676 588 676 
659 12 239 
475 833 799 
610 263 791 
846 219 994 
863 514 490 
952 763 726 
987 185 910 
256 686 680 
440 776 5 
384 791 857 
89 367 865 
205 601 978 
243 246 449 
143 116 230 
195 226 227 
23 76 655 
241 815 933 
134 605 300 
708 725 915 
917 823 47 
728 208 765 
738 508 992 
337 847 308 
623 804 202 
178 121 701 
80 820 97 
647 793 582 
60 751 179 
237 787 817 
942 458 695 
150 942 862 
589 292 179 
64 337 546 
796 64 774 
782 346 455 
147 173 641 
757 218 239 
337 143 826 
508 427 283 
588 783 686 
753 586 165 
378 848 363 
250 196 145 
732 777 671 
612 145 93 
716 830 16 
320 288 796 
518 631 732 
830 859 33 
722 611 785 
315 419 356 
938 393 829 
872 15 362 
530 708 429 
481 540 156 
337 843 988 
195 628 66 
129 459 882 
829 198 993 
117 137 229 
696 446 89 
391 752 451 
941 421 147 
420 978 217 
436 240 694 
517 156 789 
310 85 114 
844 238 633 
686 618 340 
122 355 162 
569 134 175 
248 197 951 
368 170 678 
629 884 79 
188 892 197 
545 949 400 
319 558 584 
645 951 226 
640 155 474 
225 303 974 
976 240 332 
243 187 299 
850 807 151 
769 423 330 
992 947 598 
992 635 740 
113 136 522 
939 318 422 
287 259 517 
539 851 803 
419 4 332 
977 214 504 
465 634 686 
202 700 413 
964 351 259 
917 746 897 
170 557 758 
402 216 590 
220 453 36 
187 584 741 
789 726 485 
825 827 467 
36 15 973 
42 436 702 
704 18 850 
496 328 801 
573 915 318 
344 161 665 
598 915 887 
917 508 806 
325 638 803 
187 671 369 
241 865 329 
382 771 614 
551 701 248 
620 892 777 
92 834 315 
914 364 217 
238 761 192 
247 736 52 
570 161 633 
617 194 728 
414 943 387 
182 402 840 
542 147 733 
731 721 448 
966 175 875 
796 440 201 
926 764 535 
790 914 453 
286 356 642 
374 935 482 
861 633 990 
41 460 784 
354 914 755 
284 872 254 
333 912 949 
493 808 668 
480 534 194 
734 331 101 
479 946 116 
906 208 922 
852 550 930 
945 755 761 
360 538 181 
183 613 86 
493 425 442 
601 117 207 
872 294 31 
187 627 401 
539 720 828 
98 342 722 
801 322 987 
168 426 69 
184 580 595 
855 368 651 
753 284 256 
223 587 376 
793 649 719 
189 577 212 
29 554 213 
286 132 608 
319 776 911 
88 824 668 
532 224 355 
141 449 613 
30 170 195 
907 125 797 
444 335 717 
648 160 341 
553 535 277 
581 261 472 
396 617 149 
999 560 762 
368 334 698 
655 39 338 
902 735 436 
745 166 646 
24 407 513 
428 53 575 
144 339 461 
46 709 879 
805 516 768 
416 634 804 
551 666 870 
267 649 174 
887 5 295 
361 429 74 
183 482 621 
752 295 633 
710 426 635 
731 695 302 
403 474 308 
181 499 625 
707 195 88 
510 247 206 
884 624 825 
779 559 199 
45 516 874 
978 600 789 
848 140 484 
662 796 400 
189 939 641 
212 787 631 
322 954 941 
576 967 352 
766 955 8 
161 935 344 
729 885 105 
744 242 203 
765 283 786 
39 273 150 
616 671 825 
969 805 503 
48 751 417 
308 410 318 
184 190 536 
711 97 974 
966 711 491 
991 572 948 
621 489 519 
547 296 776 
828 798 482 
523 848 35 
386 344 63 
87 907 85 
183 323 880 
554 320 988 
58 59 106 
374 241 97 
779 555 172 
111 236 284 
654 1 854 
530 368 313 
566 87 605 
140 763 638 
133 273 792 
985 881 954 
42 160 920 
435 839 895 
181 287 657 
433 438 105 
406 433 120 
944 605 543 
852 12 175 
527 744 549 
712 29 155 
620 49 156 
937 808 323 
943 167 418 
241 431 700 
989 410 554 
21 764 810 
341 155 776 
237 720 346 
601 639 80 
960 441 170 
138 144 264 
309 810 307 
226 758 435 
947 333 316 
985 667 367 
27 555 261 
212 396 197 
945 604 993 
217 623 275 
154 965 698 
867 279 736 
897 308 378 
101 43 35 
63 114 735 
40 404 539 
709 113 527 
463 220 900 
712 717 88 
298 461 911 
895 975 148 
363 113 902 
464 235 234 
970 210 843 
166 543 891 
488 815 734 
924 615 118 
199 811 491 
236 649 642 
448 579 749 
893 13 326 
745 160 431 
385 936 195 
983 574 390 
315 854 582 
425 638 831 
217 28 674 
482 442 565 
594 177 633 
366 806 500 
662 265 766 
495 319 396 
540 435 518 
44 843 361 
754 21 431 
186 721 711 
626 109 519 
837 328 976 
477 287 833 
839 336 976 
912 659 989 
938 996 201 
831 188 90 
723 620 109 
597 260 554 
771 836 285 
329 468 990 
565 413 478 
444 309 875 
754 402 593 
405 10 772 
586 340 771 
690 840 753 
518 887 997 
952 977 780 
181 577 627 
700 905 804 
884 275 499 
377 234 312 
964 745 840 
396 329 724 
593 214 732 
896 450 908 
479 322 566 
568 59 229 
699 220 950 
252 977 484 
675 685 179 
751 420 613 
6 553 466 
106 150 136 
693 888 496 
65 591 475 
682 719 274 
6 599 911 
282 990 463 
434 469 607 
634 496 767 
976 893 269 
619 53 133 
731 939 449 
384 813 232 
726 180 330 
949 979 591 
150 294 361 
461 9 790 
449 672 98 
22 37 626 
316 153 226 
782 458 532 
815 724 2 
131 44 235 
476 494 722 
904 30 307 
443 629 29 
333 14 790 
730 467 881 
708 38 667 
147 508 795 
732 301 146 
193 227 468 
494 674 45 
511 409 603 
300 719 993 
807 709 943 
776 1 14 
673 115 6 
572 203 374 
220 442 172 
797 219 990 
407 469 919 
269 939 480 
207 279 972 
128 429 253 
178 539 922 
495 283 964 
205 330 856 
866 176 942 
793 194 488 
46 238 456 
799 817 443 
787 135 357 
638 78 237 
851 832 154 
551 837 934 
481 419 892 
900 957 134 
135 749 735 
158 797 505 
