708 916 330 
244 753 997 
563 549 684 
559 962 90 
664 681 519 
904 227 727 
35 513 19 
141 512 375 
825 303 827 
442 463 111 
922 435 269 
340 24 100 
311 403 408 
583 387 781 
478 208 559 
293 336 599 
879 676 915 
598 492 499 
826 227 368 
612 385 682 
333 605 425 
123 517 155 
716 603 573 
879 391 585 
355 63 344 
640 934 380 
349 972 980 
154 371 899 
126 50 736 
137 160 744 
664 511 453 
761 780 690 
496 910 818 
428 701 557 
813 769 285 
802 452 127 
736 906 528 
18 277 743 
263 556 741 
21 623 318 
94 327 132 
134 123 895 
809 589 769 
841 141 555 
548 498 133 
920 255 394 
880 434 235 
643 416 463 
103 397 507 
606 246 544 
1 54 446 
981 968 634 
404 418 644 
895 124 728 
202 124 470 
217 859 325 
973 379 382 
268 90 292 
702 132 669 
202 35 363 
683 456 604 
180 163 366 
410 422 658 
630 287 949 
806 486 53 
235 232 799 
572 138 554 
25 987 888 
840 41 224 
424 452 968 
66 905 377 
745 915 341 
641 342 452 
696 738 495 
736 995 803 
281 282 612 
620 199 427 
932 275 232 
803 637 931 
908 17 805 
135 140 590 
451 845 653 
931 861 501 
489 570 259 
8 834 186 
404 774 500 
5 396 391 
838 332 342 
491 412 442 
148 150 52 
429 704 163 
418 617 477 
801 971 726 
743 923 738 
730 412 657 
259 42 269 
811 306 209 
389 222 455 
955 294 535 
448 675 26 
605 794 241 
716 91 278 
183 619 699 
324 602 344 
94 479 182 
853 87 581 
770 522 247 
0 499 605 
99 942 517 
213 891 282 
468 76 820 
748 192 270 
196 452 126 
490 837 422 
979 876 386 
658 203 300 
583 500 856 
463 518 419 
135 447 260 
455 597 234 
938 460 407 
876 662 238 
38 370 642 
768 768 212 
932 188 219 
174 901 417 
253 820 958 
116 544 775 
795 325 233 
304 731 80 
431 383 568 
779 344 160 
97 458 383 
259 144 597 
162 351 685 
307 264 299 
424 422 32 
176 398 834 
492 118 379 
251 909 18 
550 954 927 
705 74 299 
789 459 416 
127 504 478 
194 553 704 
502 155 198 
837 455 114 
974 479 303 
357 682 114 
914 25 441 
766 474 344 
899 282 723 
20 521 208 
977 887 918 
708 583 541 
254 6 261 
9 402 703 
685 956 461 
728 314 413 
911 765 533 
922 611 553 
469 52 486 
331 946 681 
103 790 87 
50 917 575 
737 877 586 
679 520 821 
914 960 354 
773 159 533 
118 644 645 
786 499 841 
445 346 230 
440 216 431 
546 653 858 
355 567 613 
872 438 153 
909 135 137 
252 658 3 
630 473 814 
48 363 160 
668 825 875 
98 459 794 
900 577 559 
12 128 782 
85 653 723 
7 996 330 
35 35 977 
10 950 323 
763 199 981 
335 790 140 
725 754 443 
662 190 636 
148 208 293 
250 764 175 
380 363 653 
814 50 833 
643 935 117 
554 182 839 
170 507 366 
605 143 752 
967 287 337 
618 787 504 
959 597 62 
922 375 949 
349 596 190 
845 824 488 
803 83 815 
436 861 219 
648 258 379 
55 814 126 
826 80 981 
220 289 227 
10 284 408 
435 984 531 
407 951 709 
375 683 263 
683 582 707 
336 794 428 
657 498 226 
471 115 171 
303 736 609 
146 669 889 
410 889 507 
653 847 376 
988 720 617 
658 480 461 
246 750 97 
486 790 981 
745 179 588 
666 761 706 
207 571 580 
847 337 539 
435 376 511 
17 865 536 
423 224 166 
374 880 396 
577 393 163 
198 983 818 
583 164 520 
766 274 672 
200 335 187 
307 299 462 
796 278 162 
526 942 685 
298 312 500 
289 883 39 
386 952 430 
607 910 498 
24 743 188 
259 819 232 
239 520 380 
945 675 848 
415 561 792 
496 550 168 
729 43 521 
697 67 781 
783 536 417 
530 762 844 
348 127 137 
722 79 716 
247 710 816 
317 840 430 
891 420 868 
389 505 965 
756 728 805 
190 18 920 
943 568 685 
509 658 766 
569 284 872 
713 629 229 
245 733 830 
451 224 548 
961 968 502 
317 606 677 
649 929 992 
43 398 74 
344 113 652 
175 66 362 
432 432 535 
26 166 539 
809 509 601 
529 733 340 
60 305 299 
325 9 646 
17 293 518 
671 541 277 
744 747 817 
350 111 894 
297 123 409 
797 456 834 
802 386 456 
646 385 748 
673 556 382 
151 833 855 
336 99 873 
602 707 500 
144 74 614 
989 112 798 
738 665 62 
595 943 968 
400 448 905 
418 871 963 
695 995 284 
71 324 835 
655 67 214 
392 330 359 
60 819 812 
357 813 700 
913 258 260 
731 127 480 
831 244 707 
993 662 182 
786 506 384 
656 492 650 
1 40 274 
189 169 978 
88 617 966 
153 998 196 
249 549 344 
72 294 177 
333 556 645 
455 709 361 
733 883 20 
86 728 473 
587 512 538 
340 525 993 
123 59 607 
923 628 74 
137 890 918 
499 561 531 
806 814 719 
541 996 60 
10 451 731 
652 833 466 
571 25 439 
837 802 776 
877 979 257 
585 835 10 
210 969 82 
10 55 538 
792 936 286 
320 742 173 
922 312 247 
107 131 391 
134 116 900 
612 986 302 
733 355 102 
463 487 263 
233 889 973 
475 668 609 
370 822 465 
114 501 481 
929 993 193 
517 462 837 
201 70 327 
982 528 238 
50 215 367 
567 43 728 
304 721 419 
604 151 988 
820 196 921 
707 136 286 
964 341 386 
334 398 785 
908 822 233 
493 311 61 
107 99 17 
90 229 305 
345 380 129 
507 526 704 
590 247 789 
413 305 805 
577 39 633 
921 733 830 
764 983 461 
354 272 521 
939 765 529 
471 477 13 
361 684 627 
997 967 658 
894 536 486 
945 284 193 
853 801 1 
409 623 369 
207 798 585 
771 461 916 
497 510 102 
546 14 807 
393 604 954 
493 678 217 
147 752 344 
784 753 110 
733 316 715 
937 218 665 
898 984 467 
241 679 257 
225 584 920 
160 389 264 
709 526 392 
658 433 144 
445 298 804 
875 846 901 
157 865 379 
738 653 915 
585 82 527 
788 694 317 
91 77 515 
643 514 874 
19 811 499 
16 8 747 
212 713 173 
709 836 966 
605 483 61 
207 570 31 
96 162 106 
945 17 958 
276 725 489 
931 505 296 
873 233 349 
591 916 977 
748 196 550 
483 209 718 
961 652 298 
300 590 620 
527 126 832 
50 97 185 
628 61 784 
20 556 712 
637 59 148 
976 302 736 
908 733 160 
904 419 115 
662 297 309 
940 311 631 
947 947 654 
45 896 655 
419 134 780 
843 711 96 
610 790 572 
433 204 100 
371 585 118 
832 95 772 
136 724 855 
162 996 631 
665 773 128 
105 274 815 
406 350 562 
621 422 877 
268 819 333 
379 851 125 
527 521 895 
16 263 799 
375 99 400 
939 97 349 
596 242 357 
276 513 754 
320 319 636 
698 827 233 
789 14 411 
67 682 754 
172 796 775 
386 615 567 
427 453 171 
937 583 924 
247 630 687 
762 141 56 
851 865 91 
506 935 70 
779 871 253 
147 930 154 
189 480 45 
833 3 12 
391 715 398 
269 807 531 
945 562 894 
833 498 858 
911 163 344 
435 911 949 
642 976 140 
170 731 968 
938 197 561 
455 568 393 
12 579 954 
113 684 141 
855 300 803 
666 386 985 
385 158 526 
452 23 852 
562 42 899 
755 548 566 
178 736 74 
336 627 540 
771 431 728 
635 180 211 
48 401 535 
265 344 752 
710 604 400 
442 165 236 
41 407 661 
686 292 988 
165 768 942 
808 811 239 
448 244 729 
111 522 359 
930 446 599 
835 467 957 
324 135 934 
580 290 922 
378 209 492 
817 367 253 
506 269 565 
35 499 172 
540 766 953 
42 293 22 
30 451 224 
918 341 264 
79 533 4 
540 959 958 
349 658 591 
295 443 533 
834 315 513 
403 470 460 
454 871 926 
208 165 706 
605 191 689 
965 281 631 
870 517 903 
667 314 27 
605 326 339 
7 82 512 
722 600 234 
324 949 851 
470 998 866 
606 112 395 
822 616 564 
78 462 167 
81 820 181 
853 991 950 
861 599 123 
801 457 555 
702 675 638 
582 484 163 
257 408 535 
317 843 629 
772 666 706 
136 29 664 
825 350 718 
195 144 844 
163 759 150 
557 158 145 
298 684 415 
793 497 755 
99 118 386 
30 511 582 
870 351 542 
176 131 807 
982 457 407 
909 745 318 
913 462 783 
996 827 697 
849 610 339 
21 888 728 
714 538 428 
599 180 889 
521 52 989 
193 315 906 
93 527 170 
355 530 481 
680 147 309 
215 256 889 
319 142 665 
26 129 170 
543 492 946 
192 587 180 
619 741 473 
492 375 959 
599 997 38 
334 957 732 
304 350 903 
820 63 379 
696 57 430 
841 913 844 
694 688 415 
680 295 232 
771 959 882 
247 2 817 
805 452 397 
363 344 223 
11 904 725 
207 298 959 
989 391 548 
656 460 230 
630 900 958 
921 716 488 
68 744 48 
773 598 474 
458 960 589 
101 561 305 
440 30 192 
394 379 73 
651 582 1 
94 152 723 
678 560 555 
725 727 859 
618 633 765 
129 455 330 
524 705 268 
380 873 638 
144 675 154 
135 632 478 
240 791 201 
926 248 683 
609 597 447 
156 429 165 
267 489 29 
502 822 930 
108 706 37 
266 52 33 
568 546 390 
517 410 38 
719 409 39 
223 822 419 
445 452 649 
658 172 278 
375 62 39 
999 537 139 
276 429 618 
897 424 56 
174 748 947 
342 430 971 
443 464 457 
30 213 307 
718 681 318 
341 269 679 
895 913 310 
85 335 881 
402 237 890 
751 230 955 
335 568 925 
296 816 29 
101 816 194 
168 250 834 
133 287 574 
612 597 48 
442 488 958 
66 734 678 
991 427 180 
903 205 435 
259 604 968 
444 615 873 
410 204 222 
354 867 441 
6 888 259 
289 273 151 
479 26 994 
711 124 660 
250 501 602 
353 115 958 
639 926 846 
608 13 170 
471 388 853 
463 406 91 
482 561 553 
908 819 274 
604 608 528 
848 499 722 
654 492 470 
294 109 576 
683 709 278 
836 770 970 
322 820 209 
101 6 218 
568 713 131 
283 783 19 
337 601 235 
417 908 565 
583 13 495 
78 535 341 
940 243 608 
921 653 400 
636 16 757 
832 177 254 
808 816 969 
558 577 636 
220 840 354 
728 857 288 
134 517 828 
123 179 198 
537 486 171 
325 158 597 
209 783 839 
228 168 73 
939 989 775 
422 660 383 
321 54 796 
616 809 620 
603 551 83 
356 788 704 
838 815 743 
565 245 524 
842 253 173 
925 888 155 
496 747 251 
430 344 551 
462 168 839 
871 811 726 
731 673 500 
955 999 758 
141 969 109 
974 838 93 
600 380 862 
782 645 405 
42 722 297 
251 718 348 
253 497 698 
782 807 442 
158 830 771 
330 680 129 
814 648 362 
201 618 494 
497 852 126 
583 327 27 
205 684 954 
363 215 395 
62 115 484 
389 53 466 
36 922 911 
861 45 396 
629 19 524 
516 414 781 
124 460 36 
596 612 667 
977 840 330 
766 980 163 
405 105 448 
824 289 930 
539 947 44 
94 299 127 
581 922 884 
358 468 960 
847 976 948 
748 917 258 
21 834 257 
962 439 942 
787 870 792 
16 880 398 
70 866 639 
60 553 887 
39 78 607 
89 604 157 
667 495 728 
710 944 402 
277 163 383 
706 609 213 
232 849 747 
503 332 252 
762 818 361 
26 621 241 
943 330 989 
544 376 69 
646 766 469 
349 340 580 
811 753 259 
545 124 726 
415 267 473 
659 161 956 
405 105 315 
391 293 565 
802 5 620 
588 178 697 
787 290 633 
532 198 886 
537 253 657 
869 409 737 
537 426 445 
859 767 639 
729 424 919 
539 669 489 
575 712 794 
470 858 895 
611 876 773 
755 286 98 
57 951 570 
174 255 676 
243 599 506 
242 776 278 
965 498 390 
422 837 7 
61 629 497 
615 168 918 
759 777 922 
573 944 397 
988 774 907 
602 859 354 
664 936 878 
263 730 651 
461 586 567 
632 469 268 
772 327 56 
958 209 261 
825 115 421 
141 877 865 
962 963 205 
530 312 661 
424 837 552 
150 701 236 
30 559 894 
659 626 324 
833 508 352 
233 568 793 
75 279 944 
15 72 431 
470 227 502 
994 653 372 
444 995 605 
644 643 481 
245 356 907 
852 113 235 
825 795 118 
819 301 384 
514 729 129 
977 290 815 
406 716 819 
391 425 38 
873 390 35 
672 502 514 
806 190 842 
210 954 245 
729 625 952 
793 914 486 
886 936 963 
522 89 742 
98 751 513 
830 246 474 
358 138 829 
781 944 856 
943 780 972 
41 791 649 
114 406 33 
534 123 497 
542 711 953 
637 669 713 
158 500 317 
235 806 515 
973 551 313 
547 444 253 
888 863 580 
445 289 381 
776 774 606 
331 503 376 
639 856 977 
219 96 940 
894 313 517 
820 670 151 
113 790 483 
971 422 261 
642 394 447 
905 161 41 
162 679 850 
878 641 873 
525 347 127 
345 997 557 
479 655 824 
239 776 149 
594 22 702 
195 659 833 
226 819 380 
136 921 515 
578 397 873 
787 201 875 
808 634 361 
329 839 994 
718 467 612 
204 577 862 
821 865 180 
454 368 454 
899 726 208 
522 534 66 
649 80 795 
660 749 772 
304 866 247 
76 142 761 
124 996 537 
64 593 110 
228 139 856 
516 993 441 
212 651 878 
93 884 686 
483 6 125 
580 200 515 
191 959 100 
887 497 114 
48 836 105 
190 865 680 
379 273 460 
433 131 59 
708 85 886 
54 816 818 
898 594 144 
615 383 83 
77 837 965 
352 144 734 
772 856 466 
568 890 410 
747 926 814 
489 375 692 
940 338 754 
212 658 60 
172 74 23 
379 696 616 
75 921 78 
431 650 210 
305 979 618 
906 90 241 
115 525 787 
767 734 858 
208 80 694 
741 239 716 
411 880 712 
328 406 893 
816 518 767 
203 536 836 
802 10 378 
649 8 28 
347 362 409 
834 916 352 
543 441 914 
427 805 447 
526 319 871 
774 943 561 
132 211 659 
134 77 947 
941 584 361 
556 24 974 
745 915 305 
15 151 199 
50 19 100 
928 779 846 
414 981 452 
706 240 618 
813 639 619 
482 422 946 
347 743 914 
640 748 475 
662 621 371 
961 616 5 
969 293 530 
901 82 197 
774 351 860 
283 780 673 
235 592 894 
961 41 998 
284 743 627 
138 579 455 
982 868 817 
297 88 316 
452 751 588 
187 152 810 
61 3 239 
393 947 620 
650 752 715 
684 822 545 
633 74 874 
577 769 960 
949 169 140 
690 956 15 
949 711 201 
441 650 691 
631 774 352 
206 426 521 
880 317 27 
746 526 779 
169 395 320 
99 596 156 
27 557 138 
819 760 235 
708 956 62 
678 619 64 
953 386 548 
989 881 714 
363 434 5 
378 731 149 
526 95 627 
315 472 573 
236 804 803 
669 464 408 
312 104 165 
586 999 661 
854 103 893 
123 890 883 
866 676 62 
449 993 982 
61 412 72 
566 568 694 
95 187 313 
444 270 685 
609 101 367 
584 394 902 
171 289 702 
115 192 499 
