196 93 182 
386 568 920 
613 104 628 
194 648 561 
635 442 649 
827 146 822 
546 804 236 
448 580 836 
647 675 685 
218 987 248 
712 913 203 
113 103 790 
492 698 915 
137 578 103 
996 46 386 
701 532 71 
746 721 741 
935 821 55 
475 246 234 
17 724 820 
492 476 300 
980 141 96 
509 975 67 
972 308 897 
564 955 191 
20 702 735 
834 239 247 
192 881 826 
499 257 567 
657 220 480 
636 602 348 
200 422 605 
950 653 743 
168 722 211 
748 628 615 
122 485 759 
882 98 216 
30 541 32 
104 943 323 
530 579 713 
72 581 658 
480 742 488 
857 745 506 
84 478 94 
508 210 238 
886 749 257 
579 708 299 
451 146 323 
496 532 136 
819 369 942 
869 362 602 
475 993 402 
479 784 642 
586 261 585 
352 292 38 
983 688 747 
363 684 4 
31 749 479 
115 559 972 
920 541 313 
440 33 863 
384 854 110 
445 955 114 
403 541 206 
315 553 952 
776 412 541 
516 584 318 
589 700 260 
531 240 529 
655 53 753 
793 238 789 
94 574 344 
144 19 618 
152 436 839 
566 336 336 
752 538 436 
889 728 639 
232 680 939 
56 438 617 
595 142 264 
983 306 978 
182 83 283 
822 845 668 
926 437 692 
424 934 793 
716 136 153 
539 212 257 
299 148 318 
711 111 714 
898 844 579 
823 196 854 
215 132 356 
855 610 346 
619 374 289 
457 517 19 
981 169 855 
871 472 886 
477 113 628 
737 928 21 
743 680 699 
80 38 568 
449 519 765 
969 37 844 
753 408 806 
346 426 514 
428 424 337 
195 723 65 
969 663 179 
133 909 560 
593 48 998 
542 239 232 
967 892 850 
84 71 671 
565 63 402 
794 178 452 
565 684 544 
292 900 131 
862 850 818 
2 906 32 
979 862 566 
275 689 750 
167 824 410 
665 196 690 
618 233 768 
164 362 853 
795 912 421 
932 499 778 
579 21 306 
327 212 180 
189 743 282 
559 657 361 
235 262 2 
470 10 777 
473 37 281 
283 521 822 
429 340 958 
74 710 309 
202 903 210 
300 501 602 
573 776 601 
573 926 822 
472 208 121 
233 466 147 
284 257 758 
858 113 466 
620 185 495 
997 997 758 
181 195 288 
839 997 334 
458 80 616 
330 737 935 
355 920 93 
147 430 836 
44 438 733 
404 312 419 
317 49 439 
874 180 418 
254 809 285 
443 107 21 
631 957 662 
6 978 599 
122 888 517 
634 982 13 
286 18 803 
264 967 240 
938 269 169 
524 540 453 
56 232 60 
973 779 320 
68 853 582 
765 35 790 
710 473 928 
125 72 237 
862 180 78 
383 188 184 
847 159 248 
141 298 599 
247 397 343 
755 275 879 
442 486 402 
52 781 876 
615 485 568 
446 799 361 
24 640 170 
283 881 535 
83 295 225 
310 542 373 
795 943 950 
294 421 6 
816 692 430 
233 511 806 
815 444 676 
616 637 682 
250 761 632 
326 308 726 
908 318 732 
124 937 473 
240 978 689 
447 466 189 
53 799 973 
918 268 814 
792 942 57 
883 400 337 
632 632 302 
640 878 858 
889 489 970 
225 98 105 
219 307 227 
633 359 3 
210 638 21 
296 912 898 
655 216 760 
561 536 187 
582 254 950 
75 670 219 
652 841 542 
991 615 163 
209 226 555 
865 505 604 
849 152 888 
244 279 886 
123 981 860 
139 708 954 
262 144 994 
433 986 946 
263 582 407 
975 222 614 
816 929 815 
812 116 64 
600 313 828 
537 577 924 
360 932 652 
249 38 68 
768 173 488 
64 145 152 
313 758 645 
35 700 327 
517 161 440 
150 614 34 
172 713 139 
123 851 234 
521 169 412 
784 686 123 
489 782 815 
720 770 85 
925 598 310 
53 563 401 
597 518 455 
924 924 822 
338 754 437 
627 774 765 
515 943 243 
688 183 252 
806 160 26 
133 894 804 
72 660 660 
822 413 330 
630 330 167 
897 176 563 
375 317 689 
789 157 521 
117 461 615 
701 852 580 
773 981 6 
890 92 797 
593 328 214 
265 857 374 
931 49 530 
91 350 330 
293 770 285 
95 429 817 
606 638 293 
94 843 639 
656 58 610 
895 676 343 
348 643 67 
318 64 520 
136 288 843 
127 619 623 
333 101 816 
397 507 833 
26 810 253 
47 40 251 
844 841 914 
645 322 757 
754 66 781 
74 481 898 
833 764 733 
522 97 679 
756 42 834 
664 367 776 
653 550 582 
635 62 672 
972 618 861 
192 143 866 
537 573 734 
70 804 454 
799 257 247 
226 68 223 
834 133 177 
673 472 197 
61 208 109 
211 891 553 
677 220 956 
934 987 391 
426 709 986 
761 547 337 
988 988 232 
254 36 590 
537 315 290 
830 360 752 
106 673 974 
879 17 266 
725 983 638 
793 892 602 
297 946 464 
153 483 158 
405 942 801 
327 985 326 
550 620 185 
106 259 636 
459 770 918 
80 287 250 
213 673 378 
761 125 33 
744 460 51 
629 333 250 
254 384 65 
576 207 619 
174 269 223 
183 319 911 
907 757 94 
212 334 797 
298 333 596 
612 828 261 
198 17 708 
7 486 685 
389 917 633 
570 689 917 
916 188 634 
486 796 869 
695 704 6 
557 119 449 
871 486 476 
732 114 325 
119 405 692 
924 301 39 
389 429 67 
742 678 921 
195 272 729 
639 146 5 
817 56 365 
832 815 870 
24 382 358 
69 434 228 
892 442 417 
309 837 152 
637 40 549 
81 292 800 
98 633 9 
669 308 127 
898 663 538 
693 501 3 
42 390 37 
719 533 695 
879 7 69 
398 971 650 
355 911 746 
142 281 342 
723 135 289 
886 681 687 
32 704 533 
0 971 63 
699 749 148 
424 99 518 
569 272 143 
314 153 933 
660 63 52 
974 423 325 
310 775 557 
544 431 548 
15 28 162 
590 976 675 
520 964 980 
450 616 953 
230 82 22 
851 686 42 
141 60 486 
921 770 89 
896 241 951 
600 982 783 
520 470 981 
119 861 406 
78 469 772 
870 546 486 
739 132 482 
117 759 125 
937 809 908 
902 414 251 
706 948 201 
686 832 405 
481 615 175 
865 712 164 
870 499 916 
409 925 866 
371 765 552 
853 634 643 
154 659 50 
677 259 671 
240 810 576 
938 831 584 
678 435 219 
805 554 793 
901 879 336 
602 742 764 
366 860 298 
43 395 976 
771 9 474 
270 303 232 
653 924 775 
818 784 632 
756 83 868 
573 664 780 
92 786 574 
964 647 621 
400 865 834 
263 27 364 
513 817 193 
475 74 413 
51 88 535 
415 960 494 
318 706 654 
51 174 15 
308 241 128 
656 873 727 
608 482 285 
869 94 257 
747 365 445 
405 319 540 
384 274 785 
735 804 718 
358 499 478 
116 744 684 
217 933 794 
607 588 366 
961 628 894 
860 714 923 
239 276 924 
48 588 175 
874 672 206 
819 944 347 
960 549 734 
580 331 833 
182 219 40 
180 86 539 
834 33 67 
679 741 728 
58 864 743 
269 228 186 
305 324 525 
837 57 498 
921 230 968 
798 620 421 
59 303 124 
866 112 687 
46 817 119 
229 697 876 
690 513 714 
912 267 936 
901 487 968 
767 174 308 
117 659 137 
526 791 39 
428 51 728 
752 822 630 
204 146 100 
476 615 470 
592 319 193 
755 358 653 
799 736 733 
35 438 996 
974 107 566 
516 197 78 
722 323 609 
802 552 873 
617 459 289 
146 156 656 
798 7 21 
773 924 914 
218 734 487 
234 183 443 
415 599 12 
366 944 679 
320 729 364 
399 600 477 
869 5 848 
686 554 882 
540 522 896 
805 627 320 
330 98 745 
309 278 450 
880 497 45 
268 722 144 
783 921 406 
445 297 334 
220 369 76 
98 958 985 
899 214 942 
78 561 524 
990 53 908 
632 896 726 
898 252 794 
186 406 232 
357 406 375 
486 667 613 
174 500 98 
889 522 114 
985 90 553 
875 158 351 
789 280 610 
744 864 80 
866 567 814 
572 139 795 
14 414 384 
332 404 162 
243 173 238 
21 366 994 
697 866 476 
963 111 907 
842 289 711 
61 195 126 
146 348 84 
905 709 733 
69 726 432 
19 409 788 
657 200 146 
760 998 821 
859 520 397 
758 36 969 
698 740 684 
969 805 790 
134 985 12 
10 954 642 
244 476 38 
529 264 9 
9 789 124 
814 781 252 
321 137 110 
829 532 729 
875 377 197 
770 672 403 
153 416 749 
574 421 701 
263 646 912 
333 81 166 
371 494 583 
161 351 590 
86 860 499 
148 323 448 
897 633 823 
93 364 463 
963 586 185 
519 262 186 
454 89 528 
16 235 52 
514 731 932 
357 749 500 
192 412 75 
572 625 499 
310 171 840 
104 987 867 
604 273 993 
163 815 591 
476 631 925 
811 633 165 
770 76 974 
754 495 907 
872 395 865 
190 767 312 
638 697 354 
162 764 459 
986 462 976 
771 150 497 
248 371 707 
763 206 437 
13 664 393 
315 639 73 
649 955 443 
874 703 734 
38 220 983 
810 275 770 
651 141 378 
961 517 594 
629 121 408 
728 367 912 
284 949 770 
262 684 427 
323 363 141 
81 819 364 
678 506 165 
932 343 282 
535 87 767 
900 167 106 
438 664 315 
662 27 722 
861 652 811 
759 913 666 
711 937 445 
507 384 569 
876 805 330 
155 814 700 
226 397 536 
468 917 754 
283 331 807 
707 268 133 
677 677 951 
657 911 774 
433 385 149 
920 649 119 
533 768 185 
698 55 528 
607 680 741 
216 914 614 
66 100 268 
154 477 559 
219 713 850 
85 147 949 
389 606 308 
614 508 278 
827 650 361 
993 831 711 
792 220 362 
412 459 510 
27 88 88 
606 324 778 
419 470 805 
119 573 757 
332 586 401 
987 934 198 
39 709 135 
303 167 40 
506 631 851 
594 805 948 
417 412 125 
158 68 835 
113 103 550 
990 101 411 
260 274 990 
334 358 569 
852 101 345 
794 249 132 
667 297 765 
767 59 655 
772 396 778 
172 380 838 
370 73 974 
492 553 650 
64 680 441 
680 621 132 
168 989 530 
62 791 17 
78 452 922 
409 989 746 
587 375 929 
1 59 988 
302 369 733 
522 887 351 
656 583 866 
530 906 955 
933 943 244 
258 452 245 
198 597 713 
923 647 651 
854 413 400 
877 721 637 
422 416 236 
382 75 3 
865 459 704 
535 375 30 
665 958 99 
709 901 365 
965 183 928 
563 782 245 
919 452 83 
531 487 727 
457 493 890 
18 29 246 
495 135 374 
412 773 224 
346 736 451 
687 377 561 
879 72 434 
656 490 983 
393 798 445 
214 433 769 
10 183 155 
925 320 256 
59 472 876 
852 604 766 
137 30 56 
443 973 352 
341 15 791 
761 687 275 
952 493 478 
674 749 751 
364 306 782 
746 837 90 
254 549 435 
933 384 804 
405 509 194 
619 180 995 
233 886 634 
963 505 59 
991 244 742 
873 81 892 
812 666 111 
963 231 372 
682 398 416 
341 921 84 
213 916 319 
365 508 845 
579 358 667 
340 36 288 
103 443 511 
529 744 974 
47 994 269 
292 223 655 
817 88 814 
806 705 525 
312 423 592 
904 389 370 
442 935 33 
37 289 48 
840 340 375 
756 587 899 
185 106 946 
240 180 279 
552 75 352 
467 422 871 
981 272 549 
282 669 52 
356 208 344 
69 473 294 
998 100 344 
378 877 754 
662 688 639 
951 760 240 
894 337 821 
531 175 257 
148 99 929 
986 684 354 
664 715 934 
947 75 420 
56 773 958 
941 73 174 
340 569 221 
772 532 409 
500 551 943 
734 595 290 
716 814 470 
200 176 904 
176 531 965 
322 881 591 
846 887 658 
493 676 799 
240 532 784 
846 723 258 
998 918 882 
641 570 296 
61 804 721 
750 583 88 
903 108 750 
896 768 749 
439 328 829 
986 691 395 
670 301 800 
72 86 204 
957 295 415 
280 239 282 
699 253 977 
310 932 324 
387 145 185 
252 169 325 
861 896 166 
354 653 266 
286 707 310 
804 941 230 
897 911 39 
455 460 501 
533 206 591 
312 720 196 
199 462 686 
469 290 692 
334 535 640 
287 601 42 
554 57 431 
215 721 144 
571 818 374 
403 421 828 
330 310 26 
481 769 246 
273 393 863 
750 724 498 
599 678 353 
90 212 925 
965 866 414 
501 788 254 
804 453 239 
153 312 437 
250 533 931 
698 168 672 
453 121 838 
58 689 416 
234 155 235 
912 6 321 
567 119 588 
143 167 162 
623 642 249 
695 939 93 
219 312 147 
148 548 596 
965 493 208 
263 36 938 
423 402 986 
179 378 501 
464 281 403 
857 723 933 
25 786 540 
343 557 25 
933 947 260 
616 867 509 
768 399 564 
13 797 468 
671 718 790 
590 42 176 
121 338 291 
477 454 614 
607 937 127 
659 401 490 
820 817 224 
343 950 42 
495 29 645 
352 610 813 
145 578 26 
233 513 249 
149 245 412 
122 997 698 
634 900 27 
261 373 632 
552 303 505 
97 752 909 
150 777 171 
72 246 987 
825 815 23 
319 666 848 
550 167 359 
37 246 209 
624 283 332 
637 555 238 
912 918 197 
137 234 117 
9 626 862 
505 938 561 
478 739 303 
784 323 262 
410 982 816 
164 980 342 
651 755 137 
173 120 46 
635 705 811 
800 838 76 
386 635 959 
984 93 910 
834 532 211 
790 190 253 
170 219 943 
632 475 891 
336 91 103 
628 195 347 
658 139 927 
384 555 458 
621 357 996 
909 439 412 
157 157 796 
143 591 542 
916 168 263 
179 229 633 
314 546 384 
600 143 729 
779 114 614 
175 564 385 
963 304 286 
928 246 824 
747 267 586 
985 175 43 
16 160 516 
47 7 737 
631 198 682 
443 135 529 
183 317 557 
774 591 848 
420 502 415 
303 727 896 
234 432 833 
791 9 950 
941 326 424 
688 610 364 
981 297 362 
563 328 338 
360 722 402 
397 284 906 
315 200 781 
525 428 577 
265 466 293 
449 20 477 
805 1 258 
188 116 745 
315 213 734 
120 226 723 
278 317 625 
175 484 276 
413 906 117 
388 778 104 
829 357 427 
945 644 694 
160 858 442 
661 764 400 
432 344 913 
916 325 912 
579 634 33 
478 358 180 
497 606 28 
275 680 583 
575 37 471 
132 607 818 
529 77 553 
344 405 14 
789 23 416 
393 706 839 
542 440 512 
37 797 378 
25 597 375 
767 44 265 
906 551 272 
887 301 524 
642 72 697 
520 123 797 
521 664 58 
644 528 856 
489 393 166 
25 325 264 
374 493 111 
894 15 379 
627 631 509 
774 370 537 
379 712 688 
184 768 28 
419 195 755 
128 270 140 
43 601 930 
125 848 17 
688 150 104 
915 309 131 
695 103 570 
281 150 721 
319 737 142 
852 476 229 
945 508 868 
632 694 33 
806 443 671 
775 745 177 
560 90 139 
747 999 71 
286 952 618 
622 15 548 
409 140 269 
810 553 781 
291 188 450 
30 858 519 
502 47 374 
884 927 295 
474 816 83 
627 114 733 
494 255 838 
169 493 157 
254 540 362 
842 783 416 
377 701 192 
969 110 668 
833 947 160 
839 833 659 
542 621 537 
174 525 221 
779 557 939 
837 969 762 
475 974 91 
580 933 281 
49 534 873 
34 568 847 
784 659 933 
