925 161 772 
989 957 166 
414 928 995 
698 732 347 
555 685 179 
679 242 498 
263 889 317 
422 600 604 
57 124 723 
966 652 63 
327 768 745 
781 510 701 
745 413 228 
814 972 421 
932 383 896 
146 93 170 
0 692 163 
158 725 589 
618 827 666 
343 158 549 
401 263 902 
499 483 82 
206 739 373 
482 660 995 
750 260 58 
414 868 82 
754 666 927 
720 320 450 
429 485 840 
77 149 248 
121 210 623 
620 210 461 
976 594 304 
347 563 442 
481 478 171 
741 195 341 
53 169 238 
476 634 818 
40 851 627 
826 159 61 
21 261 65 
895 379 939 
431 499 347 
90 560 409 
201 528 594 
169 7 18 
187 751 414 
436 93 755 
566 334 472 
371 169 454 
762 88 798 
672 538 450 
938 879 922 
761 489 286 
274 529 689 
232 776 89 
47 280 989 
136 27 462 
492 876 479 
863 196 984 
621 112 317 
74 358 246 
567 414 102 
68 989 386 
13 986 681 
592 569 255 
745 273 239 
68 247 612 
408 556 438 
11 600 347 
888 565 242 
609 132 734 
302 523 997 
832 869 199 
526 323 724 
930 178 664 
268 608 944 
310 218 24 
843 207 897 
417 983 571 
645 876 191 
39 667 143 
372 633 293 
131 64 946 
177 540 785 
80 857 322 
1 71 221 
344 105 812 
764 976 254 
430 50 465 
908 89 499 
111 607 192 
54 14 544 
470 381 562 
868 33 696 
893 841 252 
193 470 369 
584 850 322 
65 926 122 
930 708 107 
511 729 648 
193 398 832 
586 934 326 
481 100 986 
474 828 789 
122 405 976 
370 988 767 
402 808 375 
774 11 715 
785 544 961 
440 916 468 
565 151 318 
257 492 996 
683 182 380 
309 697 881 
356 38 960 
155 369 816 
228 272 649 
688 16 588 
382 731 585 
217 449 631 
420 773 63 
573 221 617 
973 91 741 
620 987 182 
599 797 768 
972 519 88 
107 999 119 
759 545 654 
424 10 23 
30 9 954 
381 917 559 
703 813 551 
634 489 295 
249 495 451 
363 675 239 
987 707 131 
635 614 202 
876 434 569 
852 214 33 
451 811 54 
342 318 643 
990 945 788 
347 720 608 
950 808 227 
717 687 520 
112 742 479 
736 687 593 
667 283 498 
937 322 151 
619 257 499 
741 385 404 
754 853 126 
495 65 772 
52 652 451 
99 309 124 
980 957 602 
863 268 108 
619 251 106 
217 422 511 
77 910 395 
243 238 266 
939 342 913 
824 40 443 
674 556 200 
17 285 452 
947 598 165 
134 196 111 
742 428 597 
359 151 672 
146 297 318 
901 784 267 
768 957 782 
897 40 401 
785 827 4 
848 190 725 
431 966 137 
921 32 200 
690 770 58 
594 159 351 
917 141 580 
771 587 120 
271 653 916 
154 80 649 
34 210 269 
50 889 243 
60 978 246 
39 874 103 
320 598 169 
948 828 107 
565 449 922 
307 71 592 
101 643 371 
342 800 406 
932 425 36 
208 760 676 
878 625 798 
132 125 393 
163 286 649 
156 132 104 
927 75 877 
944 505 639 
56 805 442 
522 722 208 
223 484 415 
174 41 430 
421 197 864 
383 150 592 
137 177 344 
297 255 535 
71 307 448 
46 586 969 
54 100 498 
693 942 601 
102 625 37 
841 572 476 
278 594 834 
730 113 529 
450 370 558 
555 84 13 
966 154 630 
856 234 247 
239 214 261 
311 833 638 
948 739 980 
68 823 456 
127 150 23 
551 433 93 
150 193 78 
870 855 11 
173 28 210 
946 158 228 
562 300 209 
77 178 67 
185 682 265 
662 696 429 
991 957 220 
153 471 185 
455 708 92 
677 404 167 
40 725 789 
300 264 178 
362 555 179 
223 99 864 
897 548 663 
509 592 84 
293 264 618 
189 383 992 
402 867 927 
225 533 41 
786 554 710 
381 577 167 
10 343 78 
72 122 30 
355 669 382 
463 334 668 
254 947 809 
985 124 51 
77 897 902 
467 335 90 
783 728 923 
242 157 695 
381 275 221 
284 718 344 
426 259 155 
247 389 951 
298 499 870 
629 910 565 
201 140 521 
22 164 99 
625 19 757 
142 155 37 
520 359 4 
59 421 333 
719 807 616 
100 864 731 
962 240 255 
886 669 919 
121 70 589 
11 256 131 
122 432 722 
814 810 552 
519 92 955 
72 467 131 
86 223 260 
496 679 99 
414 587 537 
359 338 136 
799 77 973 
250 341 892 
253 373 340 
902 662 752 
348 1 346 
662 252 48 
991 696 429 
581 209 336 
636 813 185 
300 326 304 
510 798 871 
891 632 524 
635 908 500 
344 189 313 
712 62 901 
902 680 741 
700 417 825 
580 460 979 
819 19 539 
342 876 875 
734 502 47 
195 505 717 
684 504 492 
566 321 488 
298 349 526 
803 987 874 
165 406 585 
888 168 341 
584 974 293 
92 303 154 
693 891 683 
141 586 12 
810 143 278 
274 868 111 
352 728 518 
638 162 898 
545 617 174 
940 999 826 
158 54 934 
514 627 936 
140 557 830 
384 698 497 
82 837 214 
764 962 311 
520 674 534 
789 518 560 
905 34 99 
88 406 764 
146 873 129 
531 288 58 
802 651 655 
938 555 334 
471 311 323 
457 880 122 
811 105 786 
699 886 266 
949 959 766 
532 148 762 
545 394 324 
890 475 336 
403 586 652 
480 300 471 
298 977 71 
331 721 173 
68 787 431 
374 88 407 
357 460 296 
6 95 861 
634 332 276 
258 828 489 
424 465 964 
966 799 500 
198 879 693 
374 524 791 
417 285 135 
277 480 321 
212 106 453 
663 426 619 
798 714 928 
305 58 839 
556 346 190 
291 477 563 
847 491 866 
317 569 95 
619 826 422 
637 589 282 
19 542 444 
966 652 486 
344 672 968 
821 306 445 
559 733 504 
0 607 592 
684 445 990 
776 115 614 
242 282 265 
45 668 408 
265 375 140 
337 650 649 
589 607 942 
658 417 588 
244 541 903 
34 845 969 
920 374 19 
126 306 784 
742 735 524 
650 64 350 
688 666 968 
568 62 198 
692 967 861 
715 135 126 
612 106 138 
236 575 808 
230 568 589 
472 648 549 
686 151 102 
898 858 35 
102 489 605 
929 933 625 
462 114 956 
115 535 353 
631 166 471 
507 608 135 
378 427 576 
696 354 130 
438 251 103 
672 120 404 
522 129 405 
913 927 663 
405 542 673 
159 808 57 
863 371 155 
615 772 716 
522 153 164 
641 127 814 
618 480 96 
190 983 504 
591 801 598 
49 155 794 
314 616 683 
59 760 683 
811 942 777 
389 655 245 
96 815 252 
70 562 324 
998 343 683 
879 236 978 
156 266 920 
773 962 613 
922 41 963 
34 876 988 
722 945 272 
445 626 885 
134 259 310 
410 298 163 
175 145 58 
957 111 257 
909 74 258 
988 222 483 
748 883 712 
473 781 695 
699 292 425 
293 157 498 
229 29 61 
247 876 135 
552 627 23 
259 470 901 
539 36 590 
34 299 415 
254 401 110 
166 679 54 
364 435 349 
617 443 499 
21 578 358 
642 231 268 
884 332 930 
955 918 47 
38 899 506 
179 637 598 
869 706 835 
114 590 98 
597 357 5 
252 238 565 
338 872 964 
689 353 303 
784 565 83 
868 828 46 
321 752 160 
27 953 978 
429 75 675 
183 690 977 
13 619 349 
65 723 940 
265 206 770 
934 253 313 
867 633 622 
656 821 252 
467 401 483 
812 685 945 
221 333 394 
733 778 771 
7 812 642 
133 634 655 
162 151 618 
438 369 939 
78 937 927 
732 506 391 
902 118 945 
30 480 565 
172 328 120 
296 720 727 
868 665 189 
133 856 29 
538 538 270 
395 38 346 
233 778 154 
362 242 675 
627 695 321 
600 243 524 
365 583 206 
14 270 816 
946 389 479 
455 440 561 
250 749 304 
606 788 561 
665 6 967 
247 517 194 
174 283 658 
685 195 364 
229 996 428 
512 122 510 
229 615 486 
700 295 238 
893 284 757 
803 144 648 
519 232 70 
870 471 894 
227 284 441 
240 118 403 
512 888 260 
437 11 633 
674 531 511 
235 487 471 
742 309 512 
754 765 970 
382 828 819 
506 338 366 
837 276 848 
285 758 133 
513 646 964 
751 898 936 
942 601 626 
594 1 839 
217 714 338 
606 540 271 
246 926 149 
724 460 836 
904 74 132 
203 544 816 
42 551 7 
754 122 573 
764 483 167 
778 431 112 
439 127 200 
74 662 606 
134 95 955 
347 955 918 
711 458 348 
414 49 937 
895 738 799 
689 365 26 
176 399 207 
657 556 673 
868 895 404 
143 56 387 
974 520 425 
22 289 206 
803 486 735 
935 876 909 
736 73 849 
982 355 833 
54 516 120 
647 805 759 
649 706 598 
924 438 932 
205 359 335 
281 882 320 
492 545 1 
447 841 8 
801 21 197 
543 410 8 
690 880 743 
963 807 459 
996 656 632 
768 505 355 
655 640 36 
676 492 949 
340 72 536 
322 1 957 
599 792 154 
144 636 975 
38 949 462 
341 660 826 
800 438 582 
377 215 104 
304 312 572 
49 359 278 
33 791 684 
108 112 612 
983 29 799 
45 800 828 
384 797 489 
137 173 298 
824 519 737 
604 313 941 
553 533 55 
750 409 898 
443 952 419 
380 661 54 
170 363 527 
826 916 72 
42 323 758 
293 792 614 
338 676 608 
548 900 153 
287 48 762 
924 420 923 
249 527 204 
566 348 936 
772 147 872 
795 733 841 
139 952 914 
834 794 588 
477 442 450 
71 111 398 
430 905 894 
783 559 361 
688 802 402 
428 286 909 
234 462 164 
631 31 289 
613 589 7 
911 12 453 
744 453 61 
633 63 694 
329 377 971 
320 873 989 
483 40 153 
158 190 941 
766 704 249 
891 194 167 
314 47 988 
466 620 906 
845 608 563 
988 908 61 
23 478 324 
145 894 851 
499 254 66 
84 435 253 
298 87 318 
460 827 723 
290 573 999 
883 412 733 
166 604 128 
735 457 661 
695 885 942 
346 473 970 
556 565 10 
975 472 570 
369 177 25 
372 971 675 
46 209 887 
118 72 200 
850 585 482 
490 778 166 
876 684 480 
818 686 591 
607 904 186 
402 329 268 
434 933 96 
807 561 386 
841 236 861 
850 669 917 
530 210 378 
3 578 800 
847 184 352 
453 748 626 
717 361 695 
687 97 702 
499 16 11 
474 355 115 
572 940 509 
809 221 674 
769 976 209 
53 984 110 
685 986 282 
707 251 509 
928 121 486 
124 536 683 
304 69 774 
175 351 5 
983 33 887 
366 561 894 
225 180 31 
354 568 685 
161 758 68 
715 320 481 
111 319 174 
74 221 667 
644 79 986 
451 589 989 
811 593 968 
325 422 125 
539 711 325 
421 290 974 
125 78 719 
880 189 47 
420 856 634 
935 820 529 
535 891 615 
881 762 261 
12 39 834 
43 704 771 
436 27 45 
441 517 745 
551 378 314 
949 567 823 
243 500 130 
714 886 417 
12 843 471 
487 390 811 
885 710 319 
89 656 175 
870 359 334 
14 613 824 
926 675 993 
408 300 629 
6 976 74 
524 776 332 
335 129 500 
67 561 188 
700 547 711 
185 42 62 
137 489 324 
268 849 136 
269 479 618 
48 173 141 
846 170 278 
262 607 636 
255 810 403 
267 958 301 
786 294 478 
731 315 436 
609 282 586 
740 854 88 
6 151 323 
50 280 44 
942 341 558 
112 701 405 
700 959 205 
16 4 332 
816 558 133 
376 912 264 
279 611 640 
674 822 380 
81 413 300 
430 201 885 
409 530 137 
28 830 147 
933 698 936 
418 382 50 
391 406 380 
130 414 431 
885 910 205 
344 131 337 
9 727 961 
569 582 18 
693 669 267 
431 761 702 
635 431 700 
424 948 585 
574 388 152 
679 944 523 
385 375 697 
641 578 0 
222 435 192 
231 913 934 
695 301 410 
646 809 518 
587 791 609 
977 76 380 
270 231 751 
378 155 602 
655 903 771 
595 241 245 
241 16 573 
53 302 240 
566 521 948 
293 539 499 
719 749 178 
403 731 988 
43 105 201 
1 680 823 
891 811 420 
690 478 832 
217 373 568 
747 732 362 
999 104 107 
918 489 116 
582 768 674 
278 107 598 
87 387 660 
563 705 563 
891 681 525 
926 61 127 
241 818 916 
559 897 421 
279 463 207 
465 380 481 
833 512 558 
329 644 61 
297 315 791 
237 282 535 
762 992 932 
562 285 168 
957 306 741 
853 527 854 
481 834 682 
591 835 959 
351 190 466 
732 311 764 
659 319 913 
232 944 283 
571 752 265 
341 336 688 
967 443 944 
344 296 236 
117 845 68 
558 801 238 
262 640 661 
753 110 212 
693 562 379 
824 23 511 
286 218 298 
451 721 30 
987 773 966 
365 650 884 
301 467 139 
113 917 245 
400 585 828 
966 452 190 
738 45 379 
857 591 684 
918 78 692 
550 962 611 
575 830 136 
366 944 569 
135 995 416 
248 852 135 
106 740 604 
716 906 653 
88 32 473 
761 159 524 
171 502 42 
63 967 292 
545 725 429 
914 651 287 
255 131 562 
688 166 4 
733 849 93 
694 7 625 
802 962 973 
285 529 270 
724 344 555 
130 984 495 
475 23 546 
84 145 197 
913 644 608 
879 233 295 
386 758 745 
212 747 766 
790 126 842 
433 797 887 
628 214 934 
816 731 278 
132 218 476 
491 457 764 
654 157 998 
9 654 746 
55 949 920 
384 541 356 
112 314 838 
783 94 302 
711 180 871 
727 305 808 
744 244 281 
516 190 220 
746 370 521 
180 973 986 
991 182 208 
29 388 751 
581 13 615 
438 41 151 
328 124 381 
150 382 492 
897 621 477 
793 668 913 
620 782 400 
473 181 742 
795 67 149 
801 656 476 
979 255 884 
563 334 868 
836 698 406 
432 219 346 
453 834 778 
123 23 688 
600 213 163 
486 633 573 
854 472 299 
639 757 374 
907 549 776 
819 942 513 
567 737 108 
325 652 598 
854 36 63 
595 960 468 
256 198 458 
179 159 486 
312 883 728 
686 90 988 
171 873 862 
804 463 520 
24 549 822 
906 267 971 
524 265 466 
552 193 229 
895 782 942 
543 293 809 
100 796 145 
559 168 572 
299 36 34 
870 371 38 
749 210 230 
9 537 42 
927 712 948 
454 370 602 
31 306 220 
717 228 902 
966 185 558 
475 832 587 
489 325 819 
436 72 105 
71 278 333 
948 939 51 
595 501 522 
113 807 288 
114 526 509 
480 113 28 
191 496 8 
521 936 479 
137 773 55 
398 701 809 
287 286 278 
393 539 419 
827 717 895 
15 994 842 
449 468 415 
632 678 698 
19 791 306 
153 728 3 
239 468 409 
841 462 698 
566 861 564 
650 676 914 
379 578 347 
452 538 828 
10 766 487 
702 773 11 
824 36 758 
115 377 189 
506 252 607 
846 538 522 
467 550 289 
421 915 104 
437 309 210 
934 943 285 
111 289 597 
849 236 954 
407 789 117 
787 222 899 
800 15 160 
640 572 594 
905 524 521 
254 995 53 
775 780 414 
823 187 691 
842 578 836 
184 785 527 
524 763 690 
848 306 161 
704 500 356 
579 273 147 
81 35 170 
20 940 758 
680 713 709 
818 945 931 
130 837 953 
272 107 647 
369 293 251 
86 897 809 
890 380 454 
385 208 367 
