719 742 228 
973 854 251 
693 695 796 
888 481 629 
108 946 187 
408 501 472 
791 414 223 
729 224 251 
443 464 744 
411 25 231 
970 335 611 
77 91 970 
207 398 767 
255 98 541 
328 505 535 
976 298 878 
750 472 834 
169 210 828 
468 395 403 
745 51 213 
322 56 963 
764 419 548 
682 217 652 
486 877 756 
268 191 72 
796 487 497 
765 294 582 
458 886 912 
403 318 37 
865 682 177 
640 791 835 
894 18 348 
35 366 812 
749 946 280 
515 824 600 
737 995 786 
985 905 258 
315 368 274 
927 511 79 
893 920 977 
156 923 235 
45 519 212 
564 739 975 
376 910 563 
925 336 189 
89 441 912 
71 279 960 
579 931 169 
31 627 89 
481 985 675 
841 551 996 
539 984 853 
42 744 477 
349 508 893 
138 351 848 
842 126 874 
139 335 471 
214 305 557 
485 780 217 
857 249 779 
230 638 516 
744 616 486 
300 849 522 
316 473 838 
556 865 806 
204 528 2 
187 39 849 
114 712 68 
936 321 923 
248 89 473 
946 233 642 
824 197 175 
163 151 650 
837 184 702 
820 754 316 
529 253 535 
656 843 552 
493 585 630 
492 324 568 
653 971 818 
570 614 457 
398 296 374 
735 752 265 
138 662 255 
195 448 209 
926 520 257 
380 260 821 
515 913 142 
886 198 817 
971 861 411 
151 85 34 
804 416 943 
220 188 471 
903 566 68 
69 89 573 
671 669 541 
5 195 302 
14 650 709 
273 280 252 
343 626 125 
52 504 340 
44 372 632 
541 623 451 
870 753 872 
102 121 18 
615 570 999 
156 314 629 
805 295 226 
700 572 478 
110 159 948 
244 678 881 
384 446 677 
348 197 27 
380 321 0 
873 55 989 
668 521 55 
327 364 426 
67 853 779 
331 403 487 
693 234 539 
171 538 282 
961 247 711 
97 131 558 
896 735 968 
449 518 986 
753 487 537 
383 875 447 
242 235 796 
146 152 679 
799 654 981 
514 822 468 
971 584 547 
699 729 400 
683 614 900 
124 119 968 
268 153 568 
672 12 446 
719 911 501 
282 151 622 
968 262 696 
301 558 153 
624 470 566 
106 767 520 
233 472 351 
472 822 974 
238 97 933 
954 674 652 
818 676 688 
387 345 76 
121 519 616 
732 794 969 
613 181 134 
341 684 485 
202 595 941 
741 589 503 
817 785 161 
601 79 929 
850 871 839 
317 834 342 
809 429 767 
911 235 245 
34 429 854 
640 245 717 
164 764 56 
759 744 259 
679 545 761 
570 380 355 
60 946 388 
69 230 531 
881 964 763 
336 748 603 
277 6 332 
262 677 495 
584 482 335 
531 92 633 
677 142 451 
210 347 12 
402 980 210 
448 829 34 
451 364 528 
306 49 195 
780 912 547 
810 476 632 
181 621 754 
121 459 31 
403 404 226 
721 164 652 
530 499 688 
343 835 56 
743 842 802 
291 92 756 
193 936 603 
337 505 6 
397 158 956 
104 241 244 
291 682 257 
389 761 825 
246 308 26 
819 129 241 
252 30 336 
706 528 333 
601 85 893 
964 693 705 
530 156 420 
101 653 986 
521 512 4 
578 553 968 
967 362 262 
902 976 601 
586 966 465 
974 403 900 
369 164 2 
714 730 547 
599 262 562 
826 548 344 
443 496 724 
137 353 683 
120 279 216 
791 134 606 
896 192 431 
385 638 827 
275 61 496 
734 68 550 
12 712 443 
594 645 11 
658 396 212 
134 31 612 
551 303 378 
889 816 550 
380 824 445 
748 852 390 
975 194 887 
801 673 230 
746 213 239 
65 871 139 
256 284 138 
428 458 8 
335 131 921 
28 378 336 
211 305 579 
832 835 706 
404 210 464 
975 888 989 
913 665 633 
965 543 936 
566 60 831 
455 688 981 
978 201 207 
835 963 581 
861 880 757 
573 279 43 
462 165 972 
848 308 38 
523 163 171 
530 189 719 
856 866 932 
649 372 435 
663 818 512 
391 491 801 
370 791 559 
134 506 350 
844 771 531 
657 87 870 
113 123 333 
857 963 349 
298 698 701 
362 981 973 
910 9 763 
392 800 84 
623 143 817 
421 235 366 
693 31 494 
277 974 418 
898 589 345 
689 16 345 
726 838 995 
8 68 806 
917 470 198 
822 154 106 
142 756 95 
283 693 523 
198 155 516 
830 234 661 
698 805 905 
331 18 277 
538 360 263 
370 60 309 
959 464 577 
191 402 223 
798 837 366 
429 296 207 
81 301 436 
834 441 69 
970 792 315 
213 527 908 
534 923 222 
939 531 932 
371 246 748 
5 620 812 
430 823 300 
364 356 617 
140 9 217 
848 872 646 
50 201 468 
216 733 734 
17 459 162 
751 256 172 
341 744 354 
790 597 233 
818 129 4 
299 295 596 
579 541 377 
603 946 686 
63 916 41 
941 603 275 
157 317 627 
869 26 436 
781 689 626 
539 782 690 
759 263 615 
666 579 774 
364 113 289 
949 442 187 
607 542 141 
287 491 311 
43 195 839 
421 288 597 
258 720 383 
557 861 327 
330 310 350 
573 559 179 
684 147 663 
446 552 901 
875 987 37 
505 13 860 
332 369 640 
222 422 122 
141 216 190 
101 476 803 
698 131 459 
757 406 77 
118 216 237 
841 779 439 
126 520 640 
361 55 301 
756 46 952 
744 431 246 
262 360 518 
881 186 160 
543 953 870 
360 301 739 
491 252 72 
573 226 537 
733 585 749 
244 470 872 
361 77 965 
82 35 392 
162 121 988 
692 646 565 
274 652 100 
346 724 404 
291 134 625 
581 882 158 
830 513 593 
792 282 963 
591 659 568 
997 542 963 
745 781 375 
305 755 721 
530 647 529 
879 287 361 
312 457 906 
279 892 174 
39 807 557 
684 490 479 
561 145 297 
976 639 769 
840 870 445 
730 953 68 
135 907 126 
788 333 235 
172 780 295 
78 158 564 
608 281 283 
44 644 111 
237 867 502 
740 191 178 
875 918 314 
126 653 380 
748 261 773 
591 877 808 
600 221 391 
398 396 164 
194 49 984 
691 506 497 
470 812 470 
367 925 686 
461 773 839 
751 406 352 
691 575 100 
591 80 984 
956 790 776 
505 389 779 
380 17 235 
657 410 336 
688 371 295 
393 800 632 
162 340 407 
924 647 553 
289 40 173 
615 189 232 
757 250 807 
898 503 274 
993 910 578 
232 93 945 
56 812 297 
868 364 625 
960 873 609 
210 177 421 
32 231 614 
81 69 127 
396 923 239 
441 801 9 
114 406 815 
997 587 909 
323 436 807 
650 722 801 
160 193 970 
447 893 956 
816 99 877 
652 939 15 
424 13 731 
355 26 410 
143 871 629 
159 707 507 
810 53 426 
647 275 743 
742 430 904 
748 281 397 
228 406 462 
26 939 623 
33 528 659 
803 816 702 
643 96 181 
671 388 801 
857 4 635 
43 270 213 
432 983 809 
376 495 310 
778 448 360 
75 217 382 
517 489 759 
421 752 333 
854 887 774 
143 726 669 
195 354 885 
292 291 595 
914 411 570 
54 71 409 
882 611 808 
251 191 56 
860 563 72 
912 359 788 
132 1 689 
186 325 611 
783 111 334 
613 284 231 
501 625 363 
781 989 975 
908 262 396 
504 17 547 
819 169 235 
333 143 151 
302 249 570 
977 101 571 
79 1 468 
494 857 53 
912 977 302 
474 605 550 
717 264 564 
484 345 424 
670 468 537 
777 490 496 
158 811 319 
903 8 139 
999 606 205 
908 856 960 
335 87 319 
134 121 33 
43 402 734 
83 940 493 
798 271 918 
401 253 110 
166 152 10 
566 583 187 
737 585 497 
159 781 233 
616 905 590 
479 636 442 
74 66 458 
694 155 421 
70 743 342 
289 59 814 
227 2 417 
289 998 830 
10 144 880 
591 489 18 
58 242 455 
244 176 56 
243 913 950 
898 62 478 
106 313 584 
132 557 67 
986 824 167 
442 161 663 
598 974 179 
659 219 379 
746 603 81 
261 634 966 
314 712 601 
264 392 292 
842 805 549 
165 733 306 
520 240 343 
427 285 594 
817 847 415 
971 383 47 
844 199 328 
838 173 789 
605 683 57 
977 256 145 
197 644 723 
359 626 99 
697 243 387 
853 205 234 
953 917 29 
731 492 184 
754 369 752 
832 767 455 
771 431 348 
61 951 72 
78 857 808 
14 700 201 
723 536 280 
397 696 236 
609 354 318 
304 817 440 
698 265 999 
285 492 682 
796 698 198 
550 18 315 
817 824 901 
732 501 935 
866 895 517 
208 471 235 
589 843 342 
646 338 944 
113 642 692 
162 387 982 
170 241 721 
939 714 310 
292 623 979 
527 995 479 
897 594 873 
804 452 102 
984 88 686 
429 897 658 
895 214 490 
438 615 696 
986 872 631 
728 180 974 
564 811 781 
389 593 847 
163 12 103 
499 581 69 
724 384 81 
298 638 823 
390 588 450 
241 511 886 
134 357 983 
728 695 804 
831 415 15 
369 330 418 
910 549 146 
840 708 167 
737 45 169 
56 69 308 
993 523 512 
437 480 307 
571 351 733 
864 431 105 
750 881 768 
763 568 117 
255 402 456 
341 362 880 
995 345 66 
721 951 491 
24 873 732 
832 636 924 
331 578 124 
6 361 986 
718 857 687 
83 771 628 
506 706 887 
864 674 698 
65 638 249 
965 403 820 
337 108 494 
407 762 623 
246 803 984 
848 629 685 
317 433 55 
761 504 398 
738 231 617 
613 583 104 
191 874 369 
719 449 759 
817 307 909 
921 532 729 
440 245 282 
238 819 489 
59 962 630 
416 159 879 
467 365 954 
105 498 489 
35 672 965 
359 344 696 
295 124 776 
634 926 764 
596 883 697 
119 459 778 
287 371 552 
863 7 267 
426 743 358 
69 672 420 
80 594 823 
833 222 294 
89 707 216 
351 724 443 
535 266 492 
433 193 640 
93 538 298 
136 146 810 
404 279 763 
84 643 722 
567 469 96 
612 902 41 
455 387 520 
966 167 588 
984 725 901 
391 287 879 
485 309 366 
643 855 941 
948 253 58 
703 919 755 
303 144 459 
417 469 268 
164 636 100 
721 738 211 
416 575 960 
602 60 958 
337 665 752 
753 680 465 
1 14 921 
182 172 31 
58 367 591 
370 32 18 
475 28 583 
893 969 77 
505 496 656 
925 258 686 
697 613 222 
491 599 511 
408 415 430 
967 696 919 
735 267 943 
589 973 30 
746 742 999 
426 889 721 
666 83 259 
976 562 953 
968 70 702 
654 730 273 
173 54 489 
113 336 875 
162 494 342 
240 259 512 
70 550 989 
615 612 58 
726 827 163 
639 875 902 
627 520 895 
470 359 614 
234 871 191 
807 712 772 
941 576 340 
414 725 961 
889 213 478 
798 14 235 
119 791 636 
112 8 933 
77 344 86 
716 930 121 
906 104 688 
593 391 0 
849 828 311 
912 203 898 
417 970 39 
847 880 948 
464 332 499 
357 973 476 
932 688 197 
217 824 211 
902 420 658 
354 914 875 
956 276 175 
844 203 663 
57 816 765 
968 70 883 
754 250 502 
320 20 208 
957 330 501 
454 575 508 
372 200 167 
258 923 70 
795 441 479 
784 439 145 
685 611 540 
75 606 246 
261 109 247 
926 14 578 
639 404 954 
694 565 193 
607 591 886 
552 784 864 
648 641 223 
287 374 670 
213 126 705 
94 463 943 
471 56 846 
704 522 593 
460 477 456 
62 822 757 
594 565 842 
781 515 670 
86 97 519 
959 442 553 
941 644 508 
704 923 6 
974 247 100 
314 926 512 
57 242 562 
207 737 185 
317 794 918 
384 723 154 
94 86 125 
618 954 284 
953 995 991 
829 961 386 
894 221 574 
857 898 409 
201 674 158 
796 541 219 
480 354 453 
906 558 588 
918 794 235 
940 512 790 
318 675 518 
162 552 150 
223 425 168 
759 793 504 
692 528 730 
442 606 570 
530 477 185 
259 552 393 
150 46 519 
297 799 373 
140 50 568 
577 159 984 
125 362 148 
56 379 554 
677 72 439 
203 821 371 
829 33 588 
88 279 282 
434 962 266 
634 306 355 
350 915 53 
545 458 914 
527 498 777 
93 362 948 
21 536 629 
45 174 79 
888 457 479 
45 847 34 
350 618 776 
338 78 492 
587 60 995 
389 86 760 
193 282 98 
685 328 699 
581 16 392 
870 468 659 
910 318 669 
409 488 809 
903 222 787 
504 950 108 
118 95 159 
880 618 444 
956 354 40 
4 452 899 
79 833 130 
225 689 968 
633 214 890 
518 113 751 
116 899 800 
992 57 935 
152 973 30 
968 784 243 
383 782 282 
876 981 46 
777 609 978 
954 85 107 
869 353 157 
794 678 91 
879 766 535 
693 94 60 
804 539 305 
416 121 451 
204 961 743 
734 654 450 
619 378 646 
540 331 74 
386 785 294 
199 693 739 
959 911 668 
275 52 244 
918 446 697 
184 790 538 
965 220 254 
558 310 448 
810 799 590 
149 182 654 
905 390 460 
143 977 116 
662 341 168 
88 340 305 
633 500 531 
490 332 499 
522 478 516 
47 162 382 
935 625 738 
263 825 418 
980 253 725 
88 928 610 
433 565 786 
124 597 530 
874 781 832 
416 409 668 
479 775 635 
665 971 719 
365 621 654 
556 243 727 
554 695 942 
667 53 806 
57 846 132 
278 303 813 
867 151 643 
626 255 910 
820 32 504 
376 266 230 
975 313 497 
511 135 477 
793 243 675 
926 95 902 
820 556 653 
174 77 834 
128 770 221 
477 227 69 
664 104 104 
506 771 290 
958 194 858 
697 500 336 
696 352 176 
934 761 644 
980 633 695 
892 453 382 
408 311 178 
536 304 231 
78 770 616 
827 977 806 
515 538 801 
464 641 19 
952 437 466 
82 27 341 
80 381 783 
911 689 20 
856 380 952 
543 295 891 
295 209 135 
852 99 50 
780 456 764 
203 656 605 
360 202 819 
896 779 310 
295 355 652 
124 814 358 
911 375 200 
233 498 239 
204 792 583 
664 994 591 
693 115 675 
244 315 897 
790 717 915 
132 832 886 
166 672 743 
765 921 286 
411 873 916 
202 322 940 
203 818 846 
761 851 151 
917 880 330 
360 924 775 
107 737 273 
251 373 11 
876 804 352 
461 152 446 
571 880 916 
131 980 552 
433 390 829 
806 496 43 
535 890 90 
587 38 542 
106 883 65 
638 378 363 
964 131 361 
596 324 191 
94 587 790 
203 132 250 
84 981 802 
734 717 245 
326 155 568 
461 901 635 
285 841 529 
429 632 700 
880 314 579 
98 253 995 
158 364 589 
895 142 574 
904 937 631 
21 633 805 
639 908 228 
659 377 437 
540 92 675 
228 238 194 
660 743 869 
220 741 642 
842 590 643 
944 672 911 
830 676 482 
756 954 588 
522 306 495 
751 710 472 
119 349 712 
571 43 261 
443 444 162 
284 110 572 
551 841 358 
687 694 270 
324 358 684 
304 415 287 
16 279 872 
527 561 233 
73 319 333 
817 456 988 
979 526 910 
608 709 310 
278 927 854 
385 788 484 
236 745 548 
713 658 383 
60 637 957 
601 591 104 
561 407 879 
250 719 254 
894 338 277 
332 225 971 
178 609 618 
120 564 550 
832 671 688 
960 389 348 
525 373 428 
260 430 983 
341 450 882 
166 950 207 
282 151 551 
722 750 290 
914 527 476 
546 542 75 
870 574 311 
