598 808 294 
500 767 560 
780 203 296 
249 687 926 
406 981 768 
50 328 856 
957 909 975 
476 310 552 
455 690 590 
806 728 46 
325 372 13 
29 554 31 
269 110 782 
341 184 834 
812 297 921 
601 292 455 
370 818 878 
407 246 735 
732 169 991 
139 345 462 
247 9 93 
623 316 74 
626 765 789 
354 65 380 
881 768 565 
556 343 473 
898 549 639 
631 150 102 
903 11 557 
466 83 460 
891 193 492 
786 833 918 
104 292 987 
26 882 122 
297 4 528 
832 977 379 
203 160 45 
354 44 75 
360 38 489 
51 788 631 
822 728 232 
352 521 13 
45 653 182 
262 959 481 
793 473 985 
705 545 694 
113 793 401 
524 715 656 
443 401 121 
850 558 829 
15 122 286 
44 132 626 
226 734 805 
777 496 781 
668 687 541 
602 14 672 
665 5 523 
226 766 767 
846 189 554 
205 835 503 
130 459 840 
481 846 451 
508 137 580 
569 941 404 
820 28 446 
576 610 411 
669 275 402 
257 570 260 
374 358 947 
500 579 820 
148 176 666 
979 124 886 
258 121 363 
362 18 890 
176 60 196 
335 759 503 
653 878 191 
152 570 150 
114 89 636 
814 989 713 
268 497 215 
34 713 783 
79 575 758 
667 710 72 
153 84 827 
403 950 955 
301 833 906 
272 171 66 
819 849 384 
878 501 465 
66 97 935 
280 657 89 
436 292 821 
895 158 252 
328 544 917 
349 930 103 
644 779 595 
137 860 238 
828 365 690 
454 6 990 
884 628 332 
222 154 262 
685 128 407 
95 777 738 
654 833 989 
982 329 327 
809 323 196 
948 174 821 
56 994 477 
333 340 176 
827 702 806 
107 64 710 
575 823 23 
260 277 722 
496 445 466 
661 801 205 
457 408 427 
116 217 113 
512 582 73 
137 123 375 
251 211 880 
146 294 505 
58 196 956 
253 427 577 
122 977 478 
138 950 396 
848 426 538 
34 885 20 
878 294 183 
83 996 775 
298 741 149 
428 395 437 
865 228 30 
659 20 718 
574 507 612 
586 943 647 
654 59 839 
9 400 858 
291 680 233 
96 935 94 
77 207 141 
149 541 990 
527 868 363 
119 471 738 
634 358 731 
101 492 760 
270 630 214 
365 737 837 
46 20 185 
909 237 994 
466 836 575 
127 490 586 
406 613 896 
859 670 901 
98 450 548 
208 446 771 
368 495 136 
813 178 255 
771 963 81 
972 395 470 
989 209 190 
465 742 938 
683 712 278 
238 914 157 
137 668 403 
688 773 376 
187 203 516 
602 561 663 
854 732 367 
807 108 910 
276 15 919 
888 390 96 
927 779 141 
43 240 500 
674 151 870 
702 558 457 
953 795 183 
247 323 655 
765 881 678 
857 211 748 
916 918 737 
980 590 116 
719 318 397 
968 67 79 
599 860 107 
428 449 408 
15 592 140 
4 917 219 
602 312 472 
37 127 273 
779 455 636 
720 574 41 
862 807 331 
142 5 603 
459 625 961 
529 578 154 
807 871 513 
288 961 976 
178 125 116 
674 77 913 
331 592 457 
660 633 975 
255 123 451 
800 360 725 
979 537 943 
291 433 408 
337 987 172 
333 729 928 
974 674 56 
167 150 257 
377 391 999 
795 723 486 
182 761 183 
781 9 696 
898 119 370 
398 980 547 
771 523 950 
819 235 383 
979 889 926 
950 205 893 
123 402 288 
405 279 301 
212 2 8 
720 412 674 
308 853 739 
328 167 550 
542 708 362 
777 156 464 
33 225 323 
312 261 769 
692 796 416 
599 886 734 
336 354 368 
731 130 810 
128 64 424 
123 345 27 
5 885 41 
10 260 427 
480 691 289 
118 668 18 
15 174 522 
968 833 196 
903 262 516 
727 44 854 
809 769 648 
802 545 381 
375 308 360 
959 904 681 
884 520 93 
283 287 220 
571 201 304 
642 585 677 
865 783 614 
162 585 87 
155 791 801 
426 15 701 
371 871 977 
849 878 368 
696 798 238 
953 15 834 
857 870 796 
643 76 360 
39 54 4 
243 704 276 
785 983 457 
50 413 785 
387 987 82 
574 652 804 
992 299 69 
27 686 828 
218 165 768 
223 515 859 
527 300 576 
184 263 548 
169 858 434 
898 267 642 
521 594 94 
194 362 93 
923 74 877 
198 779 678 
408 676 883 
136 547 629 
564 541 302 
979 542 415 
926 53 140 
335 638 869 
411 412 330 
401 661 372 
175 32 938 
350 30 843 
422 410 840 
262 981 766 
676 698 42 
53 3 896 
127 534 860 
644 807 879 
83 115 367 
99 852 330 
92 559 709 
316 470 181 
658 376 993 
123 666 269 
236 116 527 
715 674 512 
675 608 982 
298 581 547 
196 318 163 
104 923 853 
482 752 350 
158 424 165 
193 411 819 
367 409 45 
442 910 948 
413 153 612 
160 385 706 
942 616 766 
950 15 704 
200 316 705 
545 715 832 
385 96 869 
101 365 369 
451 293 77 
794 997 660 
124 546 646 
205 705 584 
451 756 550 
927 680 491 
436 303 425 
864 585 759 
140 716 520 
926 537 806 
739 562 762 
645 182 656 
613 444 291 
761 459 256 
758 165 804 
350 381 345 
953 527 886 
972 510 949 
405 928 658 
439 32 276 
596 568 656 
294 276 702 
374 606 987 
855 296 421 
696 62 567 
716 95 194 
654 330 976 
407 833 277 
66 918 88 
809 874 903 
638 758 500 
504 754 747 
732 461 265 
265 730 63 
638 515 8 
2 112 497 
233 813 814 
12 839 782 
281 108 81 
78 406 453 
79 600 350 
231 572 0 
940 908 791 
774 107 877 
526 673 418 
630 463 744 
173 424 620 
556 816 501 
203 625 642 
870 599 227 
588 416 374 
822 165 901 
952 765 115 
838 169 980 
224 54 91 
81 439 722 
275 861 329 
269 493 617 
800 488 799 
467 176 942 
848 408 421 
246 875 123 
725 778 268 
932 666 612 
957 268 964 
175 749 332 
113 35 302 
429 962 323 
857 498 859 
1 217 505 
862 122 992 
449 254 107 
778 238 219 
410 100 559 
382 506 504 
921 954 974 
416 196 725 
574 549 931 
690 999 107 
9 317 221 
138 687 194 
156 348 618 
786 628 582 
945 362 699 
525 716 602 
732 774 815 
527 69 777 
158 382 206 
435 387 518 
189 719 476 
328 143 697 
311 750 737 
799 575 589 
108 155 856 
264 959 633 
549 970 303 
138 524 616 
689 123 679 
497 487 837 
955 10 321 
401 77 178 
491 928 24 
991 109 972 
867 644 672 
903 232 320 
131 654 416 
779 741 185 
945 591 46 
18 953 193 
414 239 876 
171 767 886 
794 543 702 
508 852 890 
315 745 540 
842 355 844 
932 581 491 
639 687 672 
37 494 676 
337 599 330 
658 242 78 
428 21 115 
594 776 901 
618 931 480 
103 369 177 
785 341 396 
673 783 49 
437 899 400 
688 534 976 
711 961 322 
513 215 780 
337 123 601 
175 39 783 
517 788 751 
246 913 846 
585 849 665 
874 381 422 
571 155 778 
438 661 662 
736 244 766 
196 198 704 
821 605 129 
641 178 409 
570 674 695 
545 939 603 
659 5 830 
408 899 167 
185 478 813 
397 945 834 
810 740 570 
324 287 439 
49 248 817 
207 255 221 
970 5 50 
934 652 994 
121 79 817 
391 403 834 
21 777 277 
662 17 564 
623 17 388 
608 801 740 
791 593 463 
509 526 384 
998 194 598 
407 394 761 
776 794 862 
460 584 945 
574 90 522 
306 636 249 
130 291 582 
119 782 853 
288 529 74 
284 660 978 
719 514 10 
572 482 740 
277 837 749 
213 716 337 
340 206 98 
885 126 759 
155 12 877 
70 195 618 
588 734 972 
917 500 772 
147 300 242 
971 488 536 
561 39 497 
343 544 94 
114 839 712 
163 586 767 
749 828 109 
905 590 979 
554 844 290 
457 264 239 
656 398 562 
247 291 814 
644 73 648 
949 776 371 
366 555 962 
700 641 571 
324 84 267 
85 894 62 
80 851 134 
819 324 209 
169 472 35 
565 963 879 
708 326 800 
411 267 650 
975 868 170 
343 544 739 
67 483 690 
96 788 630 
315 359 896 
605 941 520 
870 538 457 
246 784 862 
851 415 994 
489 970 842 
253 785 986 
512 415 574 
496 480 673 
638 977 358 
269 588 416 
878 137 634 
26 58 252 
664 559 820 
836 365 175 
69 738 938 
646 803 419 
566 734 809 
227 892 479 
552 792 673 
518 387 41 
649 103 841 
305 841 544 
164 731 423 
164 710 811 
133 745 867 
703 29 703 
345 809 46 
805 260 82 
189 113 454 
476 711 147 
3 739 338 
854 243 538 
84 61 825 
830 147 662 
352 945 483 
606 622 581 
814 537 512 
74 157 539 
212 662 805 
480 462 968 
477 741 770 
329 692 729 
200 112 727 
995 230 593 
768 697 815 
441 802 682 
129 624 344 
833 348 35 
454 158 831 
245 992 83 
308 457 974 
328 596 47 
937 411 765 
160 95 951 
751 728 914 
496 438 144 
551 377 442 
772 961 858 
274 583 558 
233 295 137 
154 763 645 
523 503 919 
428 215 774 
744 573 350 
479 133 575 
735 581 919 
578 97 805 
934 147 606 
188 280 37 
140 776 904 
521 464 55 
622 820 457 
540 792 983 
206 8 165 
540 902 708 
530 620 163 
149 91 333 
257 760 383 
129 664 797 
736 978 323 
369 846 409 
301 691 480 
901 984 488 
502 937 105 
481 573 335 
43 210 0 
624 310 566 
343 621 852 
766 719 631 
480 832 694 
683 771 924 
224 18 44 
946 747 717 
611 463 276 
77 275 311 
693 784 970 
636 19 48 
190 876 983 
525 301 793 
265 619 217 
801 532 142 
166 798 395 
866 185 912 
318 31 920 
598 440 161 
984 180 280 
61 78 798 
33 40 510 
379 544 810 
561 85 443 
567 543 420 
921 990 473 
370 353 795 
785 121 506 
383 536 913 
340 967 764 
766 706 618 
573 646 813 
611 154 967 
94 359 308 
119 359 608 
294 101 942 
664 271 181 
175 730 535 
666 957 881 
754 171 181 
228 403 799 
968 249 584 
549 482 126 
518 501 731 
904 673 402 
994 922 778 
769 41 239 
462 10 201 
890 518 117 
67 546 720 
601 63 236 
506 389 845 
928 798 857 
30 702 214 
767 94 257 
469 867 80 
665 224 10 
253 823 847 
358 971 409 
972 743 495 
605 87 950 
406 546 35 
627 781 98 
329 534 947 
676 335 962 
40 15 188 
454 53 792 
106 541 663 
100 961 405 
145 833 740 
412 421 398 
475 943 638 
844 540 436 
845 628 126 
415 711 183 
267 978 463 
229 617 302 
165 829 382 
78 682 555 
358 18 879 
87 323 849 
369 530 687 
239 731 956 
544 910 129 
169 328 17 
444 490 664 
396 222 383 
937 767 612 
882 191 929 
427 14 99 
113 536 895 
619 96 593 
628 560 851 
241 383 619 
572 100 285 
668 551 495 
960 593 522 
34 801 192 
398 822 899 
873 51 453 
876 459 487 
98 28 785 
535 614 0 
689 726 84 
272 201 74 
338 524 310 
734 476 806 
266 530 766 
360 777 455 
462 766 401 
654 828 478 
67 816 368 
836 154 256 
926 602 959 
773 391 725 
103 892 55 
666 433 674 
103 975 360 
838 519 815 
713 261 498 
453 529 207 
197 682 735 
15 173 833 
841 824 364 
255 302 699 
880 912 639 
197 280 324 
907 733 740 
241 557 820 
464 362 636 
508 836 957 
551 763 195 
539 898 177 
902 392 306 
876 469 818 
681 69 761 
102 695 99 
305 845 221 
774 375 198 
39 214 525 
478 813 874 
505 474 230 
84 675 405 
458 329 255 
381 953 734 
228 855 589 
399 168 555 
402 113 149 
738 238 535 
555 691 896 
826 707 678 
233 936 774 
288 689 807 
984 317 392 
84 164 491 
35 292 269 
74 654 59 
655 690 868 
115 696 454 
712 580 38 
36 86 674 
373 982 828 
581 261 730 
670 697 942 
933 851 741 
282 95 242 
777 269 144 
352 168 35 
1 353 709 
790 765 927 
794 746 909 
12 852 824 
946 953 530 
587 854 609 
228 338 324 
477 633 394 
862 604 968 
456 692 350 
688 584 346 
661 483 4 
75 1 733 
221 961 591 
834 119 679 
765 774 196 
230 508 30 
600 91 618 
995 651 417 
363 247 200 
683 380 520 
874 714 164 
89 718 268 
864 936 601 
822 761 258 
198 440 91 
122 348 814 
861 593 858 
456 608 952 
768 71 37 
73 596 511 
616 395 333 
828 451 43 
871 29 696 
927 987 694 
663 151 954 
985 16 549 
415 532 302 
139 78 382 
737 27 637 
706 414 257 
301 294 516 
813 372 686 
605 461 675 
273 95 344 
983 582 22 
573 894 311 
552 881 288 
922 93 159 
928 489 897 
9 973 720 
8 837 249 
579 68 491 
357 362 758 
219 647 477 
391 804 729 
353 25 359 
111 325 503 
458 669 270 
429 464 67 
941 862 750 
126 723 520 
144 323 27 
22 497 843 
269 682 530 
710 227 708 
225 357 708 
44 331 488 
511 160 389 
648 442 538 
396 419 895 
394 909 402 
655 467 958 
968 681 692 
378 673 923 
189 868 156 
433 876 267 
583 412 571 
956 326 449 
856 694 711 
42 369 406 
677 274 537 
690 966 706 
332 378 291 
265 874 963 
388 216 628 
446 326 827 
553 813 427 
75 754 718 
275 808 698 
824 660 852 
172 857 84 
219 88 874 
958 878 598 
18 153 903 
518 335 377 
791 889 388 
663 699 791 
308 532 725 
966 349 622 
79 387 775 
388 410 273 
219 340 860 
187 489 886 
848 487 153 
933 976 962 
667 522 629 
810 971 676 
287 995 812 
40 816 690 
117 520 122 
991 96 276 
945 731 695 
490 659 966 
18 74 636 
387 123 691 
639 642 507 
412 846 138 
693 216 106 
369 39 465 
366 257 218 
655 878 210 
151 6 853 
134 9 449 
419 444 65 
198 974 524 
116 952 944 
196 49 691 
830 133 119 
184 512 765 
180 597 788 
369 336 191 
533 655 615 
918 354 398 
349 590 329 
834 851 582 
617 392 904 
991 919 786 
980 971 352 
87 254 87 
510 554 45 
342 366 885 
843 915 973 
915 357 762 
459 287 743 
428 160 260 
52 710 59 
817 75 989 
785 184 534 
128 130 884 
388 673 783 
885 942 833 
360 810 335 
439 330 521 
252 981 821 
293 74 72 
308 661 231 
369 702 381 
161 685 297 
779 187 621 
838 129 134 
531 215 922 
644 130 189 
10 992 592 
462 574 497 
587 892 589 
236 309 993 
874 25 549 
270 423 262 
955 115 871 
272 848 633 
256 817 704 
43 44 259 
701 634 371 
978 105 543 
158 279 215 
204 282 680 
567 428 710 
397 372 385 
99 806 540 
60 952 513 
699 886 863 
215 868 901 
272 14 798 
891 215 369 
662 457 300 
579 639 312 
151 586 163 
776 286 112 
492 17 141 
270 635 335 
681 377 676 
723 73 558 
932 579 353 
593 33 884 
388 825 372 
878 5 456 
997 622 338 
63 716 505 
518 334 351 
467 610 680 
693 880 495 
868 149 306 
234 865 956 
409 76 273 
721 712 901 
326 175 356 
309 819 78 
520 399 625 
854 995 458 
161 370 923 
829 729 789 
971 742 432 
123 392 78 
