901 342 767 
519 688 222 
622 486 853 
770 606 981 
349 141 437 
916 671 420 
101 965 114 
874 987 481 
41 267 597 
595 679 225 
593 889 713 
174 104 291 
875 95 665 
34 642 937 
906 558 561 
732 201 795 
136 752 552 
49 974 791 
815 623 383 
425 131 204 
616 758 893 
641 295 452 
502 902 376 
909 206 448 
210 243 300 
307 1 83 
95 98 348 
260 938 752 
806 594 150 
570 122 892 
18 795 551 
806 486 859 
195 483 757 
541 4 602 
457 36 65 
548 880 577 
144 440 299 
667 272 395 
192 20 574 
943 5 196 
654 887 493 
357 567 700 
360 250 745 
335 386 324 
810 428 205 
546 59 927 
594 28 506 
469 619 948 
601 994 884 
490 971 90 
704 835 223 
270 824 869 
997 654 502 
618 621 349 
792 998 951 
197 480 894 
613 936 903 
575 724 768 
522 80 194 
788 485 910 
257 15 643 
154 521 390 
136 304 620 
254 414 55 
659 56 291 
128 254 922 
844 68 593 
323 226 447 
34 851 507 
227 502 533 
660 643 419 
386 298 365 
968 122 216 
242 105 361 
322 77 7 
205 519 621 
780 800 462 
89 876 254 
160 103 311 
11 699 226 
75 746 950 
278 126 422 
80 384 345 
375 372 502 
879 188 887 
600 605 247 
105 682 973 
993 793 72 
506 34 187 
325 400 13 
341 687 763 
870 432 258 
293 953 458 
503 118 80 
272 377 779 
905 200 693 
929 466 316 
531 43 354 
707 125 760 
229 993 234 
832 651 943 
88 644 349 
382 140 741 
653 388 607 
404 426 481 
599 57 365 
979 742 192 
867 437 180 
469 590 574 
940 696 642 
494 885 467 
746 435 71 
177 76 482 
296 929 368 
10 530 159 
208 273 75 
52 532 402 
585 508 165 
598 864 957 
891 247 201 
151 558 892 
440 767 813 
390 258 725 
95 74 817 
374 908 359 
982 596 958 
671 10 56 
321 146 401 
690 244 101 
827 527 420 
386 464 738 
92 217 736 
813 594 676 
396 726 33 
129 108 735 
990 640 366 
701 785 876 
328 826 970 
7 978 134 
141 245 411 
417 380 187 
502 987 448 
400 144 436 
540 801 73 
159 790 507 
213 49 946 
401 982 576 
396 582 56 
62 346 716 
633 93 12 
947 658 332 
657 925 526 
871 455 910 
998 838 694 
528 126 668 
658 221 352 
871 332 142 
963 999 892 
904 791 535 
140 462 904 
985 332 105 
357 702 965 
973 284 155 
76 333 835 
863 718 479 
549 689 882 
993 784 326 
200 67 583 
744 332 366 
825 650 822 
546 557 559 
321 165 655 
571 878 391 
164 545 428 
571 398 716 
638 112 276 
465 818 646 
937 305 265 
859 424 413 
72 109 169 
890 186 922 
410 276 895 
539 277 614 
526 807 690 
791 658 979 
793 776 820 
344 582 890 
477 533 345 
869 205 715 
552 564 525 
664 428 756 
245 458 957 
594 603 997 
387 84 602 
592 266 575 
331 658 521 
928 306 434 
767 175 319 
292 770 22 
327 343 741 
111 798 787 
213 123 12 
616 737 543 
33 449 868 
408 558 255 
665 247 82 
915 617 760 
661 675 523 
588 780 694 
625 55 538 
275 874 316 
944 618 930 
908 745 486 
331 77 612 
866 253 607 
46 313 817 
866 723 58 
838 387 849 
536 462 77 
345 271 929 
844 283 682 
684 109 198 
602 229 506 
785 313 757 
482 824 709 
66 996 502 
727 592 267 
211 899 540 
613 426 714 
797 718 58 
588 79 954 
15 673 565 
944 828 270 
890 722 511 
373 660 208 
354 204 350 
724 137 944 
225 152 229 
979 78 196 
884 248 122 
883 634 575 
823 229 264 
684 947 336 
455 490 838 
175 705 629 
325 701 629 
253 190 114 
149 614 440 
836 229 109 
721 793 786 
229 947 753 
197 278 28 
824 859 887 
160 281 962 
395 765 958 
146 399 347 
67 365 411 
190 843 853 
87 281 787 
328 157 321 
842 466 220 
787 82 376 
13 547 504 
964 622 978 
662 306 956 
835 770 334 
901 786 32 
159 739 1 
403 740 885 
817 64 826 
503 441 595 
159 642 894 
555 134 231 
408 672 23 
380 412 829 
618 481 571 
488 24 708 
454 31 654 
672 980 29 
999 948 314 
953 413 568 
710 895 756 
147 608 728 
331 687 270 
189 248 702 
306 681 614 
38 10 676 
125 376 203 
755 239 814 
963 989 955 
458 290 329 
119 939 924 
363 294 370 
694 869 652 
836 210 162 
882 88 657 
702 595 632 
867 881 410 
196 406 210 
613 865 985 
448 730 825 
380 92 644 
700 966 962 
410 621 242 
262 444 167 
359 468 363 
878 75 616 
748 602 67 
59 289 557 
154 495 405 
598 475 746 
481 270 324 
278 911 712 
241 497 418 
182 618 352 
928 206 171 
654 86 331 
630 283 990 
776 190 248 
999 127 522 
990 785 320 
629 734 148 
269 886 827 
532 202 217 
211 179 482 
913 885 427 
84 296 573 
534 141 12 
275 572 366 
152 361 552 
518 964 915 
600 371 962 
400 775 474 
775 87 432 
846 777 893 
585 653 795 
234 154 653 
90 340 664 
974 307 340 
763 745 508 
540 856 846 
187 345 195 
956 159 494 
702 152 313 
270 678 625 
94 915 72 
954 628 732 
368 830 974 
784 297 618 
30 434 54 
20 175 917 
435 530 332 
438 545 693 
279 969 268 
325 946 756 
827 53 548 
832 700 54 
816 237 257 
770 880 109 
115 159 306 
161 681 900 
236 983 429 
455 41 149 
995 396 504 
607 559 603 
253 477 826 
544 982 32 
128 766 828 
835 378 981 
740 398 267 
583 73 317 
433 539 112 
383 545 497 
904 770 551 
213 627 44 
489 262 206 
373 79 254 
193 776 754 
635 851 704 
758 380 525 
151 685 944 
489 546 65 
495 815 600 
773 820 603 
73 320 698 
351 267 232 
244 65 816 
423 537 48 
636 813 700 
16 474 25 
465 272 789 
301 132 596 
452 301 308 
564 423 27 
300 904 86 
419 201 134 
993 150 975 
330 50 261 
711 769 143 
148 331 17 
283 552 443 
600 652 574 
615 544 767 
498 372 548 
655 281 660 
474 661 115 
286 13 986 
72 716 685 
711 206 715 
909 373 204 
358 530 905 
511 867 683 
911 30 255 
776 31 891 
317 579 605 
33 569 893 
434 189 651 
647 424 498 
839 591 955 
341 378 267 
683 34 575 
85 350 296 
238 298 979 
400 742 768 
328 453 554 
60 117 728 
79 22 57 
700 502 258 
162 368 220 
811 427 230 
286 189 605 
512 826 455 
944 274 417 
988 883 663 
753 981 183 
387 927 684 
673 346 154 
327 103 44 
522 383 970 
470 974 813 
721 902 853 
640 22 291 
829 373 698 
126 632 235 
435 921 20 
465 158 882 
409 255 216 
291 541 982 
366 882 75 
533 380 480 
787 529 42 
577 154 8 
507 607 562 
170 871 994 
717 324 313 
288 891 42 
914 741 371 
480 916 919 
253 30 843 
649 126 598 
221 922 805 
99 59 777 
850 328 807 
696 518 161 
653 50 894 
946 334 681 
793 611 192 
904 369 596 
497 954 814 
507 330 702 
438 919 393 
944 129 679 
6 668 416 
717 271 601 
941 80 783 
968 718 594 
361 736 963 
904 562 752 
391 255 204 
784 580 337 
711 580 791 
763 283 661 
938 714 584 
646 736 218 
534 888 443 
475 481 898 
737 464 572 
505 485 669 
38 280 674 
948 793 108 
827 588 391 
607 421 343 
479 135 142 
607 990 746 
782 916 89 
504 611 692 
318 100 508 
567 883 880 
243 478 446 
357 37 752 
355 412 910 
393 116 724 
125 711 531 
96 903 522 
962 196 119 
703 172 196 
235 129 916 
953 665 693 
227 17 241 
136 791 330 
620 383 743 
490 434 986 
483 134 402 
894 128 309 
986 399 266 
657 142 958 
529 25 573 
524 302 286 
767 939 79 
616 722 709 
254 939 660 
852 824 396 
11 61 889 
650 152 42 
452 147 442 
154 312 436 
271 54 751 
484 541 115 
968 661 775 
864 260 312 
771 587 766 
469 312 380 
763 844 157 
829 512 851 
764 268 755 
684 949 223 
34 505 567 
195 288 711 
353 241 534 
637 431 958 
406 575 768 
901 874 499 
292 979 299 
335 835 806 
750 829 697 
627 176 717 
245 571 363 
85 776 361 
872 559 11 
938 756 735 
690 681 288 
304 989 583 
536 10 844 
924 517 737 
658 308 29 
213 627 905 
264 946 167 
872 678 675 
401 603 796 
272 560 563 
550 689 324 
719 46 46 
805 365 898 
677 765 844 
980 342 158 
372 963 70 
862 602 78 
431 951 404 
89 416 891 
77 120 142 
300 582 544 
751 834 602 
861 510 565 
299 902 872 
290 878 877 
810 771 864 
290 685 783 
204 647 919 
905 34 566 
895 35 909 
799 541 643 
161 406 156 
702 558 353 
452 201 574 
983 152 911 
327 531 809 
653 542 272 
677 665 457 
247 984 408 
694 507 469 
662 789 94 
41 937 502 
108 772 486 
561 957 988 
741 609 944 
504 593 499 
219 951 799 
649 352 474 
600 653 905 
492 97 716 
779 141 176 
282 488 981 
801 339 502 
955 246 469 
790 858 253 
928 471 493 
267 862 297 
735 350 645 
973 705 561 
678 209 945 
560 353 914 
11 411 231 
298 999 96 
531 537 71 
641 966 783 
594 820 183 
567 530 433 
43 743 423 
254 534 541 
422 726 702 
988 569 569 
639 788 876 
141 97 143 
705 682 163 
839 385 186 
482 901 160 
63 434 636 
379 687 375 
20 561 595 
432 843 595 
789 481 869 
394 120 780 
612 987 785 
284 996 105 
346 693 181 
223 472 363 
147 976 690 
101 786 381 
298 397 466 
626 152 864 
898 558 874 
116 785 6 
936 835 712 
725 955 747 
500 977 822 
959 71 788 
180 445 782 
821 649 300 
477 684 525 
498 942 783 
275 816 568 
603 431 227 
116 194 390 
152 443 245 
248 59 924 
54 192 283 
169 709 428 
246 441 181 
551 724 337 
122 172 570 
899 290 518 
470 416 229 
458 146 185 
498 758 807 
65 999 827 
175 919 348 
757 327 888 
141 851 231 
465 650 290 
440 729 405 
884 745 341 
256 302 573 
558 552 335 
972 285 346 
651 565 110 
512 128 125 
26 383 753 
158 350 537 
173 495 777 
10 556 884 
491 73 136 
146 569 461 
94 9 246 
417 336 830 
699 693 267 
68 590 379 
3 215 224 
227 991 356 
649 843 895 
152 622 191 
866 236 250 
337 508 834 
459 285 668 
198 899 851 
475 820 128 
601 568 738 
53 4 225 
825 990 316 
428 990 515 
258 796 367 
852 854 415 
876 843 289 
468 244 934 
115 842 449 
171 746 435 
449 591 849 
935 66 479 
376 189 1 
48 302 580 
566 825 295 
40 528 126 
83 625 577 
144 526 213 
341 215 101 
749 436 345 
67 228 186 
620 176 100 
744 544 171 
275 216 809 
116 347 26 
520 529 688 
158 904 226 
218 477 998 
363 186 153 
961 86 712 
285 641 338 
667 362 325 
172 491 600 
740 896 464 
837 789 876 
685 597 818 
49 382 982 
463 39 751 
446 969 4 
359 611 897 
129 945 423 
391 713 203 
679 700 951 
975 182 384 
475 495 914 
785 704 261 
931 93 189 
225 371 351 
662 155 815 
781 894 968 
760 274 435 
970 150 63 
871 216 522 
277 894 549 
574 182 57 
636 620 489 
173 625 624 
331 208 874 
890 995 267 
252 724 46 
837 642 876 
169 641 696 
574 30 293 
631 538 781 
5 833 677 
875 965 515 
911 920 592 
875 312 18 
351 358 743 
383 593 516 
857 456 947 
408 122 266 
565 847 204 
310 321 202 
249 951 848 
511 126 307 
987 281 342 
371 795 847 
983 253 221 
778 446 433 
270 112 10 
488 966 206 
935 176 788 
707 962 820 
430 375 396 
840 939 874 
45 994 640 
697 598 501 
379 803 34 
527 415 290 
402 666 260 
292 404 808 
754 577 15 
655 466 687 
918 244 257 
274 214 220 
418 367 718 
885 879 215 
338 75 900 
217 596 854 
288 632 928 
809 152 596 
953 437 146 
556 509 76 
843 25 27 
762 277 149 
836 406 289 
826 797 486 
437 56 999 
904 402 430 
681 549 516 
826 307 463 
815 587 807 
132 402 395 
510 131 595 
779 941 50 
991 854 986 
10 180 423 
94 906 549 
63 561 433 
433 510 173 
608 440 875 
352 59 947 
222 137 759 
607 435 390 
327 405 609 
480 785 762 
48 980 997 
318 714 542 
262 419 232 
28 769 108 
805 580 90 
71 527 587 
454 409 457 
139 195 956 
966 632 844 
655 617 464 
825 402 912 
893 371 29 
574 32 628 
316 311 411 
581 833 822 
522 153 366 
747 511 943 
685 952 994 
213 406 674 
321 927 60 
421 785 495 
636 296 569 
759 259 352 
16 378 347 
297 891 216 
530 502 148 
496 456 297 
857 800 418 
495 32 351 
616 587 589 
708 943 970 
800 192 971 
974 798 742 
757 556 930 
170 389 945 
71 447 197 
945 172 587 
17 984 93 
157 550 337 
515 319 382 
195 679 102 
757 516 240 
198 788 846 
382 723 984 
350 898 90 
933 11 116 
141 892 107 
848 710 726 
297 623 371 
764 435 669 
375 773 792 
252 826 67 
911 333 366 
314 130 678 
434 542 401 
92 620 976 
971 574 151 
644 192 907 
957 962 186 
362 189 887 
825 284 653 
920 621 712 
555 707 718 
739 117 170 
56 785 505 
716 371 781 
174 289 286 
192 481 849 
251 545 820 
306 414 234 
288 605 679 
859 108 644 
191 734 318 
650 407 566 
893 854 811 
980 433 454 
158 383 459 
788 751 15 
318 415 649 
511 431 465 
801 933 496 
768 496 423 
295 788 216 
507 622 580 
132 866 940 
989 120 379 
505 879 903 
752 398 766 
379 767 811 
570 270 343 
274 403 0 
653 792 782 
906 498 652 
740 502 114 
520 637 882 
548 589 424 
433 25 347 
773 873 387 
893 330 420 
979 187 414 
590 127 913 
13 205 686 
589 473 727 
385 838 721 
325 113 815 
873 340 247 
163 645 156 
323 75 283 
514 892 371 
764 232 352 
434 263 660 
522 64 467 
110 342 138 
390 587 57 
360 142 695 
361 336 819 
927 206 396 
168 133 133 
438 324 788 
239 51 577 
562 42 213 
720 734 532 
331 871 271 
127 331 289 
212 141 712 
736 722 513 
335 881 744 
751 810 564 
518 506 543 
142 684 625 
835 749 31 
108 680 967 
614 441 470 
311 531 853 
54 750 724 
689 97 626 
961 235 615 
613 745 134 
915 317 749 
607 347 203 
846 964 550 
386 162 371 
358 126 945 
373 837 135 
917 6 204 
521 456 737 
431 240 345 
388 956 349 
934 733 10 
952 117 752 
558 792 181 
798 992 695 
127 427 644 
963 410 4 
957 274 780 
787 404 101 
772 481 342 
927 676 863 
971 115 973 
97 322 456 
682 336 3 
346 654 426 
805 405 282 
591 693 952 
263 563 920 
812 801 267 
775 704 508 
6 34 171 
0 506 200 
268 856 407 
481 401 145 
996 230 187 
534 860 673 
818 120 780 
310 682 962 
445 851 402 
906 664 820 
748 668 683 
