531 950 553 
42 928 544 
844 210 662 
566 785 800 
345 372 744 
386 777 977 
68 39 145 
522 413 82 
971 821 922 
631 662 839 
475 509 929 
290 917 496 
866 815 959 
578 679 324 
210 221 886 
354 877 911 
248 453 198 
427 432 513 
372 648 561 
221 1 624 
197 279 813 
71 498 44 
222 862 798 
386 508 59 
508 84 376 
903 383 161 
541 803 195 
145 631 320 
347 253 311 
194 164 338 
784 432 457 
698 524 274 
440 575 600 
527 633 100 
807 795 303 
754 873 945 
191 380 668 
754 342 80 
467 90 63 
371 234 860 
409 655 260 
922 630 499 
916 723 680 
399 671 160 
23 875 683 
620 278 331 
865 240 251 
313 509 569 
276 167 110 
839 879 215 
625 978 202 
913 864 579 
466 784 96 
748 847 57 
640 773 523 
1 37 556 
91 27 347 
744 614 906 
149 170 731 
481 501 649 
72 981 112 
889 85 699 
728 782 206 
507 837 731 
767 632 246 
545 50 251 
121 694 788 
140 194 565 
189 365 456 
291 974 818 
411 685 469 
552 210 11 
796 289 449 
857 488 410 
199 730 453 
489 269 953 
271 214 443 
790 987 204 
165 914 356 
676 850 551 
153 967 445 
206 59 950 
860 646 549 
728 126 742 
948 943 474 
535 966 303 
778 249 239 
596 558 441 
454 39 261 
171 910 36 
159 586 528 
299 694 625 
622 730 98 
157 698 267 
459 137 493 
895 297 725 
820 495 112 
301 477 298 
856 905 735 
152 240 758 
879 25 218 
496 175 323 
858 170 801 
287 872 828 
49 399 821 
31 232 678 
193 153 445 
827 779 80 
198 396 971 
36 716 219 
537 877 908 
975 984 173 
522 258 133 
236 440 690 
529 975 389 
783 382 532 
712 480 711 
85 899 2 
847 622 861 
414 563 501 
704 373 516 
253 977 906 
741 302 5 
869 691 772 
472 488 914 
970 193 471 
220 12 226 
545 508 654 
924 949 321 
173 143 395 
374 887 22 
473 366 201 
633 894 525 
997 260 78 
929 518 661 
99 783 170 
195 196 122 
570 778 37 
279 601 730 
698 124 503 
319 265 511 
681 380 283 
850 694 153 
63 51 600 
379 676 234 
741 546 704 
420 50 950 
377 21 683 
2 847 26 
689 235 69 
532 120 874 
986 201 356 
373 168 708 
352 972 545 
101 34 406 
320 947 198 
708 83 629 
710 917 955 
296 523 753 
397 178 826 
218 345 398 
950 764 68 
537 349 373 
524 673 130 
454 583 405 
151 546 288 
134 109 302 
824 981 122 
598 405 719 
645 153 857 
243 728 442 
186 821 954 
256 753 570 
497 183 9 
963 937 5 
439 399 939 
721 592 785 
709 549 835 
329 802 420 
707 550 462 
446 889 817 
599 297 997 
669 123 946 
670 106 291 
673 942 864 
297 738 547 
425 827 976 
523 704 59 
732 407 629 
634 203 906 
274 25 21 
391 728 932 
578 757 842 
99 311 816 
251 14 358 
300 836 533 
852 832 381 
89 987 757 
413 131 928 
642 677 894 
615 382 206 
355 98 952 
531 26 425 
494 145 47 
475 937 666 
345 890 841 
185 466 29 
402 1 819 
878 771 822 
800 932 886 
156 355 740 
249 966 320 
256 593 439 
756 177 869 
789 475 937 
606 51 773 
921 121 685 
516 361 677 
222 236 926 
984 950 583 
693 665 712 
124 398 529 
231 355 796 
36 600 880 
736 213 154 
866 221 747 
202 255 335 
438 267 614 
901 85 259 
800 29 160 
713 51 294 
733 811 157 
745 146 476 
498 753 981 
329 289 249 
867 292 273 
60 443 954 
276 208 119 
976 45 780 
838 99 539 
129 832 124 
754 500 680 
690 730 401 
935 409 662 
171 794 64 
228 952 730 
984 196 106 
556 529 430 
728 933 279 
980 315 628 
881 713 516 
388 378 278 
555 484 200 
711 914 892 
802 662 736 
62 839 795 
337 703 833 
294 346 377 
633 651 491 
806 284 185 
566 811 714 
695 315 70 
991 707 726 
438 275 497 
400 78 252 
636 881 165 
323 188 64 
693 916 980 
273 573 502 
262 813 198 
443 174 936 
102 658 944 
691 108 248 
110 217 674 
405 506 631 
112 42 629 
637 546 784 
521 609 32 
171 841 770 
342 814 659 
530 583 384 
7 285 763 
853 383 686 
994 807 939 
233 588 275 
232 947 566 
584 652 405 
275 721 24 
712 717 644 
186 810 790 
659 7 238 
912 120 609 
378 996 926 
42 738 891 
626 54 186 
95 464 662 
40 117 314 
470 888 434 
860 68 97 
95 226 587 
741 826 970 
852 429 506 
86 536 491 
783 378 981 
705 659 925 
714 575 561 
770 384 546 
129 925 815 
832 508 323 
554 48 322 
82 136 453 
334 191 632 
940 835 855 
624 355 390 
597 426 801 
135 690 28 
253 613 667 
178 398 292 
124 562 977 
62 762 668 
609 43 39 
292 313 798 
454 405 717 
135 382 380 
911 94 315 
774 573 490 
247 887 175 
502 264 400 
870 221 660 
452 480 834 
79 999 640 
414 309 556 
963 974 3 
873 605 712 
279 201 154 
803 880 870 
432 849 991 
304 609 778 
397 575 263 
869 111 657 
176 61 925 
80 145 238 
120 83 431 
250 713 399 
561 829 214 
90 736 777 
727 909 888 
575 135 179 
353 499 46 
409 406 786 
891 4 326 
395 319 170 
105 95 141 
958 170 702 
973 260 475 
71 391 556 
903 900 669 
30 488 984 
690 171 456 
582 710 852 
197 79 827 
50 310 287 
994 345 986 
45 942 521 
912 302 603 
178 488 364 
455 787 344 
456 918 423 
300 449 796 
62 741 983 
458 219 793 
801 732 287 
339 607 146 
897 297 157 
370 408 828 
709 134 695 
741 8 585 
339 930 104 
797 172 455 
501 177 101 
42 250 62 
122 255 571 
776 478 66 
494 858 558 
282 371 762 
590 618 569 
428 509 428 
814 498 879 
111 954 432 
615 935 625 
773 911 75 
323 438 414 
649 154 389 
260 78 687 
751 333 658 
186 100 367 
71 92 111 
546 763 754 
396 444 795 
240 9 454 
471 528 429 
478 149 702 
246 985 565 
977 663 573 
883 80 246 
448 619 982 
579 529 919 
443 132 769 
900 281 293 
861 899 752 
837 659 283 
438 292 423 
491 215 961 
473 485 604 
576 412 966 
515 640 621 
227 219 755 
54 445 411 
414 110 645 
990 408 631 
826 212 328 
540 527 192 
567 997 610 
41 348 984 
111 152 846 
766 795 109 
572 327 780 
806 601 875 
926 230 403 
870 472 605 
938 974 757 
409 254 852 
743 217 385 
181 438 746 
755 508 949 
304 772 758 
605 987 821 
610 627 923 
351 403 5 
105 765 283 
331 179 774 
573 32 172 
802 415 311 
310 678 571 
210 676 218 
216 965 977 
471 682 785 
423 70 730 
133 437 860 
947 239 360 
97 619 592 
332 480 713 
230 959 145 
594 91 194 
466 658 554 
205 220 97 
274 526 809 
347 570 758 
444 700 500 
832 977 247 
703 46 267 
737 949 874 
404 942 459 
782 103 55 
887 337 497 
551 131 39 
542 609 7 
11 856 512 
453 772 755 
306 926 249 
908 362 10 
297 223 880 
813 827 623 
424 581 503 
784 508 95 
792 768 254 
649 727 20 
893 986 653 
312 83 310 
68 526 138 
550 403 888 
161 964 20 
440 823 843 
59 908 282 
933 101 151 
771 415 994 
466 458 391 
937 842 594 
38 879 635 
881 16 924 
787 335 791 
138 369 864 
807 578 427 
407 93 429 
119 576 873 
676 977 714 
155 532 260 
768 106 577 
124 939 238 
790 455 758 
655 311 172 
637 671 915 
459 410 410 
393 628 277 
926 685 196 
624 885 719 
482 172 895 
337 824 676 
293 635 373 
972 856 45 
375 101 864 
216 910 976 
625 409 643 
900 503 299 
567 822 906 
792 240 188 
372 468 190 
606 151 382 
492 321 93 
915 514 153 
343 225 176 
51 950 733 
708 844 64 
161 812 673 
98 237 560 
189 701 545 
414 480 267 
877 289 218 
232 150 196 
60 149 493 
999 814 607 
964 244 155 
966 72 932 
22 858 38 
691 871 16 
516 962 573 
714 861 347 
330 557 567 
798 406 908 
429 642 297 
442 12 872 
816 220 213 
457 386 444 
126 32 728 
778 581 642 
520 829 770 
226 285 383 
223 721 396 
911 318 482 
300 984 304 
972 755 615 
166 808 634 
442 205 403 
540 195 547 
397 24 460 
384 911 48 
676 372 196 
206 199 635 
238 666 940 
255 145 418 
160 930 701 
439 625 789 
701 775 813 
322 476 53 
128 651 31 
689 515 254 
261 197 202 
238 268 373 
46 846 525 
297 617 636 
799 995 313 
215 553 384 
123 719 273 
333 281 960 
250 608 198 
266 890 815 
141 280 457 
888 842 267 
141 23 912 
19 547 437 
498 561 568 
3 549 636 
173 915 162 
854 833 271 
362 930 248 
289 713 516 
697 710 893 
621 958 392 
400 593 676 
806 969 271 
610 634 282 
356 279 447 
906 732 316 
284 394 759 
984 442 244 
636 290 46 
255 789 121 
163 479 622 
232 719 330 
107 637 240 
29 821 800 
931 829 512 
273 817 58 
20 442 703 
182 862 84 
152 995 203 
653 233 649 
808 374 888 
719 409 859 
90 481 908 
60 800 608 
249 137 253 
216 297 10 
351 451 471 
676 871 506 
911 935 535 
699 658 796 
639 918 75 
228 819 649 
873 28 45 
972 106 45 
826 831 16 
807 532 7 
642 541 500 
183 946 108 
9 891 438 
878 281 824 
13 907 771 
215 408 103 
223 777 67 
526 563 221 
815 819 610 
124 437 240 
603 453 641 
80 276 388 
120 584 104 
69 183 893 
348 518 529 
607 274 155 
325 570 888 
963 242 701 
297 808 400 
635 829 276 
925 191 15 
206 656 133 
91 660 845 
420 538 315 
413 783 635 
305 746 818 
72 68 348 
930 562 691 
515 285 50 
338 801 529 
438 115 443 
673 547 423 
708 89 301 
797 358 362 
920 225 22 
41 674 542 
346 266 232 
702 322 851 
866 189 305 
539 315 526 
678 81 40 
957 355 896 
237 732 289 
960 598 233 
622 728 497 
701 109 311 
422 271 440 
27 911 454 
491 137 218 
477 160 538 
872 465 771 
406 777 31 
658 58 982 
312 507 981 
923 86 930 
425 279 648 
989 533 705 
361 501 647 
609 439 395 
503 776 264 
357 206 981 
831 484 21 
740 259 899 
195 437 176 
790 318 943 
727 117 210 
575 320 99 
927 705 465 
367 84 969 
694 422 778 
791 824 475 
788 341 491 
925 50 798 
782 483 765 
588 95 438 
29 926 647 
795 590 68 
17 859 712 
697 721 17 
261 836 271 
936 222 331 
674 567 231 
756 945 450 
25 353 725 
253 718 864 
322 791 735 
236 284 665 
441 531 351 
490 670 461 
638 760 927 
446 813 653 
623 312 930 
780 659 344 
814 382 494 
866 218 925 
337 156 68 
613 543 349 
777 970 623 
32 892 658 
139 489 661 
967 653 282 
269 241 288 
650 109 742 
940 611 270 
887 924 254 
99 40 402 
846 370 371 
731 957 858 
147 532 943 
607 40 43 
265 264 451 
723 125 842 
631 983 133 
965 994 751 
82 756 943 
768 400 322 
762 246 927 
768 31 981 
889 155 207 
77 387 610 
935 580 994 
445 447 701 
947 376 796 
166 190 15 
771 255 680 
652 547 62 
900 813 605 
528 238 16 
867 786 468 
88 426 997 
320 249 205 
760 878 918 
479 872 111 
981 829 66 
600 616 654 
592 474 636 
887 778 270 
158 255 92 
445 617 428 
534 745 476 
713 961 980 
385 389 620 
891 289 704 
22 774 786 
948 351 991 
962 806 263 
660 925 224 
344 923 555 
364 247 785 
261 943 332 
950 445 815 
4 89 581 
610 100 460 
408 909 326 
123 133 870 
984 223 835 
783 559 425 
470 208 43 
125 894 439 
532 549 376 
334 706 790 
574 193 802 
844 386 906 
772 349 705 
403 801 988 
114 823 850 
76 133 878 
836 646 592 
556 768 322 
341 364 799 
630 311 982 
786 750 459 
42 63 416 
340 503 591 
922 927 965 
525 763 781 
147 337 362 
158 86 650 
55 410 343 
987 972 922 
712 300 280 
318 387 673 
296 224 206 
735 362 310 
358 907 487 
461 223 125 
228 600 302 
449 934 512 
612 270 703 
950 639 247 
33 443 222 
160 446 752 
984 827 138 
274 890 111 
422 317 348 
138 729 465 
910 77 220 
394 828 934 
283 921 291 
699 491 320 
423 378 677 
59 947 669 
637 794 163 
499 927 923 
385 154 407 
276 771 600 
867 694 485 
178 599 461 
881 123 684 
851 959 189 
935 949 714 
558 762 990 
153 434 289 
439 431 846 
179 992 640 
373 538 823 
512 171 313 
791 121 574 
73 541 832 
661 415 868 
221 913 518 
96 582 920 
309 783 319 
352 253 532 
79 912 586 
741 858 266 
627 932 751 
333 591 42 
741 864 797 
911 519 72 
736 735 793 
954 117 382 
653 204 611 
124 327 29 
438 140 57 
701 376 174 
291 319 189 
788 35 364 
809 578 142 
505 520 366 
776 680 833 
431 669 796 
952 67 676 
573 935 24 
125 668 976 
492 687 641 
641 519 640 
216 813 822 
18 9 211 
291 574 415 
869 695 216 
312 183 258 
167 739 242 
330 711 321 
388 79 885 
929 78 847 
838 503 658 
245 421 303 
270 339 87 
195 649 961 
468 541 297 
278 532 62 
983 515 475 
388 112 79 
483 730 24 
813 492 33 
829 930 699 
828 302 786 
644 170 662 
666 365 981 
8 32 553 
543 872 286 
150 180 532 
734 332 770 
494 815 658 
477 527 510 
366 527 73 
0 296 620 
88 571 875 
340 63 541 
906 842 307 
604 187 513 
206 548 475 
215 394 247 
742 305 615 
726 936 301 
67 598 77 
599 69 430 
570 731 846 
645 190 561 
557 608 64 
799 774 777 
614 928 510 
531 311 154 
973 841 166 
573 152 783 
883 456 746 
337 544 589 
358 623 653 
813 900 698 
568 974 181 
336 196 328 
525 859 293 
991 325 472 
982 347 289 
402 39 339 
780 423 342 
72 622 483 
248 918 800 
88 236 365 
348 703 485 
462 675 264 
650 360 156 
686 596 83 
910 734 875 
484 987 101 
773 446 393 
577 413 66 
557 664 27 
509 950 965 
261 704 211 
841 290 589 
19 869 783 
477 240 174 
792 78 830 
905 204 658 
301 870 29 
139 248 290 
603 906 938 
548 605 462 
77 777 227 
378 318 490 
722 832 776 
443 157 129 
379 23 636 
126 497 479 
20 184 389 
609 987 716 
424 37 597 
915 809 443 
336 742 864 
568 289 686 
592 56 978 
281 815 253 
528 297 227 
429 140 406 
794 138 686 
444 374 194 
313 983 155 
815 552 387 
238 673 283 
704 997 503 
277 466 901 
669 917 830 
835 479 662 
809 59 300 
229 475 126 
534 0 192 
460 221 894 
199 406 507 
190 340 846 
810 967 640 
541 90 25 
976 657 559 
703 459 274 
951 874 108 
255 296 587 
520 249 8 
20 649 355 
30 419 529 
276 206 300 
387 164 739 
114 162 807 
388 210 885 
456 112 645 
890 773 374 
463 447 43 
