805 789 531 
289 212 341 
340 69 317 
337 944 295 
664 357 239 
87 602 175 
37 168 511 
288 461 552 
801 264 961 
389 230 381 
996 437 639 
816 278 666 
389 76 62 
872 815 411 
983 829 846 
759 593 180 
825 306 840 
365 444 931 
346 44 331 
726 217 357 
525 238 688 
113 772 617 
979 552 944 
680 151 675 
995 570 792 
988 919 340 
137 941 444 
23 150 897 
30 605 286 
203 434 953 
708 97 217 
467 965 460 
278 989 404 
55 993 454 
256 482 430 
600 991 514 
935 647 100 
606 326 640 
619 984 207 
683 510 118 
946 255 296 
373 22 97 
526 897 833 
305 86 931 
844 401 719 
656 355 114 
120 681 835 
996 524 924 
83 82 587 
367 669 600 
645 60 222 
835 447 485 
465 587 527 
357 642 223 
836 497 21 
573 903 209 
447 76 494 
119 845 984 
623 43 185 
417 546 960 
3 385 255 
535 131 80 
246 830 652 
406 45 876 
668 460 388 
196 209 63 
740 923 78 
130 878 207 
962 334 569 
735 57 193 
299 913 836 
857 496 508 
308 803 720 
474 916 541 
283 617 996 
436 400 943 
586 450 307 
640 435 271 
740 182 279 
483 756 315 
50 918 387 
869 990 900 
477 942 966 
680 835 775 
750 84 717 
913 678 514 
125 368 605 
715 663 453 
122 857 212 
174 206 202 
158 676 85 
100 854 280 
924 535 385 
370 204 164 
745 824 308 
880 335 736 
61 476 15 
938 214 325 
428 653 992 
123 154 421 
956 200 682 
829 121 134 
280 166 138 
525 208 212 
283 129 903 
233 27 300 
110 241 69 
397 577 634 
650 364 566 
37 849 280 
921 181 398 
519 492 379 
648 642 676 
388 627 843 
335 824 638 
404 1 991 
232 549 677 
41 852 536 
361 858 251 
893 794 865 
160 421 718 
292 518 454 
169 522 942 
354 127 364 
997 148 153 
817 562 440 
594 228 261 
278 137 84 
675 43 1 
80 974 363 
67 469 586 
111 821 189 
490 366 588 
901 768 564 
589 196 699 
996 306 939 
91 643 976 
486 56 139 
4 485 952 
480 750 231 
632 843 341 
36 794 24 
682 692 764 
438 585 585 
881 602 546 
343 209 488 
62 228 332 
64 373 295 
851 945 860 
505 511 596 
251 130 995 
296 837 818 
108 629 145 
22 474 687 
341 786 118 
49 530 297 
627 571 450 
478 817 642 
286 317 868 
763 572 828 
939 83 614 
560 53 910 
502 981 966 
322 413 277 
30 607 659 
164 747 453 
88 814 45 
674 393 229 
239 111 430 
739 982 678 
329 41 121 
930 25 466 
944 538 868 
279 794 139 
259 855 102 
201 151 170 
219 2 209 
954 507 880 
855 71 266 
313 187 526 
924 77 837 
309 364 891 
257 61 754 
127 515 156 
108 684 687 
751 661 930 
669 736 146 
892 657 402 
329 305 801 
974 685 261 
119 96 172 
660 150 947 
609 482 122 
574 165 378 
816 138 273 
633 652 136 
758 933 810 
76 365 647 
764 168 11 
202 218 670 
220 368 111 
687 361 624 
840 657 116 
925 111 663 
735 574 990 
395 180 397 
720 953 151 
287 793 48 
760 599 669 
226 917 671 
734 877 604 
876 647 789 
742 564 501 
488 103 959 
454 550 674 
399 201 739 
2 422 829 
67 523 299 
414 345 766 
96 129 651 
83 42 465 
613 393 950 
226 736 817 
501 19 879 
817 19 721 
270 956 634 
150 312 46 
934 816 323 
502 893 653 
18 748 93 
477 215 145 
521 696 554 
390 74 574 
11 301 382 
285 416 428 
231 837 179 
576 370 520 
228 501 683 
765 934 571 
218 667 48 
941 364 978 
898 620 720 
606 298 688 
699 333 242 
678 707 367 
264 420 757 
470 938 377 
276 459 923 
819 775 687 
223 480 693 
955 439 790 
87 815 217 
374 466 663 
839 794 967 
388 442 32 
225 150 138 
926 267 175 
445 149 859 
971 35 747 
503 276 713 
248 210 913 
58 274 763 
510 750 452 
267 119 725 
729 969 895 
405 166 43 
477 828 78 
923 685 610 
983 892 397 
877 1 383 
278 811 207 
790 154 766 
206 508 405 
79 610 920 
875 186 616 
972 177 473 
654 686 936 
263 15 562 
76 604 91 
242 692 800 
178 659 705 
934 401 445 
673 822 645 
206 861 47 
149 844 390 
647 540 358 
223 504 115 
693 220 842 
206 620 304 
119 645 345 
908 486 10 
375 555 543 
482 17 914 
288 340 325 
405 882 991 
675 77 867 
545 161 325 
992 241 517 
460 647 534 
485 509 407 
424 846 713 
796 972 783 
767 859 982 
361 849 758 
455 661 184 
196 821 642 
866 280 954 
162 279 20 
236 128 508 
867 939 897 
390 800 82 
932 760 542 
957 854 752 
284 657 950 
603 92 745 
450 65 657 
820 733 131 
611 19 749 
713 785 704 
109 544 817 
123 588 592 
350 270 783 
964 447 928 
18 699 120 
151 782 387 
664 486 928 
821 62 454 
702 19 576 
761 975 270 
369 9 37 
557 102 263 
41 623 318 
88 364 57 
524 826 110 
92 626 84 
301 277 763 
91 682 888 
93 873 635 
791 562 431 
977 291 138 
28 943 574 
142 694 478 
783 835 580 
622 108 96 
158 661 286 
22 52 773 
358 828 348 
326 158 60 
183 176 330 
574 299 306 
740 382 779 
940 471 484 
345 29 108 
345 366 498 
776 889 137 
884 911 361 
755 645 705 
469 828 790 
402 910 318 
776 488 447 
278 13 405 
123 987 410 
644 725 687 
252 489 828 
26 987 369 
56 502 639 
897 757 94 
574 738 971 
215 0 729 
519 856 263 
773 386 126 
126 346 924 
576 292 738 
621 546 589 
219 24 340 
846 804 396 
354 379 689 
496 983 806 
413 538 970 
630 319 612 
195 666 518 
11 535 416 
782 325 206 
919 756 807 
718 245 782 
497 617 462 
195 31 97 
738 618 124 
547 985 23 
229 801 373 
544 655 674 
764 278 726 
28 545 6 
955 634 390 
175 64 168 
936 942 476 
411 775 708 
278 614 217 
866 143 566 
2 3 369 
879 697 663 
982 752 658 
417 710 522 
571 846 944 
350 302 325 
132 603 586 
726 755 167 
662 907 804 
853 731 827 
684 413 421 
885 809 809 
926 314 995 
739 839 35 
120 628 532 
562 858 975 
130 300 718 
348 607 947 
620 881 198 
490 150 123 
862 290 304 
594 695 962 
74 930 184 
811 548 510 
743 969 967 
919 214 829 
812 706 446 
959 171 591 
771 377 770 
869 612 887 
192 316 253 
147 597 730 
123 797 672 
543 587 303 
292 412 271 
782 856 806 
886 804 34 
921 199 219 
935 631 314 
404 321 504 
3 229 486 
899 355 857 
689 82 29 
98 383 763 
890 441 719 
771 802 998 
399 398 744 
147 800 553 
768 442 317 
153 95 640 
573 108 751 
57 91 908 
806 434 542 
620 90 381 
842 131 275 
87 418 798 
813 46 783 
194 608 254 
106 799 606 
411 394 384 
64 528 683 
174 453 70 
515 988 16 
192 978 654 
341 347 46 
75 809 107 
15 753 523 
369 485 111 
930 152 125 
869 780 687 
282 96 55 
329 806 147 
672 184 660 
263 639 80 
792 530 467 
455 614 661 
471 578 692 
512 32 491 
21 472 106 
663 691 513 
102 731 784 
142 434 215 
961 301 501 
579 176 904 
949 646 116 
358 583 509 
567 856 322 
8 380 679 
473 136 731 
554 395 573 
282 221 681 
188 817 478 
955 502 850 
65 63 939 
660 700 695 
357 11 396 
246 442 509 
174 934 849 
771 50 17 
581 586 281 
499 671 373 
135 184 85 
153 907 455 
473 444 380 
770 965 779 
502 569 970 
687 818 954 
344 83 139 
856 32 237 
437 253 429 
454 528 796 
792 768 706 
400 507 939 
242 426 157 
292 736 859 
684 586 675 
959 249 742 
955 530 461 
782 28 746 
442 38 380 
48 676 685 
635 836 134 
295 761 284 
361 356 14 
880 582 484 
131 637 317 
893 886 341 
86 555 226 
743 485 970 
877 193 59 
683 35 390 
775 721 119 
485 523 894 
850 768 899 
119 660 861 
40 689 767 
125 290 647 
788 230 677 
33 541 64 
754 666 425 
200 615 262 
430 588 353 
814 832 332 
308 426 464 
57 757 994 
848 485 239 
200 250 630 
937 725 632 
720 281 247 
671 246 946 
899 861 61 
177 309 601 
205 102 122 
897 213 501 
982 190 330 
563 38 741 
220 702 452 
415 677 158 
19 703 54 
800 510 227 
319 241 57 
132 83 526 
331 264 430 
618 119 279 
412 946 862 
618 640 306 
978 647 805 
298 393 481 
796 707 588 
757 67 44 
67 543 78 
273 215 19 
573 106 924 
255 698 354 
417 69 213 
686 702 647 
694 565 544 
547 822 591 
787 294 674 
214 701 389 
852 9 763 
334 200 640 
818 645 625 
9 620 690 
750 577 774 
520 364 6 
266 201 464 
729 941 580 
673 801 366 
785 280 650 
458 59 526 
493 121 564 
160 169 574 
863 689 591 
904 526 884 
851 496 91 
189 782 94 
220 163 144 
340 431 35 
291 807 581 
588 347 894 
100 91 818 
304 853 659 
984 406 92 
10 471 906 
613 539 356 
171 651 667 
634 110 827 
394 72 91 
544 721 427 
17 472 106 
118 558 972 
648 501 190 
493 316 226 
735 313 721 
54 32 212 
44 785 836 
411 812 613 
439 892 618 
813 419 530 
301 83 543 
437 509 398 
325 502 289 
730 727 79 
167 26 645 
401 512 952 
261 759 430 
893 719 760 
66 284 828 
818 662 97 
979 2 796 
104 535 424 
929 479 745 
430 154 429 
589 33 729 
324 435 969 
380 113 29 
219 402 461 
704 549 890 
524 689 857 
675 546 813 
763 530 949 
284 677 987 
246 212 882 
655 489 886 
862 213 868 
822 196 409 
853 84 618 
950 851 610 
631 777 934 
930 877 179 
387 590 554 
643 936 267 
288 350 886 
970 547 83 
827 508 130 
16 479 2 
463 810 703 
270 594 493 
557 434 962 
745 521 571 
890 629 0 
17 266 66 
723 414 892 
870 35 352 
687 220 831 
533 762 301 
552 290 438 
61 756 288 
285 876 822 
388 897 383 
31 689 628 
298 614 931 
711 733 691 
939 815 544 
81 842 602 
324 705 452 
288 856 179 
347 148 997 
472 437 832 
206 603 747 
56 495 150 
550 696 849 
232 808 511 
559 268 924 
428 216 197 
972 919 649 
613 621 65 
158 213 793 
29 597 982 
984 872 16 
663 244 620 
461 472 80 
8 651 66 
299 236 883 
145 343 591 
993 290 153 
595 349 646 
652 745 890 
1 463 326 
435 28 55 
95 493 654 
858 417 557 
569 50 513 
246 441 193 
858 38 391 
727 381 407 
332 934 490 
605 793 574 
236 377 139 
890 99 865 
700 957 939 
681 684 522 
626 114 839 
880 791 29 
847 46 734 
557 154 448 
248 990 255 
430 359 510 
362 734 270 
878 471 885 
823 364 211 
31 447 233 
702 968 812 
866 196 886 
342 493 755 
702 611 322 
910 639 101 
187 168 110 
902 330 517 
599 700 741 
754 349 783 
888 541 175 
318 296 351 
968 554 367 
445 896 755 
457 526 612 
934 602 415 
198 720 850 
954 826 692 
598 933 655 
808 771 863 
70 630 153 
869 955 430 
307 419 309 
833 551 606 
723 912 910 
261 508 634 
25 680 979 
373 901 321 
718 268 589 
88 193 999 
339 850 860 
217 699 889 
30 74 100 
406 571 68 
172 451 537 
970 839 453 
876 700 787 
415 393 120 
939 458 549 
243 21 72 
794 501 642 
472 978 59 
818 843 219 
837 394 445 
344 671 219 
407 272 486 
616 562 14 
288 268 894 
268 93 405 
968 972 925 
617 577 980 
335 419 451 
541 905 674 
320 136 853 
527 43 238 
736 328 727 
459 606 910 
998 14 721 
303 425 832 
985 705 119 
982 765 188 
705 468 167 
283 402 920 
454 583 27 
801 221 223 
364 290 401 
807 559 686 
359 188 623 
921 868 626 
878 353 214 
482 483 136 
919 996 810 
631 27 269 
110 776 479 
428 770 584 
617 726 797 
807 654 668 
747 718 230 
63 280 915 
516 480 167 
556 25 189 
665 478 929 
211 658 440 
85 717 205 
729 279 407 
479 435 21 
489 353 658 
460 155 423 
821 789 338 
565 456 421 
772 273 987 
951 581 996 
355 156 775 
315 51 227 
7 354 663 
3 682 503 
668 924 884 
652 655 262 
448 86 889 
898 9 339 
675 949 219 
328 164 386 
983 152 116 
406 2 57 
964 407 513 
841 77 654 
890 950 393 
660 282 90 
433 873 215 
365 100 311 
449 581 617 
957 730 8 
74 312 702 
498 285 355 
121 18 248 
23 292 158 
607 205 740 
991 317 376 
455 352 21 
793 411 728 
100 634 653 
287 430 299 
75 812 641 
571 751 941 
265 750 616 
544 873 13 
174 550 411 
508 570 872 
428 852 528 
585 495 505 
210 819 476 
846 322 5 
109 83 451 
594 69 313 
660 221 989 
20 667 784 
749 863 170 
164 251 846 
65 467 947 
484 360 33 
251 501 654 
41 865 878 
59 652 27 
601 918 28 
387 692 772 
766 517 760 
822 502 694 
800 629 341 
860 696 645 
365 316 460 
891 149 732 
394 316 119 
893 248 588 
599 236 151 
248 279 109 
442 152 221 
804 631 580 
526 410 835 
370 675 297 
181 994 329 
61 640 454 
120 942 52 
808 961 397 
255 554 762 
91 348 541 
254 625 461 
694 597 719 
781 507 795 
557 710 150 
572 639 977 
803 101 736 
685 396 158 
119 6 647 
443 886 478 
984 610 949 
962 192 519 
234 107 490 
338 762 973 
846 914 601 
620 980 403 
258 913 542 
115 283 997 
82 611 664 
165 139 793 
275 843 283 
449 53 901 
743 220 964 
910 439 177 
792 243 184 
63 595 201 
256 325 429 
17 13 376 
233 101 499 
204 120 924 
808 710 168 
33 590 766 
864 730 372 
306 987 756 
489 845 870 
668 102 782 
776 944 855 
941 701 724 
774 784 783 
129 187 268 
929 232 548 
567 113 68 
21 778 506 
669 221 884 
219 264 237 
58 936 251 
573 394 571 
39 220 919 
310 423 987 
263 383 965 
535 215 296 
276 306 456 
698 640 573 
515 191 81 
412 168 817 
262 734 284 
713 573 751 
193 543 361 
883 975 931 
45 602 864 
479 629 635 
425 785 789 
854 317 272 
496 257 460 
58 146 310 
488 503 481 
304 672 158 
78 873 853 
802 2 89 
641 665 923 
797 800 409 
782 617 247 
767 310 35 
857 558 810 
606 953 864 
77 311 265 
499 567 344 
705 315 137 
375 75 176 
822 514 994 
412 173 273 
211 995 298 
439 596 207 
900 559 258 
599 257 239 
462 804 758 
923 919 576 
955 705 779 
179 387 877 
102 667 201 
17 798 535 
341 698 917 
992 134 553 
429 997 698 
748 722 729 
65 433 424 
59 688 790 
918 66 897 
304 154 859 
671 559 412 
329 687 138 
327 807 106 
292 385 636 
263 26 812 
276 509 7 
645 495 606 
823 250 713 
184 652 233 
53 229 608 
123 966 258 
768 927 652 
492 865 19 
751 246 682 
205 356 727 
382 815 545 
