909 947 725 
619 938 654 
350 245 776 
772 651 165 
907 399 829 
41 163 123 
970 930 926 
34 906 856 
770 89 882 
166 656 167 
981 306 4 
250 338 147 
241 589 945 
583 817 26 
383 552 610 
8 746 91 
645 345 54 
725 503 899 
565 785 706 
497 45 146 
22 317 739 
322 953 124 
413 613 662 
246 925 325 
985 80 690 
234 505 912 
721 374 118 
92 528 818 
689 640 667 
880 611 178 
816 895 398 
859 740 364 
607 541 736 
188 421 67 
919 522 996 
34 934 950 
522 410 414 
957 82 56 
814 927 7 
300 480 825 
952 265 270 
15 658 150 
166 382 971 
257 457 683 
266 515 193 
324 725 20 
688 305 738 
939 814 677 
79 113 234 
111 477 139 
753 424 614 
579 605 256 
679 458 772 
858 929 228 
978 504 258 
39 673 684 
152 625 164 
925 310 166 
227 346 575 
483 313 854 
942 754 369 
936 440 786 
975 853 498 
433 955 756 
452 609 983 
6 223 277 
634 441 258 
647 214 848 
184 767 59 
232 542 90 
390 112 352 
44 653 982 
923 507 73 
66 453 770 
342 186 593 
406 230 402 
374 721 609 
493 255 304 
105 964 373 
651 658 130 
137 129 583 
410 278 262 
679 469 450 
90 951 396 
29 622 1 
198 771 885 
593 622 948 
717 488 885 
122 674 810 
343 762 693 
2 524 827 
726 542 918 
556 259 701 
626 810 923 
764 173 807 
459 64 196 
30 868 349 
712 595 360 
965 644 72 
399 53 836 
121 146 705 
580 217 203 
952 570 758 
927 690 113 
551 233 766 
707 461 677 
207 946 703 
557 174 235 
688 939 876 
631 964 268 
886 631 496 
37 499 924 
670 501 841 
801 840 615 
123 701 836 
962 143 744 
397 342 419 
314 394 414 
96 578 8 
292 695 682 
707 253 488 
149 777 595 
554 321 687 
41 684 807 
510 662 346 
459 621 417 
420 970 202 
765 752 80 
202 809 95 
852 525 359 
716 280 368 
934 793 288 
722 479 772 
318 24 545 
143 896 828 
801 373 727 
215 521 520 
44 495 779 
176 945 844 
723 134 266 
109 743 838 
950 696 979 
35 78 862 
813 956 248 
212 202 772 
944 694 563 
775 836 566 
87 561 619 
10 102 665 
673 84 984 
954 761 786 
376 98 696 
222 600 835 
153 672 898 
310 203 527 
192 664 115 
232 424 5 
271 341 216 
673 545 542 
34 430 196 
988 436 887 
174 986 238 
50 753 367 
177 92 47 
470 665 767 
10 711 310 
639 110 990 
789 186 924 
808 238 429 
651 358 242 
979 613 627 
706 840 587 
927 183 836 
390 422 857 
172 828 267 
646 450 314 
781 274 788 
196 980 525 
426 438 789 
382 241 470 
312 306 796 
449 995 200 
955 878 583 
756 564 427 
704 214 141 
858 466 910 
99 47 551 
271 924 713 
774 469 617 
706 237 36 
952 589 111 
270 726 691 
440 505 314 
202 605 131 
372 283 656 
930 764 486 
409 453 95 
780 993 856 
899 249 256 
352 460 100 
662 268 280 
788 703 563 
628 849 855 
688 498 267 
116 847 650 
323 939 11 
789 261 403 
149 736 6 
894 747 957 
272 318 699 
550 799 116 
2 459 615 
707 445 259 
492 883 755 
430 550 10 
197 745 263 
637 795 987 
794 12 869 
828 225 427 
290 422 283 
564 512 411 
912 18 209 
726 930 73 
287 142 115 
673 708 772 
53 866 664 
885 466 1 
959 195 24 
480 790 111 
200 651 794 
657 220 607 
326 0 43 
613 55 892 
58 668 805 
832 360 813 
480 902 790 
840 580 723 
121 411 619 
457 133 115 
54 51 560 
227 296 771 
521 833 166 
208 539 144 
591 235 554 
504 940 288 
88 754 691 
449 84 7 
966 550 600 
409 123 57 
741 641 280 
190 141 414 
406 888 613 
303 830 191 
301 480 516 
757 709 897 
927 695 110 
773 825 57 
483 917 346 
194 938 772 
651 119 514 
734 345 379 
450 985 377 
220 100 710 
298 641 620 
49 251 7 
841 259 186 
523 535 65 
390 570 383 
229 154 772 
668 306 983 
94 658 62 
84 335 636 
832 189 891 
994 688 173 
475 822 814 
497 509 425 
418 826 791 
471 971 270 
415 372 43 
844 878 897 
687 243 652 
919 509 270 
493 631 150 
725 728 619 
434 491 632 
285 675 272 
859 738 626 
130 151 762 
502 245 685 
990 907 268 
342 854 294 
514 619 663 
663 850 361 
390 63 271 
752 988 561 
497 236 269 
205 149 676 
566 855 719 
784 83 238 
983 416 746 
681 533 896 
439 236 914 
327 277 24 
884 471 606 
656 926 279 
311 15 674 
51 235 456 
500 277 19 
205 764 861 
886 473 87 
44 715 673 
843 38 720 
820 701 198 
589 236 913 
107 626 37 
805 368 42 
298 563 522 
203 567 345 
314 291 232 
862 530 593 
833 915 933 
580 335 515 
246 548 515 
792 538 803 
983 964 58 
440 217 218 
537 120 980 
423 700 793 
110 863 207 
460 517 32 
4 334 394 
93 206 260 
471 624 668 
120 596 904 
584 76 669 
882 791 514 
24 807 36 
437 875 330 
293 640 626 
508 711 305 
94 190 926 
242 681 570 
524 836 765 
239 850 895 
100 911 588 
35 298 166 
175 868 535 
433 710 582 
562 825 418 
213 23 131 
688 326 464 
749 196 992 
97 366 51 
449 765 59 
862 926 759 
82 18 699 
899 669 452 
315 74 372 
939 261 804 
47 766 59 
520 655 428 
32 719 224 
314 189 895 
38 662 424 
891 864 315 
137 480 469 
694 994 146 
801 820 27 
900 140 622 
544 439 960 
477 679 458 
230 760 769 
175 491 885 
117 743 308 
163 179 603 
75 189 12 
163 340 683 
659 420 953 
667 640 354 
101 325 241 
686 769 427 
437 352 754 
951 591 69 
235 695 163 
547 468 220 
384 778 839 
745 586 933 
602 542 459 
582 414 243 
389 743 995 
218 814 396 
590 869 25 
871 648 631 
141 643 748 
959 20 458 
428 478 410 
58 105 938 
496 722 381 
667 84 10 
630 170 7 
576 138 650 
546 615 682 
78 22 130 
996 378 95 
527 977 366 
316 710 343 
573 861 360 
980 628 737 
197 176 173 
947 421 733 
667 961 352 
414 48 57 
834 513 931 
136 894 578 
109 161 275 
574 602 854 
836 841 436 
701 760 444 
995 314 170 
878 706 837 
356 158 507 
736 700 66 
746 88 857 
327 910 301 
334 982 948 
95 20 79 
950 399 351 
477 505 271 
15 630 580 
415 518 725 
420 757 625 
69 804 696 
904 100 602 
969 951 81 
397 447 527 
436 186 110 
471 273 78 
714 579 897 
102 438 575 
637 402 827 
229 695 728 
407 306 231 
476 636 239 
422 85 202 
130 459 963 
899 733 56 
85 760 238 
904 567 93 
958 407 840 
749 54 270 
297 67 442 
17 849 479 
409 503 294 
922 349 541 
967 590 141 
680 909 276 
594 829 703 
523 999 230 
948 954 233 
260 490 314 
902 420 518 
915 546 839 
901 482 380 
489 847 659 
135 822 11 
425 812 852 
141 719 885 
73 869 498 
629 410 393 
709 499 572 
874 32 764 
795 180 846 
392 581 790 
618 453 402 
42 518 920 
771 983 767 
291 115 481 
88 112 550 
754 505 339 
765 194 515 
357 315 866 
907 877 576 
343 577 385 
455 465 661 
138 781 35 
469 189 1 
349 644 342 
923 548 18 
320 322 900 
900 383 533 
188 992 278 
173 127 952 
195 598 459 
672 280 89 
450 173 782 
79 886 229 
602 924 194 
533 297 869 
595 10 216 
183 477 599 
995 382 506 
368 79 710 
597 633 796 
762 453 39 
746 951 253 
968 572 747 
344 625 226 
656 697 812 
248 311 865 
668 620 594 
538 951 317 
587 144 998 
719 290 8 
268 611 727 
0 489 914 
652 301 434 
258 894 356 
366 402 824 
304 799 303 
420 490 971 
409 511 391 
983 608 856 
931 311 392 
293 923 436 
899 129 960 
466 821 518 
695 925 891 
795 414 624 
173 714 513 
161 787 137 
266 108 371 
690 647 738 
680 105 886 
422 342 802 
683 453 690 
141 898 207 
135 383 895 
438 883 622 
570 482 296 
832 65 206 
38 265 726 
283 613 191 
952 750 736 
67 277 233 
934 887 636 
275 267 382 
864 420 939 
789 873 642 
790 268 341 
849 518 408 
340 794 381 
0 977 731 
476 130 12 
839 854 722 
196 897 484 
334 218 346 
329 345 104 
677 693 274 
961 244 111 
848 170 65 
436 548 910 
938 468 363 
951 65 643 
503 312 343 
853 97 0 
853 411 349 
24 935 18 
169 486 989 
954 419 938 
719 468 599 
597 901 565 
906 954 672 
143 709 309 
473 223 257 
608 203 345 
244 732 903 
335 758 676 
709 905 819 
204 265 918 
172 41 913 
384 100 987 
34 158 76 
13 506 315 
795 750 302 
675 734 215 
304 6 288 
132 44 549 
54 728 799 
146 666 400 
653 316 977 
98 166 263 
891 383 668 
658 319 123 
491 546 568 
446 149 484 
592 434 73 
952 296 684 
239 193 961 
376 163 544 
122 566 300 
65 542 529 
256 861 65 
853 446 70 
311 344 335 
289 921 769 
977 254 165 
117 234 227 
872 177 101 
398 355 506 
372 537 144 
344 411 280 
759 401 469 
598 9 258 
477 965 512 
335 434 597 
465 548 336 
251 759 964 
335 339 925 
318 58 25 
416 880 759 
32 559 940 
70 157 912 
367 583 182 
960 448 980 
588 30 958 
72 784 564 
450 771 42 
923 963 20 
668 858 680 
594 997 724 
624 582 929 
379 917 360 
390 684 63 
284 849 577 
429 641 823 
876 919 118 
504 391 119 
585 605 605 
261 614 570 
124 49 808 
247 530 12 
551 32 49 
87 494 868 
457 613 439 
379 512 229 
118 89 296 
279 943 119 
997 31 372 
432 441 535 
615 297 774 
999 752 18 
88 384 180 
401 100 367 
347 334 753 
669 148 896 
650 562 431 
806 20 705 
94 323 706 
639 369 240 
419 789 101 
317 501 622 
144 299 96 
722 931 688 
969 904 948 
773 329 314 
775 756 506 
506 393 83 
486 51 937 
518 707 50 
532 289 895 
243 795 802 
436 536 202 
445 856 748 
463 969 107 
878 429 248 
710 561 581 
36 133 424 
912 140 312 
623 691 390 
132 996 824 
150 760 61 
173 517 735 
251 403 469 
2 643 388 
264 903 870 
466 873 714 
598 97 626 
942 793 808 
788 759 962 
105 237 95 
578 666 732 
724 462 407 
112 219 794 
118 94 19 
339 607 89 
656 10 294 
284 730 389 
862 3 625 
687 628 592 
504 832 157 
201 243 999 
221 622 854 
27 45 640 
667 273 280 
181 615 16 
306 864 954 
648 974 206 
330 321 274 
715 107 464 
849 67 909 
660 45 253 
121 487 382 
1 657 736 
364 769 891 
781 597 230 
58 533 507 
186 106 628 
949 498 446 
911 480 895 
127 47 962 
170 43 196 
731 316 175 
38 889 856 
650 144 918 
696 632 577 
832 940 672 
175 253 713 
675 64 728 
605 609 739 
813 433 562 
225 836 696 
61 554 485 
268 937 865 
553 712 997 
1 657 39 
822 137 470 
739 165 402 
236 626 722 
162 915 595 
569 17 379 
238 191 441 
651 26 521 
539 742 64 
705 963 156 
788 399 645 
752 916 80 
17 683 608 
781 250 12 
233 146 581 
785 487 433 
573 783 747 
330 595 715 
963 58 58 
899 284 486 
513 371 897 
234 553 175 
401 578 174 
554 39 675 
163 113 667 
791 254 440 
934 852 410 
766 626 264 
43 23 32 
867 701 22 
619 833 29 
93 770 123 
665 587 819 
672 267 144 
67 133 528 
584 858 486 
695 441 75 
423 205 619 
273 61 902 
164 460 922 
166 605 723 
480 829 892 
548 389 800 
894 775 15 
716 457 720 
821 702 283 
67 362 710 
571 506 959 
154 2 610 
19 15 685 
972 561 506 
178 943 575 
244 285 626 
422 860 550 
951 435 926 
952 668 537 
329 448 691 
760 647 288 
721 566 277 
223 627 800 
298 679 972 
710 517 619 
179 472 23 
323 961 161 
815 277 305 
999 372 426 
632 283 557 
666 860 539 
452 436 713 
417 74 231 
214 56 972 
478 831 763 
698 75 923 
426 792 451 
565 73 246 
241 600 679 
322 210 419 
304 789 37 
732 607 227 
829 600 620 
708 940 97 
574 167 805 
921 213 847 
766 363 598 
693 633 921 
204 796 533 
647 367 548 
798 998 820 
151 709 973 
281 759 901 
866 371 232 
980 359 574 
258 449 103 
888 790 928 
783 738 905 
392 945 708 
287 622 412 
380 615 951 
264 755 965 
879 69 676 
77 65 563 
618 114 193 
115 629 22 
686 549 280 
588 462 323 
530 105 125 
866 630 153 
894 577 130 
790 20 674 
945 59 757 
286 877 687 
20 789 949 
861 433 83 
86 185 279 
78 377 524 
427 571 897 
760 732 776 
591 23 922 
52 820 365 
255 443 986 
791 893 574 
79 667 875 
591 399 303 
168 698 949 
437 178 534 
398 380 2 
683 43 594 
760 790 529 
845 991 160 
254 785 517 
149 25 75 
330 487 679 
789 114 851 
782 906 504 
259 375 185 
80 211 37 
734 537 279 
925 171 982 
601 713 575 
360 769 892 
109 338 596 
788 661 952 
975 55 663 
428 237 580 
219 734 204 
976 70 168 
534 785 903 
115 219 442 
720 962 44 
987 936 369 
234 92 117 
241 509 894 
886 75 785 
638 759 454 
34 15 830 
167 640 34 
578 644 229 
581 91 805 
100 486 76 
575 172 802 
741 166 97 
519 509 143 
948 2 205 
815 376 789 
840 499 910 
729 966 254 
899 532 472 
624 796 142 
862 833 980 
710 739 466 
412 28 114 
683 1 883 
42 767 84 
717 21 817 
754 274 222 
809 444 295 
393 470 281 
431 844 66 
38 609 843 
741 536 317 
642 694 217 
596 91 181 
846 187 351 
902 937 907 
401 403 154 
9 214 594 
424 341 873 
677 830 777 
171 980 168 
928 399 163 
92 56 100 
545 278 869 
419 335 980 
468 176 264 
528 433 54 
627 468 37 
667 10 311 
847 171 399 
230 294 216 
874 998 856 
870 833 725 
50 221 485 
880 317 31 
356 567 833 
922 256 229 
697 528 908 
300 330 193 
846 469 601 
42 878 620 
664 831 353 
130 989 148 
730 597 776 
921 734 930 
382 180 194 
587 206 448 
468 587 496 
378 810 165 
685 941 618 
213 399 860 
944 774 93 
828 125 3 
763 820 226 
721 820 749 
705 369 125 
19 172 180 
504 422 341 
463 801 746 
705 789 273 
177 266 332 
532 595 463 
767 361 692 
874 683 950 
820 438 190 
845 724 290 
665 415 675 
711 454 923 
496 826 60 
434 826 742 
319 291 419 
961 309 78 
436 497 844 
399 138 3 
590 193 230 
440 998 677 
466 61 221 
774 510 77 
453 121 283 
733 143 78 
879 475 807 
781 775 812 
541 176 283 
449 367 827 
850 317 905 
970 191 470 
527 200 731 
981 393 839 
602 572 477 
296 914 891 
387 776 77 
678 961 686 
87 383 87 
109 763 155 
837 842 193 
444 136 772 
722 987 259 
490 788 143 
