440 597 546 
369 69 278 
288 587 22 
530 560 218 
576 824 363 
665 590 360 
717 135 587 
691 154 514 
828 438 227 
855 179 186 
649 344 392 
876 10 858 
938 332 704 
642 179 516 
759 652 82 
215 159 952 
506 291 767 
337 560 260 
787 499 202 
751 4 641 
554 367 374 
960 698 368 
175 139 785 
878 722 651 
355 712 515 
355 895 271 
870 926 74 
685 824 869 
594 700 607 
273 149 52 
494 377 767 
535 808 337 
705 733 805 
191 999 920 
418 571 562 
323 619 522 
316 596 684 
639 83 106 
965 31 292 
509 875 175 
929 305 27 
68 797 918 
370 431 899 
960 104 555 
559 389 619 
356 260 280 
776 342 413 
426 324 119 
151 439 96 
258 635 428 
299 41 482 
787 945 758 
744 544 906 
774 491 916 
821 547 21 
507 539 716 
493 540 328 
979 637 548 
291 498 148 
792 23 115 
234 37 339 
515 700 445 
940 995 46 
673 746 35 
397 701 503 
194 39 845 
92 670 641 
474 214 148 
192 416 373 
637 68 647 
406 326 982 
548 774 210 
171 956 566 
726 448 405 
71 816 605 
768 899 517 
166 478 394 
702 484 886 
486 318 795 
881 550 267 
164 50 943 
62 827 21 
289 536 723 
627 621 859 
309 527 517 
243 983 265 
563 471 729 
196 371 792 
755 69 709 
964 130 954 
874 519 425 
741 272 752 
828 420 320 
443 736 999 
629 424 182 
709 319 191 
775 426 445 
293 209 737 
353 672 240 
946 454 748 
864 137 628 
623 654 27 
100 959 990 
389 807 894 
198 51 304 
815 850 929 
818 656 537 
25 492 155 
645 442 90 
907 728 554 
557 40 657 
288 466 630 
254 496 519 
728 780 276 
969 589 641 
587 780 700 
227 680 626 
602 57 570 
181 461 655 
171 799 379 
799 88 694 
316 914 364 
694 777 615 
225 430 943 
314 172 284 
612 598 340 
932 181 357 
687 675 225 
179 856 363 
734 827 856 
879 422 513 
920 918 421 
639 473 372 
466 843 473 
564 968 101 
907 538 799 
215 713 452 
28 997 336 
337 178 795 
679 498 403 
222 749 653 
943 595 719 
848 823 499 
371 506 127 
568 933 213 
838 521 643 
976 131 929 
670 857 54 
742 168 383 
855 446 956 
630 159 691 
822 828 250 
751 72 472 
558 715 630 
506 802 753 
888 837 86 
33 785 337 
803 240 672 
830 502 821 
835 115 758 
198 74 27 
159 727 399 
409 819 714 
384 139 813 
970 374 49 
969 265 966 
969 467 474 
546 523 378 
601 275 671 
697 246 172 
399 506 320 
878 398 335 
310 996 848 
463 137 626 
859 329 261 
447 851 31 
406 876 420 
82 615 520 
152 198 406 
89 24 754 
628 281 287 
279 584 883 
122 715 691 
96 892 736 
78 899 862 
421 487 317 
484 337 555 
677 714 527 
869 704 621 
883 509 449 
246 919 60 
125 897 914 
827 773 116 
38 827 321 
659 804 702 
550 456 6 
261 75 223 
929 876 78 
120 901 368 
446 70 315 
664 556 572 
722 545 787 
159 421 379 
313 303 140 
97 457 471 
838 286 567 
379 840 643 
455 417 877 
509 466 145 
905 19 430 
774 963 317 
936 222 879 
199 657 542 
518 293 298 
775 931 25 
605 333 522 
120 602 285 
870 443 235 
998 871 522 
893 337 383 
994 75 283 
976 262 592 
841 732 115 
153 234 871 
126 445 856 
189 529 706 
872 444 210 
197 834 694 
164 149 626 
165 166 852 
252 842 306 
251 791 781 
889 1 632 
107 121 32 
463 62 768 
389 966 903 
218 418 158 
648 511 577 
732 993 384 
399 345 722 
79 834 375 
0 294 289 
447 181 872 
110 239 96 
724 754 704 
206 417 326 
518 372 699 
442 393 667 
370 788 505 
566 307 918 
150 466 840 
684 149 130 
315 904 654 
943 873 636 
210 72 545 
556 603 348 
347 229 371 
17 637 486 
542 359 809 
673 868 975 
2 478 310 
929 477 549 
370 95 989 
125 306 644 
798 550 854 
967 283 399 
554 866 788 
645 490 434 
759 378 73 
698 54 725 
409 960 681 
59 541 812 
330 273 43 
281 999 533 
253 433 69 
921 494 33 
415 466 522 
598 582 667 
582 970 146 
121 518 191 
807 675 285 
15 899 665 
695 886 507 
813 483 220 
750 98 524 
403 41 111 
894 921 537 
40 462 618 
303 890 995 
142 413 689 
784 306 167 
232 939 710 
573 931 839 
698 757 724 
294 662 277 
97 667 100 
190 351 11 
836 788 877 
515 796 577 
895 61 866 
106 388 116 
352 994 687 
7 954 82 
55 315 846 
170 267 648 
17 960 102 
541 482 807 
826 40 173 
516 508 734 
359 386 660 
528 345 293 
576 990 187 
875 556 62 
294 839 696 
181 229 655 
61 622 137 
493 509 480 
944 642 614 
497 474 670 
491 297 527 
869 448 905 
552 315 463 
938 280 472 
132 850 687 
71 313 586 
172 56 583 
299 483 165 
610 174 330 
866 911 410 
396 429 292 
136 753 341 
836 131 235 
952 679 844 
988 580 434 
657 185 406 
423 61 341 
521 508 875 
435 431 568 
892 541 579 
152 968 826 
734 365 289 
487 696 6 
219 813 55 
866 167 786 
571 426 399 
327 450 471 
20 718 223 
784 587 461 
4 405 646 
355 289 549 
150 758 533 
152 950 855 
137 530 867 
283 708 925 
232 246 89 
801 838 694 
101 659 417 
473 436 960 
821 204 243 
756 743 858 
744 459 56 
389 629 450 
780 444 60 
219 49 584 
740 348 907 
316 586 803 
596 681 443 
416 393 548 
861 535 575 
541 246 656 
420 781 164 
997 219 506 
899 831 279 
817 565 669 
568 922 523 
67 348 529 
762 195 756 
30 857 114 
359 970 246 
33 37 204 
697 510 969 
391 49 415 
610 730 922 
939 43 277 
519 677 589 
378 956 61 
22 31 381 
749 547 111 
402 757 953 
151 180 579 
49 372 81 
659 650 415 
923 670 41 
297 814 34 
923 505 848 
478 843 359 
668 352 854 
788 511 525 
748 80 779 
645 137 168 
553 304 225 
594 929 849 
43 622 654 
525 852 507 
181 520 364 
466 371 973 
694 915 526 
103 648 547 
436 304 579 
311 856 357 
764 439 11 
261 825 745 
446 957 183 
681 174 777 
584 547 968 
664 866 21 
924 236 346 
139 367 941 
40 440 120 
362 964 293 
884 475 638 
378 68 701 
635 599 164 
299 547 565 
607 957 808 
93 446 600 
345 605 975 
794 500 667 
610 264 562 
887 975 86 
275 401 763 
561 795 676 
810 437 325 
22 86 151 
947 860 557 
342 128 583 
81 330 84 
685 928 233 
855 670 404 
642 49 540 
365 824 453 
525 514 645 
582 153 775 
48 90 322 
344 564 203 
700 804 959 
988 315 133 
796 345 411 
107 397 415 
777 528 160 
458 940 6 
460 309 646 
389 849 788 
653 441 170 
478 392 399 
728 319 592 
104 844 113 
470 911 112 
394 147 948 
754 824 423 
179 262 969 
633 567 743 
504 560 79 
114 145 36 
522 392 398 
532 919 878 
914 461 806 
186 642 307 
34 219 308 
663 759 341 
23 429 160 
992 554 993 
458 229 649 
254 141 997 
473 498 56 
173 821 185 
331 921 385 
997 216 884 
899 39 715 
537 138 589 
689 50 879 
175 492 170 
832 215 828 
385 251 725 
290 388 384 
356 654 374 
151 949 760 
79 264 573 
323 534 265 
478 341 846 
146 791 316 
27 788 481 
595 312 40 
775 393 791 
269 624 619 
908 201 621 
591 214 456 
545 41 658 
899 706 843 
589 975 299 
429 470 566 
555 693 367 
547 790 184 
62 583 237 
118 76 256 
588 907 32 
273 449 17 
25 901 964 
771 959 741 
431 453 589 
321 139 527 
333 923 340 
528 15 191 
114 575 200 
102 294 437 
243 130 973 
871 838 148 
508 639 548 
393 24 321 
426 251 696 
347 456 540 
770 246 967 
285 742 242 
977 628 283 
629 105 492 
212 683 512 
526 47 618 
185 310 386 
885 370 544 
50 816 407 
761 201 43 
37 986 587 
135 151 119 
629 925 329 
958 595 694 
855 251 517 
701 72 769 
109 913 109 
314 623 654 
448 679 325 
739 866 659 
254 151 933 
353 179 29 
43 279 590 
990 281 402 
375 965 532 
8 540 253 
102 325 548 
311 301 781 
264 376 937 
969 598 671 
223 716 780 
805 590 989 
317 596 989 
47 91 554 
952 267 42 
479 61 575 
389 385 135 
96 231 625 
910 603 143 
358 697 506 
73 528 514 
962 693 127 
732 32 31 
418 595 668 
306 451 879 
469 785 407 
903 460 380 
627 150 669 
3 314 429 
192 754 556 
349 614 209 
481 198 175 
727 395 577 
824 283 792 
303 529 462 
510 660 853 
472 522 84 
787 517 937 
64 817 884 
391 732 56 
380 174 760 
282 787 662 
49 984 973 
371 940 424 
253 900 694 
716 635 752 
979 838 906 
243 929 503 
861 406 784 
607 189 308 
728 302 273 
736 199 945 
355 660 53 
344 931 869 
982 237 466 
634 244 495 
589 323 990 
444 988 575 
474 701 238 
477 530 755 
467 60 45 
287 990 694 
693 447 420 
167 328 805 
757 411 805 
81 814 318 
445 711 945 
941 756 939 
682 89 802 
817 70 108 
851 945 186 
276 383 79 
117 396 166 
833 843 642 
636 561 536 
419 565 90 
837 618 93 
240 449 544 
598 344 295 
854 735 814 
368 726 422 
686 533 167 
906 10 572 
702 487 130 
860 17 862 
649 454 272 
784 108 490 
941 992 390 
931 922 234 
430 696 297 
308 82 848 
670 79 597 
841 353 538 
267 286 608 
531 558 658 
66 442 873 
725 61 133 
729 282 769 
658 84 834 
902 996 225 
769 719 604 
255 682 306 
283 954 10 
71 114 648 
646 758 215 
785 642 678 
508 629 392 
336 981 919 
841 858 902 
103 122 287 
415 550 877 
91 269 978 
547 93 742 
593 500 901 
384 163 851 
781 598 312 
544 827 232 
648 419 956 
374 137 90 
69 122 811 
783 587 551 
112 793 802 
537 127 13 
851 722 719 
26 6 398 
864 190 399 
788 678 575 
69 882 807 
850 53 484 
396 322 581 
352 68 165 
429 441 339 
169 96 781 
561 646 759 
453 903 584 
823 922 653 
364 369 438 
79 20 855 
430 742 585 
455 418 658 
820 640 733 
909 209 416 
232 827 416 
104 926 750 
89 423 915 
749 363 35 
934 172 378 
895 280 344 
331 94 575 
473 597 918 
980 929 29 
199 390 595 
861 730 792 
765 3 703 
542 976 394 
262 551 510 
447 223 279 
875 642 629 
548 963 551 
334 267 819 
520 358 375 
36 737 584 
477 427 95 
998 190 212 
342 352 650 
420 157 856 
837 901 648 
926 817 932 
298 632 560 
190 597 969 
340 377 744 
298 158 752 
579 567 887 
574 754 80 
277 228 796 
423 902 653 
247 545 362 
518 833 789 
536 19 53 
618 64 541 
273 598 952 
512 872 80 
485 960 25 
991 824 443 
594 772 978 
449 522 273 
821 121 762 
997 409 622 
439 584 56 
430 872 337 
799 954 734 
927 833 721 
572 707 961 
400 788 525 
980 284 860 
366 864 104 
299 970 77 
554 276 256 
871 351 958 
34 629 223 
717 63 833 
67 41 592 
692 803 504 
384 837 628 
99 308 990 
695 162 537 
660 940 381 
781 865 629 
376 110 143 
367 185 151 
106 355 385 
281 163 604 
509 830 973 
384 97 281 
54 33 320 
25 196 830 
730 571 33 
778 273 951 
916 542 546 
715 109 978 
981 148 645 
846 25 132 
920 303 744 
941 984 14 
641 475 927 
826 72 223 
865 573 366 
839 851 380 
414 715 28 
824 758 59 
758 578 142 
269 561 756 
648 746 605 
82 931 888 
161 678 126 
690 901 851 
894 467 776 
298 892 153 
431 712 958 
14 395 505 
288 387 589 
693 23 13 
849 832 722 
297 92 840 
61 467 868 
767 907 802 
315 201 463 
864 30 927 
663 261 952 
993 406 499 
694 83 765 
589 303 270 
501 0 690 
39 235 339 
36 37 400 
203 516 700 
356 447 461 
702 111 651 
216 73 203 
792 867 900 
865 71 505 
91 807 726 
575 522 515 
340 913 221 
839 110 503 
862 953 796 
687 336 349 
37 600 272 
137 743 928 
588 565 876 
123 28 741 
822 424 764 
180 514 409 
483 542 858 
312 998 523 
581 177 982 
123 665 216 
16 138 937 
799 83 778 
289 467 948 
815 814 676 
221 243 915 
575 412 775 
829 746 711 
578 800 356 
630 953 651 
110 889 355 
159 466 248 
248 397 958 
241 22 541 
997 940 943 
178 227 331 
850 410 978 
77 52 292 
830 698 531 
962 913 392 
167 158 19 
659 389 561 
202 732 218 
894 842 48 
616 782 362 
425 184 12 
243 602 228 
968 685 660 
367 753 183 
718 12 587 
955 937 704 
129 668 65 
85 708 252 
455 667 337 
943 355 389 
576 14 271 
838 8 744 
263 350 129 
588 389 349 
682 107 809 
930 944 637 
445 256 632 
147 566 158 
403 461 758 
913 912 167 
503 409 608 
820 954 381 
187 543 262 
483 784 402 
932 680 985 
966 878 440 
124 709 592 
411 798 839 
782 5 147 
615 653 87 
513 841 7 
343 10 114 
278 417 551 
484 97 664 
41 213 620 
62 435 107 
425 699 820 
590 957 909 
161 25 902 
213 663 847 
56 682 150 
990 287 476 
873 323 406 
223 545 842 
446 993 801 
191 314 690 
941 574 215 
719 508 779 
121 531 92 
247 681 219 
980 752 35 
484 244 300 
275 220 545 
898 831 17 
542 669 104 
929 332 229 
730 152 249 
748 259 224 
479 290 624 
664 739 789 
915 171 774 
832 673 235 
312 831 232 
466 872 476 
541 293 72 
353 387 302 
189 859 592 
604 669 368 
937 425 281 
165 670 447 
362 70 560 
656 208 282 
135 434 357 
921 88 307 
455 334 364 
278 93 179 
428 201 433 
214 175 66 
163 710 246 
670 79 505 
567 894 37 
710 325 159 
38 809 513 
812 534 513 
834 538 869 
314 791 472 
399 879 221 
353 371 440 
805 831 409 
219 716 381 
52 282 630 
345 832 17 
853 28 157 
523 59 15 
409 592 351 
773 403 277 
403 7 667 
112 108 184 
824 750 36 
157 986 402 
874 616 606 
180 936 26 
575 220 844 
58 809 418 
608 831 480 
60 725 37 
784 443 124 
264 646 178 
173 146 339 
923 424 618 
825 648 65 
804 854 763 
297 582 574 
347 655 54 
949 939 445 
446 361 369 
223 97 349 
16 838 549 
379 898 667 
149 393 797 
943 137 684 
432 719 468 
794 499 917 
130 689 441 
129 948 165 
675 598 90 
111 985 873 
147 441 463 
189 204 173 
483 650 995 
357 559 499 
790 446 447 
86 877 526 
96 87 337 
820 722 374 
191 798 772 
575 509 389 
635 776 232 
550 558 628 
360 250 281 
358 64 60 
620 922 965 
226 48 301 
859 621 581 
100 199 115 
787 418 820 
972 363 236 
781 601 192 
878 92 784 
592 352 421 
244 753 195 
522 450 762 
654 915 366 
639 381 665 
252 472 961 
560 522 695 
346 679 122 
596 512 253 
