21 998 734 
859 826 50 
521 408 354 
238 200 356 
522 629 836 
131 69 285 
698 193 724 
983 520 58 
583 193 360 
463 985 394 
15 289 530 
930 527 358 
935 851 952 
221 20 80 
30 183 169 
617 532 788 
242 376 790 
655 576 339 
844 672 749 
318 602 516 
709 836 796 
682 943 250 
583 12 491 
504 371 760 
342 285 477 
186 609 398 
800 593 72 
770 531 979 
734 365 566 
893 149 255 
822 442 995 
304 280 39 
928 883 554 
377 260 764 
341 236 933 
423 623 642 
6 655 508 
204 492 735 
253 727 626 
8 393 734 
612 832 631 
423 152 763 
654 581 328 
953 724 810 
660 500 122 
319 797 28 
592 705 197 
792 621 713 
929 979 815 
665 144 161 
545 286 605 
845 699 918 
0 401 482 
631 396 424 
536 938 465 
843 398 482 
193 262 950 
717 640 342 
126 678 220 
194 446 52 
460 187 403 
562 557 738 
668 20 568 
884 281 731 
247 716 91 
541 542 893 
950 564 574 
74 652 289 
724 333 547 
645 641 136 
422 428 523 
83 10 166 
288 690 302 
627 386 938 
238 322 814 
697 633 927 
799 207 149 
647 615 484 
133 369 46 
183 553 818 
899 697 339 
581 591 516 
722 845 505 
795 807 201 
876 839 349 
83 444 354 
302 476 767 
20 512 504 
689 944 670 
737 688 787 
850 499 782 
216 41 523 
157 90 303 
932 525 935 
609 280 440 
302 50 584 
294 789 989 
568 372 425 
201 666 176 
242 746 349 
144 834 124 
842 824 379 
971 74 665 
842 166 607 
759 996 842 
230 539 995 
450 302 479 
884 755 976 
57 689 350 
402 990 478 
455 594 328 
850 371 99 
674 348 942 
327 208 719 
410 994 259 
180 283 102 
66 851 520 
144 964 301 
348 103 154 
600 442 84 
602 288 567 
210 14 415 
105 771 682 
897 678 661 
724 478 63 
728 495 716 
723 316 271 
353 240 491 
561 554 876 
280 75 475 
698 883 78 
972 623 307 
300 331 84 
646 996 68 
367 528 475 
26 714 581 
180 264 357 
517 832 865 
646 291 313 
360 47 561 
520 485 816 
788 694 741 
931 744 784 
917 599 216 
219 722 636 
660 423 479 
286 391 993 
300 660 59 
56 640 423 
780 400 659 
448 678 381 
3 946 131 
263 409 767 
429 724 598 
823 644 724 
191 58 525 
134 202 375 
872 575 724 
429 748 98 
865 918 145 
907 71 100 
625 254 856 
843 491 741 
602 359 110 
838 396 134 
95 682 239 
501 671 282 
783 321 428 
541 332 108 
259 564 801 
832 870 334 
512 159 287 
943 656 496 
761 907 365 
70 247 737 
587 258 93 
162 598 177 
559 33 880 
673 977 524 
512 469 331 
353 491 143 
785 860 354 
669 573 628 
392 868 881 
254 286 441 
861 472 261 
807 649 720 
512 130 280 
29 307 722 
57 603 99 
451 187 4 
916 65 508 
650 209 633 
646 321 740 
235 550 257 
122 412 275 
9 185 207 
184 167 984 
715 229 548 
980 152 776 
340 571 243 
300 347 535 
657 291 315 
569 728 262 
690 582 401 
37 80 723 
234 189 223 
120 632 581 
595 612 745 
908 616 214 
464 580 491 
690 409 515 
825 104 804 
740 419 645 
390 313 59 
660 507 538 
905 389 569 
183 886 712 
141 373 705 
711 232 857 
703 837 732 
903 933 86 
833 165 426 
996 333 513 
144 475 599 
659 705 426 
604 760 149 
6 27 365 
697 413 811 
596 260 564 
484 702 852 
885 810 5 
710 281 542 
173 921 974 
384 670 171 
53 407 984 
342 267 288 
228 155 305 
733 283 670 
18 500 310 
737 784 41 
472 907 876 
790 988 377 
824 350 518 
76 347 257 
465 963 384 
849 885 375 
107 100 402 
108 674 554 
389 784 731 
366 14 100 
439 442 964 
479 363 498 
630 154 55 
483 983 574 
462 173 548 
490 376 842 
925 800 207 
867 109 951 
924 536 232 
587 597 900 
265 768 590 
764 597 542 
320 796 471 
446 914 274 
953 379 115 
974 331 948 
298 998 331 
54 338 225 
370 302 477 
945 31 11 
515 531 538 
474 183 579 
751 635 150 
128 68 929 
965 430 161 
239 287 915 
580 750 208 
833 605 163 
736 786 493 
125 687 394 
630 244 161 
158 998 549 
231 514 166 
178 226 760 
729 6 124 
589 484 198 
509 989 41 
675 878 247 
527 844 446 
427 897 473 
591 407 353 
466 604 209 
49 341 177 
407 542 863 
767 226 426 
778 587 337 
372 492 377 
746 310 712 
874 99 611 
774 255 167 
747 853 201 
764 716 473 
175 320 662 
992 547 108 
780 390 426 
153 2 784 
997 351 591 
341 288 477 
384 113 119 
946 374 283 
136 634 606 
30 161 996 
748 741 167 
480 83 871 
248 366 10 
339 734 705 
446 613 648 
635 696 701 
910 714 203 
25 793 40 
397 769 348 
64 311 616 
419 956 275 
914 359 628 
137 569 283 
473 806 90 
87 767 49 
172 310 0 
467 632 862 
558 475 988 
83 913 843 
210 920 182 
810 814 979 
240 767 28 
964 592 503 
999 402 280 
459 63 706 
158 801 530 
357 708 917 
555 740 155 
843 583 546 
392 428 828 
735 319 571 
532 301 220 
971 328 697 
961 815 584 
223 744 453 
174 130 874 
255 530 791 
697 584 248 
573 296 984 
606 155 18 
140 793 293 
359 957 887 
965 915 35 
888 858 401 
973 214 8 
670 528 555 
227 191 882 
513 105 628 
18 500 972 
94 398 620 
360 795 463 
359 135 387 
525 611 574 
379 19 409 
60 622 407 
101 831 739 
992 82 610 
906 404 514 
399 216 821 
555 493 443 
480 334 846 
679 466 408 
584 750 638 
483 854 254 
367 111 554 
372 231 826 
713 918 754 
575 43 86 
802 218 29 
563 535 98 
677 554 291 
591 593 105 
463 594 453 
716 245 92 
407 89 700 
279 96 21 
257 448 322 
689 713 862 
664 88 15 
853 463 55 
507 387 367 
559 842 651 
981 679 364 
192 769 713 
678 321 670 
303 396 75 
579 303 195 
340 686 818 
688 347 616 
66 361 614 
777 633 582 
635 176 671 
842 976 502 
659 700 190 
464 458 77 
223 48 950 
909 712 31 
277 919 210 
73 75 373 
259 364 290 
241 201 190 
149 962 647 
227 932 367 
760 624 18 
763 151 87 
554 613 673 
831 144 162 
427 254 748 
713 605 174 
320 395 48 
82 483 926 
827 356 439 
781 713 284 
236 117 455 
151 999 893 
849 121 502 
155 892 784 
346 735 510 
23 615 343 
314 163 887 
167 359 838 
490 674 688 
981 914 417 
54 624 227 
711 506 734 
376 927 487 
35 64 138 
211 791 128 
25 206 795 
266 443 596 
514 738 451 
261 834 857 
226 611 967 
851 708 219 
826 283 329 
124 995 615 
91 341 472 
934 247 763 
648 677 298 
256 736 313 
337 495 721 
46 109 44 
301 502 177 
1 60 30 
497 394 719 
226 873 466 
328 673 895 
231 100 627 
934 248 678 
383 376 414 
810 368 231 
744 810 783 
96 233 296 
533 348 829 
729 367 4 
201 298 804 
929 199 26 
954 686 57 
732 380 986 
437 143 968 
93 158 691 
164 527 859 
531 137 879 
865 353 856 
463 460 666 
657 554 210 
632 307 558 
288 550 469 
852 391 691 
939 232 350 
710 357 967 
659 170 601 
61 955 582 
944 873 566 
92 653 117 
281 691 314 
341 667 204 
213 531 409 
182 168 821 
205 382 990 
940 816 238 
329 657 928 
248 305 926 
221 848 239 
279 374 780 
815 339 817 
456 100 915 
47 650 5 
741 117 767 
997 629 119 
936 176 57 
815 108 962 
208 195 91 
306 558 349 
453 235 958 
939 941 883 
861 423 677 
380 62 873 
359 431 416 
520 309 361 
120 81 765 
774 316 390 
269 802 86 
207 375 87 
545 789 353 
248 947 771 
779 611 982 
560 926 493 
452 319 574 
16 151 0 
411 32 67 
623 138 947 
81 105 883 
942 720 343 
479 828 922 
156 383 217 
160 920 300 
261 611 15 
822 757 865 
60 531 987 
695 966 639 
917 681 197 
714 539 859 
422 643 826 
875 969 623 
141 374 388 
677 180 643 
408 185 405 
192 297 339 
646 63 915 
283 940 660 
784 900 749 
286 567 162 
338 279 150 
625 433 2 
464 771 159 
440 289 182 
515 591 630 
80 157 752 
609 247 437 
723 154 386 
920 929 730 
101 460 678 
673 269 805 
137 55 977 
17 321 256 
608 485 110 
312 69 963 
440 613 572 
339 840 476 
216 198 650 
60 906 697 
643 407 648 
126 517 159 
896 639 612 
957 223 268 
156 548 930 
372 9 764 
912 7 379 
611 578 834 
692 190 176 
124 399 37 
594 301 174 
556 855 711 
480 245 773 
980 797 91 
678 871 423 
626 220 295 
376 618 25 
29 290 723 
949 566 767 
834 436 340 
429 625 83 
208 493 612 
223 674 905 
616 979 209 
912 382 20 
597 839 557 
994 977 525 
390 229 527 
515 377 905 
636 38 964 
968 170 426 
476 547 372 
69 364 725 
28 318 482 
475 393 496 
505 204 492 
519 305 217 
889 621 915 
608 762 577 
376 43 591 
237 162 664 
450 442 226 
29 279 154 
415 779 905 
514 536 275 
24 682 273 
409 782 410 
946 892 240 
59 662 206 
818 856 158 
391 675 743 
645 472 552 
911 807 406 
884 7 930 
78 981 745 
559 503 234 
217 402 464 
344 710 756 
671 980 868 
474 259 675 
508 22 519 
821 9 819 
276 983 735 
711 793 760 
161 297 26 
652 303 785 
538 188 867 
711 814 838 
54 587 991 
416 596 92 
363 168 273 
516 1 599 
102 416 232 
925 636 694 
579 6 860 
423 210 121 
720 59 176 
825 378 708 
557 748 567 
115 335 240 
623 143 642 
438 11 92 
33 567 83 
271 791 580 
644 24 199 
250 651 544 
252 945 905 
98 350 781 
418 382 866 
93 107 896 
860 833 680 
167 796 489 
295 970 106 
401 724 869 
15 648 682 
689 593 304 
155 665 867 
376 188 168 
215 788 80 
305 753 398 
840 126 553 
670 611 634 
980 421 432 
978 32 887 
541 533 442 
487 450 277 
758 132 575 
566 418 273 
127 435 912 
659 944 240 
454 867 296 
153 107 659 
862 98 792 
422 81 840 
424 655 817 
668 845 443 
8 872 105 
11 389 442 
95 706 101 
349 284 973 
582 895 700 
744 225 158 
973 933 867 
19 378 599 
9 88 229 
461 405 181 
133 545 945 
382 903 408 
535 57 348 
581 314 356 
919 774 101 
51 73 952 
654 991 371 
807 991 762 
839 645 833 
942 668 211 
812 957 300 
997 304 123 
651 888 729 
584 534 559 
59 123 558 
619 482 312 
888 33 315 
313 58 309 
477 730 275 
620 454 942 
280 495 363 
920 367 323 
800 596 130 
605 520 547 
297 644 266 
661 764 447 
712 345 460 
413 229 240 
173 875 130 
928 307 399 
645 956 613 
900 238 737 
122 855 687 
347 14 717 
40 213 561 
759 269 104 
557 102 660 
803 315 161 
534 216 440 
854 658 232 
353 892 496 
348 784 486 
105 468 497 
332 16 789 
886 436 573 
35 322 654 
422 831 238 
268 394 617 
655 944 60 
358 784 232 
560 620 681 
29 741 707 
620 402 871 
206 47 439 
440 919 267 
588 226 888 
640 491 955 
957 187 462 
590 920 189 
896 858 4 
609 528 921 
659 457 119 
687 139 734 
947 973 659 
474 748 817 
59 651 827 
940 657 727 
715 607 248 
967 735 91 
211 921 203 
236 928 662 
487 41 863 
76 326 858 
241 121 429 
430 966 485 
118 472 974 
314 212 22 
25 995 601 
86 371 630 
436 149 335 
775 198 278 
636 971 419 
27 853 334 
157 770 409 
41 636 311 
35 811 987 
922 413 59 
460 725 557 
199 547 501 
762 932 439 
578 703 523 
581 284 669 
140 927 228 
632 938 842 
244 640 75 
173 148 183 
514 757 234 
850 698 437 
813 929 489 
171 774 128 
30 510 116 
440 857 619 
403 656 534 
807 975 172 
318 543 315 
376 162 227 
704 942 324 
305 860 427 
628 621 113 
968 139 918 
743 27 680 
820 528 254 
933 62 645 
175 229 632 
410 663 140 
873 922 31 
875 906 400 
563 150 658 
468 82 972 
95 655 678 
418 584 771 
206 213 726 
801 99 114 
504 336 32 
35 269 375 
114 705 59 
903 607 449 
599 200 891 
860 606 823 
237 526 568 
488 720 971 
468 638 653 
721 238 132 
110 726 230 
999 334 591 
442 98 284 
401 483 165 
757 328 253 
99 97 818 
479 423 670 
31 875 859 
985 272 624 
932 76 368 
146 661 17 
411 155 862 
388 90 747 
424 894 864 
739 0 590 
301 328 262 
362 164 106 
210 131 482 
204 594 686 
182 966 433 
15 912 141 
991 193 207 
893 265 240 
866 781 997 
695 610 664 
341 332 147 
372 685 265 
734 755 898 
367 716 455 
250 963 993 
779 354 274 
826 4 167 
425 52 270 
444 428 963 
595 997 592 
75 422 206 
437 639 918 
636 867 836 
78 789 69 
608 321 70 
171 333 602 
89 577 332 
314 969 125 
239 915 348 
502 16 153 
715 680 775 
889 745 724 
292 1 270 
739 905 398 
983 651 563 
501 515 747 
565 697 308 
472 449 291 
888 514 540 
168 884 289 
77 820 444 
505 874 116 
353 444 878 
353 303 518 
667 576 234 
284 192 695 
141 934 807 
482 902 828 
542 979 849 
884 399 72 
311 921 278 
199 851 359 
111 796 386 
75 986 163 
580 576 340 
936 163 252 
227 971 343 
145 509 74 
795 687 822 
615 832 598 
604 865 603 
25 312 598 
966 223 660 
381 584 804 
635 561 345 
508 130 770 
103 143 753 
262 622 887 
293 389 335 
478 229 466 
368 413 871 
653 4 671 
639 957 646 
373 227 571 
343 338 998 
681 986 94 
575 482 649 
592 413 643 
598 381 529 
287 63 469 
400 728 758 
532 540 721 
260 662 806 
993 130 108 
626 625 924 
691 526 87 
666 611 832 
787 796 165 
252 982 194 
166 471 395 
413 224 994 
782 102 392 
774 137 0 
458 257 805 
836 568 275 
693 210 706 
776 421 22 
487 57 258 
246 137 233 
836 631 975 
241 454 983 
476 648 559 
643 884 763 
984 429 39 
549 701 769 
486 835 257 
588 915 639 
433 914 141 
534 867 771 
416 968 192 
529 891 260 
212 840 771 
877 863 858 
85 645 83 
518 929 109 
541 124 842 
478 305 496 
9 439 975 
481 226 443 
690 213 718 
198 222 579 
311 996 841 
692 354 718 
210 166 591 
218 318 279 
388 829 890 
730 415 216 
507 321 66 
213 209 904 
513 428 146 
610 287 942 
643 626 6 
333 272 511 
766 558 621 
557 172 532 
173 68 244 
242 95 215 
818 941 33 
788 793 908 
317 171 902 
157 752 716 
999 53 617 
201 581 379 
95 197 377 
169 171 648 
3 808 876 
25 357 303 
769 839 886 
929 409 235 
994 584 942 
901 247 329 
816 825 474 
678 974 582 
384 537 848 
107 297 116 
960 94 478 
2 622 195 
667 353 898 
165 512 55 
173 28 185 
14 784 827 
