378 16 93 
822 691 764 
89 29 555 
460 549 467 
915 398 473 
23 470 991 
744 61 209 
657 943 28 
135 282 160 
624 892 193 
11 425 531 
679 339 248 
275 95 278 
136 804 3 
262 736 895 
221 910 540 
20 175 854 
235 749 872 
223 217 632 
316 90 665 
290 134 386 
518 302 556 
682 638 84 
647 177 684 
327 918 906 
480 239 526 
136 741 981 
56 535 48 
333 703 662 
840 5 788 
208 453 348 
264 161 497 
582 21 550 
790 92 682 
549 83 728 
393 108 694 
702 686 765 
231 238 302 
575 751 37 
537 616 900 
955 246 398 
170 624 658 
13 167 496 
725 426 971 
758 873 478 
49 996 95 
311 431 816 
768 368 974 
866 493 177 
806 401 851 
673 858 830 
798 479 563 
953 121 657 
731 495 455 
179 561 405 
802 401 324 
390 774 736 
749 808 248 
878 726 837 
152 658 320 
854 48 830 
478 785 712 
745 644 691 
832 769 875 
648 217 525 
756 631 200 
289 166 683 
968 930 734 
788 875 666 
818 813 45 
358 834 854 
565 842 771 
561 744 390 
233 521 947 
369 105 871 
725 436 528 
863 896 570 
27 223 994 
315 380 351 
44 40 510 
155 558 240 
902 678 284 
817 918 993 
298 387 766 
857 199 126 
225 943 905 
795 58 600 
37 904 817 
757 912 245 
69 269 680 
404 807 758 
944 766 841 
162 924 39 
210 254 17 
83 600 862 
984 11 832 
948 967 592 
180 696 731 
104 634 433 
783 309 36 
674 738 91 
433 903 407 
858 624 791 
542 329 861 
827 267 652 
745 828 504 
988 938 667 
676 117 84 
482 375 149 
690 968 129 
31 894 138 
806 783 864 
405 399 793 
414 447 801 
634 665 397 
338 616 47 
951 517 461 
674 448 364 
239 709 178 
861 755 54 
470 338 623 
389 9 977 
263 575 146 
60 718 479 
751 158 567 
810 400 436 
228 917 923 
907 235 846 
214 75 497 
763 332 7 
982 394 190 
160 496 918 
475 870 924 
867 418 514 
911 279 820 
763 354 77 
558 907 812 
791 740 437 
993 487 602 
293 865 442 
228 579 43 
674 749 950 
600 686 588 
522 492 568 
778 309 14 
227 848 931 
145 126 902 
140 420 682 
46 167 940 
332 751 670 
569 991 749 
229 909 905 
950 495 441 
800 424 832 
986 833 765 
65 200 141 
528 779 839 
937 706 59 
511 96 509 
750 366 55 
114 689 398 
148 101 912 
713 316 998 
465 879 480 
851 820 642 
531 904 969 
777 155 289 
870 457 633 
566 932 18 
518 437 149 
677 485 806 
516 363 735 
319 696 1 
54 712 966 
736 90 321 
499 441 314 
327 779 605 
832 365 945 
682 107 567 
835 305 329 
258 720 876 
705 200 777 
494 587 767 
338 675 773 
457 380 390 
98 382 904 
881 625 29 
257 423 920 
586 495 462 
434 649 76 
920 212 873 
532 32 768 
3 998 281 
164 962 841 
242 42 700 
765 494 101 
918 872 665 
989 175 641 
580 23 99 
420 913 980 
887 866 666 
651 828 397 
740 782 652 
261 961 510 
66 250 699 
300 638 430 
972 605 646 
606 378 105 
904 21 968 
369 219 997 
688 402 974 
67 933 338 
592 381 28 
182 230 467 
154 109 380 
256 376 917 
467 779 724 
976 392 118 
386 354 244 
458 471 34 
352 517 406 
243 257 769 
747 246 409 
682 148 973 
534 820 576 
166 668 559 
767 914 109 
912 786 745 
337 517 316 
812 9 828 
861 911 140 
480 735 817 
333 954 921 
257 324 440 
753 631 904 
612 574 132 
534 284 668 
446 19 377 
729 844 389 
278 508 83 
200 527 853 
539 453 923 
591 97 789 
96 386 297 
251 98 886 
311 719 591 
274 530 62 
386 945 415 
783 98 222 
669 705 86 
710 290 464 
727 668 626 
374 594 395 
678 910 328 
620 833 627 
820 727 794 
551 273 246 
510 80 934 
628 478 621 
214 885 953 
863 936 679 
534 634 728 
510 192 547 
264 686 253 
235 14 793 
877 993 803 
616 84 925 
726 198 396 
929 379 264 
266 466 619 
785 170 724 
400 138 98 
389 565 327 
289 527 185 
148 818 561 
230 126 249 
855 122 886 
616 253 873 
80 22 203 
941 954 749 
802 659 216 
350 997 691 
884 939 291 
68 10 49 
320 737 642 
328 723 140 
671 153 139 
54 916 899 
914 400 310 
665 651 281 
413 276 976 
876 476 176 
188 404 543 
517 936 168 
116 365 385 
517 699 93 
302 204 831 
553 967 410 
238 169 105 
525 21 514 
990 154 133 
898 625 256 
698 844 807 
600 945 852 
849 252 673 
839 534 321 
83 314 461 
522 724 862 
977 50 385 
477 53 198 
721 620 982 
485 798 764 
920 540 789 
806 112 266 
382 331 177 
181 325 317 
187 808 942 
670 469 786 
976 947 611 
283 672 204 
483 933 726 
507 737 829 
444 862 874 
28 955 858 
301 175 888 
390 29 47 
100 794 924 
822 489 795 
594 407 960 
876 115 752 
615 537 150 
647 719 147 
561 958 412 
123 930 28 
686 693 1 
362 605 299 
369 135 105 
610 693 800 
31 989 87 
31 167 501 
875 494 970 
138 979 264 
210 648 388 
133 449 824 
149 288 739 
274 495 55 
320 164 848 
383 721 154 
314 257 12 
594 80 164 
371 610 689 
16 366 768 
677 428 929 
718 460 789 
312 49 974 
940 470 620 
669 523 37 
526 902 699 
960 604 695 
885 165 284 
442 771 518 
383 80 250 
318 946 841 
287 888 378 
831 619 163 
913 818 836 
859 993 158 
777 617 452 
784 185 210 
62 584 729 
725 871 729 
409 117 417 
667 881 358 
186 538 85 
213 150 583 
826 416 277 
708 708 413 
612 93 141 
367 755 746 
332 18 83 
145 560 888 
953 392 432 
468 587 760 
488 379 749 
437 418 570 
912 106 902 
371 385 401 
55 73 426 
648 620 427 
599 327 656 
798 6 310 
335 314 836 
548 453 918 
704 882 180 
736 631 765 
353 957 811 
34 748 462 
344 669 99 
571 989 58 
594 866 803 
980 952 216 
862 603 257 
296 372 648 
52 561 86 
989 816 273 
51 815 272 
968 139 469 
607 31 311 
995 50 199 
467 375 905 
30 316 964 
282 565 188 
260 866 565 
775 953 608 
823 25 860 
0 570 654 
463 753 551 
445 286 292 
921 850 799 
153 697 798 
770 576 149 
846 356 168 
224 253 542 
735 805 687 
962 575 445 
691 773 201 
240 443 48 
297 992 75 
185 926 953 
68 718 396 
884 804 329 
960 427 252 
847 935 231 
726 211 539 
468 888 0 
164 479 257 
627 175 854 
79 974 741 
741 315 777 
682 889 690 
412 103 301 
640 447 239 
314 563 954 
724 460 497 
856 35 999 
791 702 402 
8 376 314 
444 32 614 
263 503 75 
176 764 683 
431 551 76 
566 536 487 
960 296 464 
527 960 65 
212 316 914 
522 177 144 
713 215 965 
819 470 214 
939 531 356 
124 638 150 
557 141 718 
441 242 837 
913 811 640 
816 688 955 
622 899 2 
402 51 45 
463 7 636 
853 722 366 
115 745 810 
340 459 800 
122 433 176 
773 859 602 
876 800 219 
641 67 698 
343 364 960 
262 756 151 
384 839 403 
639 788 1 
595 725 861 
568 185 706 
72 39 946 
757 705 94 
785 174 643 
699 611 118 
405 875 31 
70 161 893 
668 896 926 
924 99 773 
853 599 196 
828 176 295 
356 852 478 
372 891 102 
316 348 372 
930 413 1 
165 869 722 
630 790 564 
165 982 359 
807 751 777 
82 277 506 
27 272 327 
400 491 688 
780 826 893 
801 849 205 
852 648 314 
406 16 701 
498 158 359 
760 531 177 
180 49 786 
993 905 901 
314 719 193 
284 947 929 
671 744 119 
879 493 704 
273 392 786 
394 186 921 
842 383 249 
581 795 871 
902 281 938 
374 44 366 
560 711 601 
201 925 468 
203 151 71 
48 208 658 
519 115 130 
785 344 645 
573 779 781 
886 894 556 
189 377 794 
208 934 521 
953 876 539 
36 749 812 
27 932 331 
495 896 132 
332 734 952 
184 528 164 
692 53 240 
224 427 103 
742 277 314 
41 427 154 
698 415 701 
829 934 128 
355 355 935 
704 711 875 
630 977 255 
784 885 241 
295 317 922 
870 38 466 
761 358 459 
637 661 524 
205 988 803 
404 228 255 
916 792 583 
163 92 403 
963 608 475 
554 660 796 
168 83 227 
856 53 253 
780 8 979 
215 131 256 
867 540 795 
970 141 276 
139 572 713 
271 789 943 
408 402 651 
482 917 539 
672 108 126 
249 945 833 
617 245 526 
172 541 93 
665 826 574 
287 130 455 
108 795 652 
202 137 137 
344 67 357 
889 492 238 
112 889 911 
647 379 609 
459 980 59 
674 240 10 
627 477 249 
296 989 513 
573 352 940 
676 661 708 
137 594 389 
941 57 195 
760 742 639 
231 348 815 
435 13 463 
453 126 729 
605 775 217 
875 159 548 
809 612 786 
488 897 900 
641 190 365 
543 543 694 
814 382 541 
95 30 177 
812 456 634 
722 384 609 
79 149 690 
111 506 187 
392 276 96 
982 514 860 
599 591 964 
491 951 299 
659 909 929 
548 838 318 
178 100 811 
183 267 956 
50 522 241 
450 418 645 
964 713 870 
106 982 842 
492 87 562 
345 10 601 
470 722 549 
124 862 290 
991 725 814 
362 908 304 
756 342 66 
133 16 356 
354 989 185 
864 71 107 
606 741 738 
974 645 421 
495 347 635 
465 384 319 
889 292 12 
833 647 593 
108 62 648 
718 370 7 
601 560 478 
749 95 981 
278 68 844 
769 785 349 
774 736 376 
565 252 219 
313 835 590 
597 762 487 
848 837 495 
350 858 62 
992 658 103 
913 385 454 
536 92 847 
335 21 796 
12 174 199 
14 784 395 
253 620 284 
611 64 779 
803 497 85 
264 488 915 
959 27 926 
923 711 427 
368 974 617 
777 694 434 
356 777 88 
296 221 443 
594 49 568 
24 717 868 
741 248 453 
229 147 8 
100 746 892 
528 26 231 
380 299 791 
569 686 32 
367 647 45 
197 577 341 
397 195 860 
762 860 588 
695 754 152 
537 451 398 
981 440 990 
302 779 243 
719 96 458 
964 65 234 
411 476 471 
84 725 883 
354 553 721 
633 338 812 
370 699 878 
136 356 833 
121 983 456 
613 708 572 
521 742 866 
172 70 418 
443 398 660 
82 321 892 
736 303 897 
361 78 610 
470 882 232 
233 48 362 
38 894 563 
190 999 697 
712 975 730 
942 853 517 
307 809 761 
552 557 614 
880 418 896 
349 559 297 
832 578 469 
625 10 403 
679 757 379 
154 38 925 
310 162 246 
36 906 559 
998 73 830 
350 183 773 
858 219 946 
116 139 674 
899 708 682 
197 316 627 
691 188 135 
493 933 514 
268 570 730 
356 571 718 
196 748 367 
874 402 964 
360 641 742 
623 74 93 
61 793 871 
639 794 518 
686 389 807 
600 782 549 
9 674 587 
488 310 193 
339 66 750 
107 150 246 
300 439 888 
454 927 948 
165 760 625 
574 367 221 
467 443 799 
835 763 771 
62 290 163 
846 926 195 
783 887 106 
563 3 94 
614 88 118 
612 476 571 
63 183 677 
723 379 493 
561 515 264 
86 67 945 
882 506 91 
535 191 17 
609 494 64 
17 323 94 
262 170 315 
955 583 166 
816 370 716 
644 616 521 
640 35 895 
100 279 27 
438 219 128 
136 979 545 
833 184 568 
919 469 180 
299 975 709 
411 26 773 
456 873 112 
767 608 486 
920 854 667 
803 757 948 
74 104 244 
965 434 729 
951 555 140 
191 359 209 
523 202 525 
233 322 780 
725 393 511 
169 903 415 
208 979 259 
422 625 833 
153 625 543 
967 970 68 
51 417 214 
522 38 890 
787 544 718 
121 902 424 
354 234 906 
435 8 395 
122 854 488 
413 60 781 
533 746 237 
357 200 134 
483 226 512 
133 314 9 
658 908 438 
480 160 316 
754 770 321 
425 403 622 
414 130 869 
351 60 665 
592 39 539 
81 373 972 
506 671 467 
28 612 56 
480 749 459 
978 534 989 
231 336 557 
752 875 757 
726 512 229 
450 771 527 
432 970 337 
696 296 898 
535 931 697 
390 966 439 
764 7 580 
289 534 984 
222 19 479 
360 50 224 
508 466 262 
196 442 727 
937 833 120 
534 772 916 
951 674 37 
701 161 665 
552 933 555 
68 289 610 
696 514 298 
102 579 648 
469 326 544 
811 744 158 
288 182 323 
874 104 295 
678 335 301 
107 619 287 
733 522 645 
883 381 805 
588 588 635 
188 966 426 
311 388 52 
317 539 461 
182 514 572 
106 284 949 
971 50 610 
909 741 115 
638 453 611 
478 882 54 
695 949 168 
962 980 729 
375 11 824 
937 65 466 
393 4 822 
996 992 880 
65 422 871 
211 964 354 
603 958 234 
154 758 649 
873 528 676 
33 171 968 
775 166 359 
941 857 938 
521 256 165 
524 634 616 
107 786 469 
499 390 733 
920 258 716 
30 795 906 
465 487 648 
863 648 604 
663 307 744 
535 220 516 
198 187 543 
188 829 713 
168 426 983 
214 541 582 
246 518 18 
745 163 553 
44 306 762 
315 962 781 
144 922 376 
943 34 8 
153 644 804 
600 288 473 
203 118 531 
70 504 119 
709 875 657 
792 335 683 
381 162 482 
358 379 674 
587 56 360 
943 371 831 
803 469 194 
154 799 54 
352 748 292 
800 744 616 
834 522 585 
623 124 264 
49 388 765 
566 96 433 
809 760 287 
379 682 136 
252 719 870 
457 651 920 
897 384 898 
793 989 475 
673 236 642 
321 300 461 
539 257 726 
873 543 879 
76 800 624 
897 603 137 
652 936 423 
397 158 433 
33 875 193 
499 867 211 
640 195 411 
870 612 275 
427 538 106 
913 409 644 
216 843 496 
430 885 585 
137 480 658 
627 839 898 
433 593 646 
351 528 169 
735 286 634 
35 883 330 
178 753 137 
986 837 610 
654 290 795 
125 8 24 
161 579 895 
563 639 621 
96 164 241 
61 584 825 
180 528 41 
871 383 616 
820 853 499 
832 963 144 
616 441 265 
376 205 930 
393 609 947 
604 824 861 
359 107 776 
303 915 520 
194 955 128 
131 838 617 
898 278 874 
217 400 533 
133 208 782 
978 967 656 
297 565 335 
174 678 800 
760 316 743 
40 361 711 
539 39 640 
603 281 895 
314 946 841 
385 489 483 
343 795 634 
631 285 32 
834 127 379 
850 485 410 
198 43 171 
947 242 728 
824 798 453 
630 430 787 
938 135 800 
835 327 341 
501 591 996 
127 616 521 
407 937 608 
874 192 653 
217 730 486 
56 358 414 
989 128 376 
467 837 593 
848 216 24 
183 381 874 
855 29 867 
578 297 876 
864 273 954 
351 820 211 
564 99 420 
729 364 100 
99 176 203 
195 942 592 
183 4 354 
463 630 867 
165 371 591 
22 509 950 
437 358 809 
739 824 943 
98 280 401 
255 717 884 
34 635 168 
655 736 413 
854 17 847 
282 777 762 
552 455 579 
777 169 860 
129 977 833 
425 117 261 
230 301 934 
115 773 957 
582 862 790 
785 528 454 
353 154 691 
